# n_row: 16
# col                       real                       imag
    0    -5.9154490395349091E-02    -9.9151721288161826E-02
    1     1.3734220603814315E-01     2.4192832809569652E-02
    2    -3.0961956248141137E-01     1.6192516712550037E-01
    3    -2.0088942652941186E-01    -2.4149355405926445E-01
    4     2.2691446084021993E-01    -1.9133377275355187E-01
    5     9.1789911814041305E-03     3.1575891850067750E-01
    6    -8.6700045879665857E-02    -1.4507018136426783E-01
    7     1.2544614781084781E-01    -1.0001790608123751E-01
    8     1.5007295704819248E-01     2.0395422765896197E-02
    9    -1.4594037094037310E-01     1.2614347275479462E-01
   10    -4.5830502269729699E-03    -3.2534676136966545E-01
   11     2.7180639498596748E-01    -9.2836152147771425E-02
   12    -1.2533180780290465E-01    -2.7812492436947484E-01
   13     3.2302134987480330E-01     1.1443973967293816E-01
   14    -1.2571850369699838E-01     8.7942985664140452E-02
   15    -1.0475683658735095E-01    -1.0363957460403012E-01
