#                  time                       real
 2.8125000000000001E-02     1.2488125525725799E-02
 8.4374999999999992E-02     3.6834379514385965E-02
 1.4062500000000000E-01     6.0348720763603210E-02
 1.9687499999999999E-01     8.3040849286512383E-02
 2.5312499999999999E-01     1.0492046509624831E-01
 3.0937500000000001E-01     1.2599726820594578E-01
 3.6562499999999998E-01     1.4628095862873960E-01
 4.2187499999999994E-01     1.6578123637776460E-01
 4.7812499999999997E-01     1.8450780146615559E-01
 5.3437499999999993E-01     2.0247035390704743E-01
 5.9062499999999996E-01     2.1967859371357490E-01
 6.4687499999999987E-01     2.3614222089887285E-01
 7.0312499999999989E-01     2.5187093547607597E-01
 7.5937499999999991E-01     2.6687443745831924E-01
 8.1562499999999982E-01     2.8116242685873738E-01
 8.7187499999999984E-01     2.9474460369046523E-01
 9.2812499999999987E-01     3.0763066796663779E-01
 9.8437499999999989E-01     3.1983031970038955E-01
 1.0406249999999999E+00     3.3135325890485556E-01
 1.0968749999999998E+00     3.4220918559317043E-01
 1.1531250000000000E+00     3.5240779977846926E-01
 1.2093749999999999E+00     3.6195880147388659E-01
 1.2656249999999998E+00     3.7087189069255738E-01
 1.3218749999999999E+00     3.7915676744761656E-01
 1.3781249999999998E+00     3.8682313175219862E-01
 1.4343749999999997E+00     3.9388068361943879E-01
 1.4906249999999999E+00     4.0033912306247144E-01
 1.5468749999999998E+00     4.0620815009443173E-01
 1.6031249999999997E+00     4.1149746472845428E-01
 1.6593749999999998E+00     4.1621676697767412E-01
 1.7156249999999997E+00     4.2037575685522593E-01
 1.7718749999999999E+00     4.2398413437424437E-01
 1.8281249999999998E+00     4.2705159954786459E-01
 1.8843749999999997E+00     4.2958785238922115E-01
 1.9406249999999998E+00     4.3160259291144898E-01
 1.9968749999999997E+00     4.3310552112768297E-01
 2.0531250000000001E+00     4.3410633705105767E-01
 2.1093750000000000E+00     4.3461474069470812E-01
 2.1656249999999999E+00     4.3464043207176906E-01
 2.2218749999999998E+00     4.3419311119537529E-01
 2.2781250000000002E+00     4.3328247807866194E-01
 2.3343750000000001E+00     4.3191823273476337E-01
 2.3906250000000000E+00     4.3011007517681460E-01
 2.4468749999999999E+00     4.2786770541795016E-01
 2.5031249999999998E+00     4.2520082347130544E-01
 2.5593749999999997E+00     4.2211912935001500E-01
 2.6156250000000001E+00     4.1863232306721349E-01
 2.6718750000000000E+00     4.1475010463603579E-01
 2.7281249999999999E+00     4.1048217406961701E-01
 2.7843749999999998E+00     4.0583823138109132E-01
 2.8406249999999997E+00     4.0082797658359437E-01
 2.8968750000000001E+00     3.9546110969026033E-01
 2.9531250000000000E+00     3.8974733071422424E-01
 3.0093749999999999E+00     3.8369633966862082E-01
 3.0656249999999998E+00     3.7731783656658530E-01
 3.1218749999999997E+00     3.7062152142125204E-01
 3.1781249999999996E+00     3.6361709424575589E-01
 3.2343750000000000E+00     3.5631425505323161E-01
 3.2906249999999999E+00     3.4872270385681453E-01
 3.3468749999999998E+00     3.4085214066963909E-01
 3.4031249999999997E+00     3.3271226550484012E-01
 3.4593749999999996E+00     3.2431277837555245E-01
 3.5156250000000000E+00     3.1566337929491073E-01
 3.5718749999999999E+00     3.0677376827605007E-01
 3.6281249999999998E+00     2.9765364533210520E-01
 3.6843749999999997E+00     2.8831271047621093E-01
 3.7406249999999996E+00     2.7876066372150210E-01
 3.7968750000000000E+00     2.6900720508111320E-01
 3.8531249999999999E+00     2.5906203456817939E-01
 3.9093749999999998E+00     2.4893485219583567E-01
 3.9656249999999997E+00     2.3863535797721655E-01
 4.0218749999999996E+00     2.2817325192545676E-01
 4.0781250000000000E+00     2.1755823405369129E-01
 4.1343749999999995E+00     2.0680000437505519E-01
 4.1906249999999998E+00     1.9590826290268257E-01
 4.2468750000000002E+00     1.8489270964970894E-01
 4.3031249999999996E+00     1.7376304462926886E-01
 4.3593750000000000E+00     1.6252896785449705E-01
 4.4156249999999995E+00     1.5120017933852853E-01
 4.4718749999999998E+00     1.3978637909449806E-01
 4.5281250000000002E+00     1.2829726713554032E-01
 4.5843749999999996E+00     1.1674254347479035E-01
 4.6406250000000000E+00     1.0513190812538276E-01
 4.6968749999999995E+00     9.3475061100452575E-02
 4.7531249999999998E+00     8.1781702413134177E-02
 4.8093749999999993E+00     7.0061532076562974E-02
 4.8656249999999996E+00     5.8324250103873473E-02
 4.9218750000000000E+00     4.6579556508200476E-02
 4.9781249999999995E+00     3.4837151302678809E-02
 5.0343749999999998E+00     2.3106734500443427E-02
 5.0906249999999993E+00     1.1398006114628892E-02
 5.1468749999999996E+00    -2.7933384162971697E-04
 5.2031250000000000E+00    -1.1915585355197933E-02
 5.2593749999999995E+00    -2.3501048412940262E-02
 5.3156249999999998E+00    -3.5026023001722639E-02
 5.3718749999999993E+00    -4.6480809108409821E-02
 5.4281249999999996E+00    -5.7855706719867173E-02
 5.4843750000000000E+00    -6.9141015822959812E-02
 5.5406249999999995E+00    -8.0327036404552743E-02
 5.5968749999999998E+00    -9.1404068451511389E-02
 5.6531249999999993E+00    -1.0236241195070087E-01
 5.7093749999999996E+00    -1.1319236688898646E-01
 5.7656250000000000E+00    -1.2388423325323328E-01
 5.8218749999999995E+00    -1.3442831103030639E-01
 5.8781249999999998E+00    -1.4481490020707108E-01
 5.9343749999999993E+00    -1.5503430077039235E-01
 5.9906249999999996E+00    -1.6507681270713584E-01
 6.0468750000000000E+00    -1.7493273600416637E-01
 6.1031249999999995E+00    -1.8459237064834891E-01
 6.1593749999999998E+00    -1.9404601662654924E-01
 6.2156249999999993E+00    -2.0328397392563205E-01
 6.2718749999999996E+00    -2.1229654253246269E-01
 6.3281249999999991E+00    -2.2107402243390636E-01
 6.3843749999999995E+00    -2.2960671361682855E-01
 6.4406249999999998E+00    -2.3788491606809392E-01
 6.4968749999999993E+00    -2.4589892977456781E-01
 6.5531249999999996E+00    -2.5363905472311554E-01
 6.6093749999999991E+00    -2.6109559090060197E-01
 6.6656249999999995E+00    -2.6825883829389296E-01
 6.7218749999999998E+00    -2.7511909688985292E-01
 6.7781249999999993E+00    -2.8166666667534745E-01
 6.8343749999999996E+00    -2.8789184763724157E-01
 6.8906249999999991E+00    -2.9378493976240072E-01
 6.9468749999999995E+00    -2.9933624303769002E-01
 7.0031249999999998E+00    -3.0453605744997414E-01
 7.0593749999999993E+00    -3.0937468298611892E-01
 7.1156249999999996E+00    -3.1384241963298937E-01
 7.1718749999999991E+00    -3.1792956737745043E-01
 7.2281249999999995E+00    -3.2162642620636750E-01
 7.2843749999999998E+00    -3.2492329610660553E-01
 7.3406249999999993E+00    -3.2781047706502997E-01
 7.3968749999999996E+00    -3.3027826906850610E-01
 7.4531249999999991E+00    -3.3231697210389860E-01
 7.5093749999999995E+00    -3.3391688615807330E-01
 7.5656249999999998E+00    -3.3506831121789482E-01
 7.6218749999999993E+00    -3.3576154727022867E-01
 7.6781249999999996E+00    -3.3598689430194012E-01
 7.7343749999999991E+00    -3.3573465229989391E-01
 7.7906249999999995E+00    -3.3499512125095554E-01
 7.8468749999999998E+00    -3.3375860114198996E-01
 7.9031249999999993E+00    -3.3201539195986296E-01
 7.9593749999999996E+00    -3.2975579369143881E-01
 8.0156249999999982E+00    -3.2697010632358348E-01
 8.0718749999999986E+00    -3.2364862984316178E-01
 8.1281249999999989E+00    -3.1978166423703885E-01
 8.1843749999999993E+00    -3.1535950991075967E-01
 8.2406249999999979E+00    -3.1037755966798952E-01
 8.2968749999999982E+00    -3.0484898469777671E-01
 8.3531249999999986E+00    -2.9879083357953318E-01
 8.4093749999999989E+00    -2.9222015489267184E-01
 8.4656249999999993E+00    -2.8515399721660478E-01
 8.5218749999999979E+00    -2.7760940913074428E-01
 8.5781249999999982E+00    -2.6960343921450231E-01
 8.6343749999999986E+00    -2.6115313604729146E-01
 8.6906249999999989E+00    -2.5227554820852416E-01
 8.7468749999999993E+00    -2.4298772427761253E-01
 8.8031249999999979E+00    -2.3330671283396945E-01
 8.8593749999999982E+00    -2.2324956245700589E-01
 8.9156249999999986E+00    -2.1283332172613523E-01
 8.9718749999999989E+00    -2.0207503922076939E-01
 9.0281249999999993E+00    -1.9099176352032080E-01
 9.0843749999999979E+00    -1.7960054320420216E-01
 9.1406249999999982E+00    -1.6791842685182481E-01
 9.1968749999999986E+00    -1.5596246304260167E-01
 9.2531249999999989E+00    -1.4374970035594484E-01
 9.3093749999999975E+00    -1.3129718737126722E-01
 9.3656249999999979E+00    -1.1862197266798016E-01
 9.4218749999999982E+00    -1.0574110482549644E-01
 9.4781249999999986E+00    -9.2671632423228109E-02
 9.5343749999999989E+00    -7.9430604040587910E-02
 9.5906249999999975E+00    -6.6035068256988266E-02
 9.6468749999999979E+00    -5.2502073651840661E-02
 9.7031249999999982E+00    -3.8848668804557764E-02
 9.7593749999999986E+00    -2.5091902294552246E-02
 9.8156249999999989E+00    -1.1248822701235880E-02
 9.8718749999999975E+00     2.6635213959783407E-03
 9.9281249999999979E+00     1.6628081417678922E-02
 9.9843749999999982E+00     3.0627808784453321E-02
 1.0040624999999999E+01     4.4645654916888981E-02
 1.0096874999999999E+01     5.8664571235573892E-02
 1.0153124999999998E+01     7.2667509161095184E-02
 1.0209374999999998E+01     8.6637420114041255E-02
 1.0265624999999998E+01     1.0055725551499978E-01
 1.0321874999999999E+01     1.1440996678455811E-01
 1.0378124999999999E+01     1.2817850534330402E-01
 1.0434374999999998E+01     1.4184582261182485E-01
 1.0490624999999998E+01     1.5539487001070906E-01
 1.0546874999999998E+01     1.6880859896054420E-01
 1.0603124999999999E+01     1.8206996088191751E-01
 1.0659374999999999E+01     1.9516190719541704E-01
 1.0715624999999998E+01     2.0806738932163005E-01
 1.0771874999999998E+01     2.2076935868114497E-01
 1.0828124999999998E+01     2.3325076669454903E-01
 1.0884374999999999E+01     2.4549456478243001E-01
 1.0940624999999999E+01     2.5748370436537571E-01
 1.0996874999999998E+01     2.6920113686397323E-01
 1.1053124999999998E+01     2.8062981369881135E-01
 1.1109374999999998E+01     2.9175268629047724E-01
 1.1165624999999999E+01     3.0255270605955825E-01
 1.1221874999999999E+01     3.1301282442664269E-01
 1.1278124999999998E+01     3.2311599281231740E-01
 1.1334374999999998E+01     3.3284516263717101E-01
 1.1390624999999998E+01     3.4218328532179110E-01
 1.1446874999999999E+01     3.5111331228676484E-01
 1.1503124999999999E+01     3.5961819495268044E-01
 1.1559374999999998E+01     3.6768088474012489E-01
 1.1615624999999998E+01     3.7528433306968684E-01
 1.1671874999999998E+01     3.8241149136195335E-01
 1.1728124999999999E+01     3.8904531103751244E-01
 1.1784374999999999E+01     3.9516874351695175E-01
 1.1840624999999998E+01     4.0076474022085840E-01
 1.1896874999999998E+01     4.0581625256982112E-01
 1.1953124999999998E+01     4.1030623198442678E-01
 1.2009374999999999E+01     4.1421762988526362E-01
 1.2065624999999999E+01     4.1753339769291914E-01
 1.2121874999999998E+01     4.2023648682798082E-01
 1.2178124999999998E+01     4.2230984871103650E-01
 1.2234374999999998E+01     4.2373643476267397E-01
 1.2290624999999999E+01     4.2449938593770176E-01
 1.2346874999999999E+01     4.2459456187651867E-01
 1.2403124999999998E+01     4.2403835214634927E-01
 1.2459374999999998E+01     4.2284901126484103E-01
 1.2515624999999998E+01     4.2104479374964077E-01
 1.2571874999999999E+01     4.1864395411839517E-01
 1.2628124999999997E+01     4.1566474688875177E-01
 1.2684374999999998E+01     4.1212542657835732E-01
 1.2740624999999998E+01     4.0804424770485892E-01
 1.2796874999999998E+01     4.0343946478590315E-01
 1.2853124999999999E+01     3.9832933233913742E-01
 1.2909374999999997E+01     3.9273210488220867E-01
 1.2965624999999998E+01     3.8666603693276391E-01
 1.3021874999999998E+01     3.8014938300845014E-01
 1.3078124999999998E+01     3.7320039762691398E-01
 1.3134374999999999E+01     3.6583733530580315E-01
 1.3190624999999997E+01     3.5807845056276438E-01
 1.3246874999999998E+01     3.4994199791544417E-01
 1.3303124999999998E+01     3.4144623188149004E-01
 1.3359374999999998E+01     3.3260940697854885E-01
 1.3415624999999999E+01     3.2344977772426775E-01
 1.3471874999999997E+01     3.1398559863629383E-01
 1.3528124999999998E+01     3.0423512423227356E-01
 1.3584374999999998E+01     2.9421660902985419E-01
 1.3640624999999998E+01     2.8394830754668293E-01
 1.3696874999999999E+01     2.7344847430040653E-01
 1.3753124999999997E+01     2.6273536380867246E-01
 1.3809374999999998E+01     2.5182723058912715E-01
 1.3865624999999998E+01     2.4074232915941751E-01
 1.3921874999999998E+01     2.2949891403719108E-01
 1.3978124999999999E+01     2.1811523974009464E-01
 1.4034374999999997E+01     2.0660956078577553E-01
 1.4090624999999998E+01     1.9500013169187988E-01
 1.4146874999999998E+01     1.8330520697605535E-01
 1.4203124999999998E+01     1.7154304115594898E-01
 1.4259374999999999E+01     1.5973188874920721E-01
 1.4315624999999997E+01     1.4789000427347804E-01
 1.4371874999999998E+01     1.3603564224640746E-01
 1.4428124999999998E+01     1.2418705718564281E-01
 1.4484374999999998E+01     1.1236250360883122E-01
 1.4540624999999999E+01     1.0058023603361960E-01
 1.4596874999999997E+01     8.8858508977655348E-02
 1.4653124999999998E+01     7.7215576958584747E-02
 1.4709374999999998E+01     6.5669694494055214E-02
 1.4765624999999998E+01     5.4239116101713551E-02
 1.4821874999999999E+01     4.2942096299206915E-02
 1.4878124999999997E+01     3.1796889604182574E-02
 1.4934374999999998E+01     2.0821750534287052E-02
 1.4990624999999998E+01     1.0034933607167507E-02
 1.5046874999999998E+01    -5.4530665952914198E-04
 1.5103124999999999E+01    -1.0900715748155584E-02
 1.5159374999999997E+01    -2.1013039141064851E-02
 1.5215624999999998E+01    -3.0864022320610369E-02
 1.5271874999999998E+01    -4.0435410769144878E-02
 1.5328124999999998E+01    -4.9708949969021379E-02
 1.5384374999999999E+01    -5.8666385402592808E-02
 1.5440624999999997E+01    -6.7289462552211965E-02
 1.5496874999999998E+01    -7.5559926900232402E-02
 1.5553124999999998E+01    -8.3459523929006754E-02
 1.5609374999999998E+01    -9.0969999120888101E-02
 1.5665624999999999E+01    -9.8073097958229410E-02
 1.5721874999999997E+01    -1.0475056592338362E-01
 1.5778124999999998E+01    -1.1098414849870376E-01
 1.5834374999999998E+01    -1.1675559116654304E-01
 1.5890624999999998E+01    -1.2204663940925417E-01
 1.5946874999999999E+01    -1.2683903870919028E-01
 1.6003124999999997E+01    -1.3111453454870431E-01
 1.6059374999999999E+01    -1.3485487241014951E-01
 1.6115624999999998E+01    -1.3804179777587833E-01
 1.6171874999999996E+01    -1.4065705612824425E-01
 1.6228124999999999E+01    -1.4268239294960020E-01
 1.6284374999999997E+01    -1.4409955372229902E-01
 1.6340624999999999E+01    -1.4489028392869377E-01
 1.6396874999999998E+01    -1.4503758442825967E-01
 1.6453124999999996E+01    -1.4454393356793588E-01
 1.6509374999999999E+01    -1.4342716620815987E-01
 1.6565624999999997E+01    -1.4170553376372574E-01
 1.6621874999999999E+01    -1.3939728764942777E-01
 1.6678124999999998E+01    -1.3652067928006009E-01
 1.6734374999999996E+01    -1.3309396007041710E-01
 1.6790624999999999E+01    -1.2913538143529255E-01
 1.6846874999999997E+01    -1.2466319478948126E-01
 1.6903124999999999E+01    -1.1969565154777670E-01
 1.6959374999999998E+01    -1.1425100312497381E-01
 1.7015624999999996E+01    -1.0834750093586638E-01
 1.7071874999999999E+01    -1.0200339639524823E-01
 1.7128124999999997E+01    -9.5236940917914473E-02
 1.7184374999999999E+01    -8.8066385918658133E-02
 1.7240624999999998E+01    -8.0509982812274727E-02
 1.7296874999999996E+01    -7.2585983013557773E-02
 1.7353124999999999E+01    -6.4312637937300854E-02
 1.7409374999999997E+01    -5.5708198998299360E-02
 1.7465624999999999E+01    -4.6790917611346357E-02
 1.7521874999999998E+01    -3.7579045191237066E-02
 1.7578124999999996E+01    -2.8090833152765324E-02
 1.7634374999999999E+01    -1.8344532910724541E-02
 1.7690624999999997E+01    -8.3583958799101771E-03
 1.7746874999999999E+01     1.8493265248848700E-03
 1.7803124999999998E+01     1.2260382888865034E-02
 1.7859374999999996E+01     2.2856521797236688E-02
 1.7915624999999999E+01     3.3619491835206503E-02
 1.7971874999999997E+01     4.4531041587978847E-02
 1.8028124999999999E+01     5.5572919640760991E-02
 1.8084374999999998E+01     6.6726874578757311E-02
 1.8140624999999996E+01     7.7974654987174152E-02
 1.8196874999999999E+01     8.9298009451218283E-02
 1.8253124999999997E+01     1.0067868655609383E-01
 1.8309374999999996E+01     1.1209843488700755E-01
 1.8365624999999998E+01     1.2353900302916589E-01
 1.8421874999999996E+01     1.3498213956777302E-01
 1.8478124999999999E+01     1.4640959308803647E-01
 1.8534374999999997E+01     1.5780311217516055E-01
 1.8590624999999996E+01     1.6914444541435172E-01
 1.8646874999999998E+01     1.8041534139081630E-01
 1.8703124999999996E+01     1.9159754868975909E-01
 1.8759374999999999E+01     2.0267281589638711E-01
 1.8815624999999997E+01     2.1362289159590472E-01
 1.8871874999999996E+01     2.2442952437351849E-01
 1.8928124999999998E+01     2.3507446281443486E-01
 1.8984374999999996E+01     2.4553945550385839E-01
 1.9040624999999999E+01     2.5580625102699600E-01
 1.9096874999999997E+01     2.6585659796905237E-01
 1.9153124999999996E+01     2.7567224491523395E-01
 1.9209374999999998E+01     2.8523494045074727E-01
 1.9265624999999996E+01     2.9452643316079646E-01
 1.9321874999999999E+01     3.0352847163058905E-01
 1.9378124999999997E+01     3.1222280444532940E-01
 1.9434374999999996E+01     3.2059118019022387E-01
 1.9490624999999998E+01     3.2861534745047905E-01
 1.9546874999999996E+01     3.3627705481129960E-01
 1.9603124999999999E+01     3.4355805085789204E-01
 1.9659374999999997E+01     3.5044008417546157E-01
 1.9715624999999996E+01     3.5690490334921432E-01
 1.9771874999999998E+01     3.6293425696435655E-01
 1.9828124999999996E+01     3.6850989360609326E-01
 1.9884374999999999E+01     3.7361356185963096E-01
 1.9940624999999997E+01     3.7822701031017480E-01
 1.9996874999999996E+01     3.8233198754293080E-01
 2.0053124999999998E+01     3.8591024214310554E-01
 2.0109374999999996E+01     3.8894352269590365E-01
 2.0165624999999999E+01     3.9141357778653169E-01
 2.0221874999999997E+01     3.9330215600019502E-01
 2.0278124999999996E+01     3.9459100592209972E-01
 2.0334374999999998E+01     3.9526187613745156E-01
 2.0390624999999996E+01     3.9529651523145642E-01
 2.0446874999999999E+01     3.9467667178931981E-01
 2.0503124999999997E+01     3.9338791947949936E-01
 2.0559374999999996E+01     3.9143896705992232E-01
 2.0615624999999998E+01     3.8884717670983293E-01
 2.0671874999999996E+01     3.8562992566566284E-01
 2.0728124999999999E+01     3.8180459116384358E-01
 2.0784374999999997E+01     3.7738855044080732E-01
 2.0840624999999996E+01     3.7239918073298506E-01
 2.0896874999999998E+01     3.6685385927680791E-01
 2.0953124999999996E+01     3.6076996330870853E-01
 2.1009374999999999E+01     3.5416487006511743E-01
 2.1065624999999997E+01     3.4705595678246709E-01
 2.1121874999999996E+01     3.3946060069718875E-01
 2.1178124999999998E+01     3.3139617904571333E-01
 2.1234374999999996E+01     3.2288006906447342E-01
 2.1290624999999999E+01     3.1392964798989964E-01
 2.1346874999999997E+01     3.0456229305842458E-01
 2.1403124999999996E+01     2.9479538150647938E-01
 2.1459374999999998E+01     2.8464629057049479E-01
 2.1515624999999996E+01     2.7413239748690366E-01
 2.1571874999999999E+01     2.6327107949213635E-01
 2.1628124999999997E+01     2.5207971382262584E-01
 2.1684374999999996E+01     2.4057567771480282E-01
 2.1740624999999998E+01     2.2877634840509831E-01
 2.1796874999999996E+01     2.1669910312994511E-01
 2.1853124999999999E+01     2.0436131912577357E-01
 2.1909374999999997E+01     1.9178037362901665E-01
 2.1965624999999996E+01     1.7897364387610518E-01
 2.2021874999999998E+01     1.6595850710346990E-01
 2.2078124999999996E+01     1.5275234054754402E-01
 2.2134374999999999E+01     1.3937252144475742E-01
 2.2190624999999997E+01     1.2583642703154324E-01
 2.2246874999999996E+01     1.1216143454433236E-01
 2.2303124999999998E+01     9.8364921219555548E-02
 2.2359374999999996E+01     8.4464264293645952E-02
 2.2415624999999999E+01     7.0476841003033502E-02
 2.2471874999999997E+01     5.6420028584151322E-02
 2.2528124999999996E+01     4.2311204273430471E-02
 2.2584374999999998E+01     2.8167745307301234E-02
 2.2640624999999996E+01     1.4007028922197125E-02
 2.2696874999999999E+01    -1.5356764545190749E-04
 2.2753124999999997E+01    -1.4296667159212854E-02
 2.2809374999999996E+01    -2.8404892382654704E-02
 2.2865624999999998E+01    -4.2460866079347175E-02
 2.2921874999999996E+01    -5.6447211012856324E-02
 2.2978124999999999E+01    -7.0346549946752893E-02
 2.3034374999999997E+01    -8.4141505644603404E-02
 2.3090624999999996E+01    -9.7814700869977123E-02
 2.3146874999999998E+01    -1.1134875838644334E-01
 2.3203124999999996E+01    -1.2472630095756876E-01
 2.3259374999999999E+01    -1.3792995134692362E-01
 2.3315624999999997E+01    -1.5094233231807444E-01
 2.3371874999999996E+01    -1.6374606663459082E-01
 2.3428124999999998E+01    -1.7632377706004160E-01
 2.3484374999999996E+01    -1.8865808635799405E-01
 2.3540624999999999E+01    -2.0073161729201788E-01
 2.3596874999999997E+01    -2.1252699262567998E-01
 2.3653124999999996E+01    -2.2402683512254959E-01
 2.3709374999999998E+01    -2.3521376754619605E-01
 2.3765624999999996E+01    -2.4607041266018603E-01
 2.3821874999999999E+01    -2.5657939322808965E-01
 2.3878124999999997E+01    -2.6672333201347387E-01
 2.3934374999999996E+01    -2.7648485177990767E-01
 2.3990624999999998E+01    -2.8584657529096036E-01
 2.4046874999999996E+01    -2.9479112531019902E-01
 2.4103124999999999E+01    -3.0330112460119324E-01
 2.4159374999999997E+01    -3.1135919592751027E-01
 2.4215624999999996E+01    -3.1894796205271919E-01
 2.4271874999999998E+01    -3.2605004574038882E-01
 2.4328124999999996E+01    -3.3264806975408701E-01
 2.4384374999999999E+01    -3.3872465685738246E-01
 2.4440624999999997E+01    -3.4426242981384314E-01
 2.4496874999999996E+01    -3.4924401138703792E-01
 2.4553124999999998E+01    -3.5365203730760481E-01
 2.4609374999999996E+01    -3.5747659552892763E-01
 2.4665624999999999E+01    -3.6072769766622365E-01
 2.4721874999999997E+01    -3.6341864945057062E-01
 2.4778124999999996E+01    -3.6556275661304682E-01
 2.4834374999999998E+01    -3.6717332488473031E-01
 2.4890624999999996E+01    -3.6826365999669908E-01
 2.4946874999999999E+01    -3.6884706768003134E-01
 2.5003124999999997E+01    -3.6893685366580503E-01
 2.5059374999999996E+01    -3.6854632368509854E-01
 2.5115624999999998E+01    -3.6768878346898959E-01
 2.5171874999999996E+01    -3.6637753874855650E-01
 2.5228124999999995E+01    -3.6462589525487726E-01
 2.5284374999999997E+01    -3.6244715871902988E-01
 2.5340624999999996E+01    -3.5985463487209263E-01
 2.5396874999999998E+01    -3.5686162944514338E-01
 2.5453124999999996E+01    -3.5348144816926041E-01
 2.5509374999999995E+01    -3.4972739677552200E-01
 2.5565624999999997E+01    -3.4561278099500553E-01
 2.5621874999999996E+01    -3.4115090655878982E-01
 2.5678124999999998E+01    -3.3635507919795232E-01
 2.5734374999999996E+01    -3.3123860464357174E-01
 2.5790624999999995E+01    -3.2581478862672597E-01
 2.5846874999999997E+01    -3.2009693687849261E-01
 2.5903124999999996E+01    -3.1409835512995055E-01
 2.5959374999999998E+01    -3.0783234911217700E-01
 2.6015624999999996E+01    -3.0131222455625101E-01
 2.6071874999999995E+01    -2.9455128719325008E-01
 2.6128124999999997E+01    -2.8756284275425187E-01
 2.6184374999999996E+01    -2.8036019697033554E-01
 2.6240624999999998E+01    -2.7295665557257814E-01
 2.6296874999999996E+01    -2.6536552429205862E-01
 2.6353124999999995E+01    -2.5760010885985485E-01
 2.6409374999999997E+01    -2.4967371500704394E-01
 2.6465624999999996E+01    -2.4159964846470544E-01
 2.6521874999999998E+01    -2.3339121496391629E-01
 2.6578124999999996E+01    -2.2506172023575555E-01
 2.6634374999999995E+01    -2.1662447001130072E-01
 2.6690624999999997E+01    -2.0809277002162951E-01
 2.6746874999999996E+01    -1.9947992599782094E-01
 2.6803124999999998E+01    -1.9079924367095216E-01
 2.6859374999999996E+01    -1.8206402877210226E-01
 2.6915624999999995E+01    -1.7328758703234876E-01
 2.6971874999999997E+01    -1.6448322418276920E-01
 2.7028124999999996E+01    -1.5566424595444278E-01
 2.7084374999999998E+01    -1.4684395807844644E-01
 2.7140624999999996E+01    -1.3803566628585950E-01
 2.7196874999999995E+01    -1.2925267630775944E-01
 2.7253124999999997E+01    -1.2050829387522358E-01
 2.7309374999999996E+01    -1.1181582471933149E-01
 2.7365624999999998E+01    -1.0318857457115981E-01
 2.7421874999999996E+01    -9.4639849161787970E-02
 2.7478124999999995E+01    -8.6182954222293329E-02
 2.7534374999999997E+01    -7.7831195483753501E-02
 2.7590624999999996E+01    -6.9597878677247677E-02
 2.7646874999999998E+01    -6.1496309533852780E-02
 2.7703124999999996E+01    -5.3539793784648029E-02
 2.7759374999999995E+01    -4.5741637160711140E-02
 2.7815624999999997E+01    -3.8115145393119422E-02
 2.7871874999999996E+01    -3.0673624212952035E-02
 2.7928124999999998E+01    -2.3430379351286133E-02
 2.7984374999999996E+01    -1.6398716539200858E-02
 2.8040624999999995E+01    -9.5919415077735035E-03
 2.8096874999999997E+01    -3.0233599880820639E-03
 2.8153124999999996E+01     3.2937222887947093E-03
 2.8209374999999998E+01     9.3459995917795358E-03
 2.8265624999999996E+01     1.5120166189793408E-02
 2.8321874999999995E+01     2.0602916351758822E-02
 2.8378124999999997E+01     2.5780944346597993E-02
 2.8434374999999996E+01     3.0640944443231941E-02
 2.8490624999999998E+01     3.5169610910583474E-02
 2.8546874999999996E+01     3.9353638017573897E-02
 2.8603124999999995E+01     4.3179720033125271E-02
 2.8659374999999997E+01     4.6634799220723222E-02
 2.8715624999999996E+01     4.9714960304607939E-02
 2.8771874999999998E+01     5.2427883881011661E-02
 2.8828124999999996E+01     5.4781997931702180E-02
 2.8884374999999995E+01     5.6785730438447576E-02
 2.8940624999999997E+01     5.8447509383015871E-02
 2.8996874999999996E+01     5.9775762747174783E-02
 2.9053124999999998E+01     6.0778918512692570E-02
 2.9109374999999996E+01     6.1465404661336973E-02
 2.9165624999999995E+01     6.1843649174875996E-02
 2.9221874999999997E+01     6.1922080035077653E-02
 2.9278124999999996E+01     6.1709125223709860E-02
 2.9334374999999998E+01     6.1213212722540662E-02
 2.9390624999999996E+01     6.0442770513337914E-02
 2.9446874999999995E+01     5.9406226577869661E-02
 2.9503124999999997E+01     5.8112008897903786E-02
 2.9559374999999996E+01     5.6568545455208369E-02
 2.9615624999999998E+01     5.4784264231551145E-02
 2.9671874999999996E+01     5.2767593208700378E-02
 2.9728124999999995E+01     5.0526960368423864E-02
 2.9784374999999997E+01     4.8070793692489421E-02
 2.9840624999999996E+01     4.5407521162665346E-02
 2.9896874999999998E+01     4.2545570760719249E-02
 2.9953124999999996E+01     3.9493370468419414E-02
 3.0009374999999995E+01     3.6259348267533673E-02
 3.0065624999999997E+01     3.2851932139829718E-02
 3.0121874999999996E+01     2.9279550067075985E-02
 3.0178124999999998E+01     2.5550630031040019E-02
 3.0234374999999996E+01     2.1673600013490120E-02
 3.0290624999999995E+01     1.7656887996194172E-02
 3.0346874999999997E+01     1.3508921960919826E-02
 3.0403124999999996E+01     9.2381298894354813E-03
 3.0459374999999998E+01     4.8529397635086605E-03
 3.0515624999999996E+01     3.6177956490781801E-04
 3.0571874999999995E+01    -4.2269227245993451E-03
 3.0628124999999997E+01    -8.9047391232451242E-03
 3.0684374999999996E+01    -1.3663241649261040E-02
 3.0740624999999998E+01    -1.8494002320879676E-02
 3.0796874999999996E+01    -2.3388593156332505E-02
 3.0853124999999995E+01    -2.8338586173851758E-02
 3.0909374999999997E+01    -3.3335553391670013E-02
 3.0965624999999996E+01    -3.8371066828018434E-02
 3.1021874999999998E+01    -4.3436698501129842E-02
 3.1078124999999996E+01    -4.8524020429235586E-02
 3.1134374999999995E+01    -5.3624604630568083E-02
 3.1190624999999997E+01    -5.8730023123359572E-02
 3.1246874999999996E+01    -6.3831847925841539E-02
 3.1303124999999998E+01    -6.8921651056246661E-02
 3.1359374999999996E+01    -7.3991004532806326E-02
 3.1415624999999995E+01    -7.9031480373752919E-02
 3.1471874999999997E+01    -8.4034650597318752E-02
 3.1528124999999996E+01    -8.8992087221735225E-02
 3.1584374999999998E+01    -9.3895362265235052E-02
 3.1640624999999996E+01    -9.8736047746049604E-02
 3.1696874999999995E+01    -1.0350571568241129E-01
 3.1753124999999997E+01    -1.0819593809255237E-01
 3.1809374999999996E+01    -1.1279828699470432E-01
 3.1865624999999998E+01    -1.1730433440709978E-01
 3.1921874999999996E+01    -1.2170565234797026E-01
 3.1978124999999995E+01    -1.2599381283554792E-01
 3.2034374999999997E+01    -1.3016038788806525E-01
 3.2090625000000003E+01    -1.3419694952375413E-01
 3.2146875000000001E+01    -1.3809506976084593E-01
 3.2203125000000000E+01    -1.4184632061757321E-01
 3.2259374999999999E+01    -1.4544227411216795E-01
 3.2315624999999997E+01    -1.4887450226286225E-01
 3.2371875000000003E+01    -1.5213457708788844E-01
 3.2428125000000001E+01    -1.5521407060547790E-01
 3.2484375000000000E+01    -1.5810455483386299E-01
 3.2540624999999999E+01    -1.6079760179127575E-01
 3.2596874999999997E+01    -1.6328478349594824E-01
 3.2653125000000003E+01    -1.6555767196611282E-01
 3.2709375000000001E+01    -1.6760783922000075E-01
 3.2765625000000000E+01    -1.6942758801599389E-01
 3.2821874999999999E+01    -1.7101726531655267E-01
 3.2878124999999997E+01    -1.7238220162369791E-01
 3.2934375000000003E+01    -1.7352780170430124E-01
 3.2990625000000001E+01    -1.7445947032523421E-01
 3.3046875000000000E+01    -1.7518261225336837E-01
 3.3103124999999999E+01    -1.7570263225557542E-01
 3.3159374999999997E+01    -1.7602493509872696E-01
 3.3215625000000003E+01    -1.7615492554969453E-01
 3.3271875000000001E+01    -1.7609800837534981E-01
 3.3328125000000000E+01    -1.7585958834256438E-01
 3.3384374999999999E+01    -1.7544507021820976E-01
 3.3440624999999997E+01    -1.7485985876915769E-01
 3.3496875000000003E+01    -1.7410935876227954E-01
 3.3553125000000001E+01    -1.7319897496444728E-01
 3.3609375000000000E+01    -1.7213411214253227E-01
 3.3665624999999999E+01    -1.7092017506340615E-01
 3.3721874999999997E+01    -1.6956256849394055E-01
 3.3778125000000003E+01    -1.6806669720100686E-01
 3.3834375000000001E+01    -1.6643796595147703E-01
 3.3890625000000000E+01    -1.6468177951222257E-01
 3.3946874999999999E+01    -1.6280354265011499E-01
 3.4003124999999997E+01    -1.6080866013202594E-01
 3.4059375000000003E+01    -1.5870253672482670E-01
 3.4115625000000001E+01    -1.5649057719538947E-01
 3.4171875000000000E+01    -1.5417818631058564E-01
 3.4228124999999999E+01    -1.5177076883728668E-01
 3.4284374999999997E+01    -1.4927372954236426E-01
 3.4340625000000003E+01    -1.4669247319268963E-01
 3.4396875000000001E+01    -1.4403240455513514E-01
 3.4453125000000000E+01    -1.4129892839657190E-01
 3.4509374999999999E+01    -1.3849744948387166E-01
 3.4565624999999997E+01    -1.3563337258390593E-01
 3.4621875000000003E+01    -1.3271210246354601E-01
 3.4678125000000001E+01    -1.2973904388966426E-01
 3.4734375000000000E+01    -1.2671960162913182E-01
 3.4790624999999999E+01    -1.2365918044882029E-01
 3.4846874999999997E+01    -1.2056318511560138E-01
 3.4903125000000003E+01    -1.1743702039634626E-01
 3.4959375000000001E+01    -1.1428609105792728E-01
 3.5015625000000000E+01    -1.1111580186721572E-01
 3.5071874999999999E+01    -1.0793155759108308E-01
 3.5128124999999997E+01    -1.0473876299640104E-01
 3.5184375000000003E+01    -1.0154282285004076E-01
 3.5240625000000001E+01    -9.8349141918874700E-02
 3.5296875000000000E+01    -9.5163124969774027E-02
 3.5353124999999999E+01    -9.1990176769610410E-02
 3.5409374999999997E+01    -8.8835702085255291E-02
 3.5465625000000003E+01    -8.5705105683580043E-02
 3.5521875000000001E+01    -8.2603792331456954E-02
 3.5578125000000000E+01    -7.9537166795757286E-02
 3.5634374999999999E+01    -7.6510633843352605E-02
 3.5690624999999997E+01    -7.3529598241114588E-02
 3.5746875000000003E+01    -7.0599464755914387E-02
 3.5803125000000001E+01    -6.7725638154624401E-02
 3.5859375000000000E+01    -6.4913523204115836E-02
 3.5915624999999999E+01    -6.2168524671260245E-02
 3.5971874999999997E+01    -5.9496047322929346E-02
 3.6028125000000003E+01    -5.6901495925994278E-02
 3.6084375000000001E+01    -5.4390275247327438E-02
 3.6140625000000000E+01    -5.1967790053800013E-02
 3.6196874999999999E+01    -4.9639445112283638E-02
 3.6253124999999997E+01    -4.7410645189649853E-02
 3.6309374999999996E+01    -4.5286795052770404E-02
 3.6365625000000001E+01    -4.3273299468516505E-02
 3.6421875000000000E+01    -4.1375563203760325E-02
 3.6478124999999999E+01    -3.9598991025373204E-02
 3.6534374999999997E+01    -3.7948987700226720E-02
 3.6590624999999996E+01    -3.6430957995192526E-02
 3.6646875000000001E+01    -3.5050306677142033E-02
 3.6703125000000000E+01    -3.3812438512947171E-02
 3.6759374999999999E+01    -3.2722758269479381E-02
 3.6815624999999997E+01    -3.1786670713610285E-02
 3.6871874999999996E+01    -3.1008347040311003E-02
 3.6928125000000001E+01    -3.0386302342230262E-02
 3.6984375000000000E+01    -2.9917431591616875E-02
 3.7040624999999999E+01    -2.9598629627518733E-02
 3.7096874999999997E+01    -2.9426791288983858E-02
 3.7153124999999996E+01    -2.9398811415060108E-02
 3.7209375000000001E+01    -2.9511584844795533E-02
 3.7265625000000000E+01    -2.9762006417238057E-02
 3.7321874999999999E+01    -3.0146970971435649E-02
 3.7378124999999997E+01    -3.0663373346436290E-02
 3.7434374999999996E+01    -3.1308108381288002E-02
 3.7490625000000001E+01    -3.2078070915038656E-02
 3.7546875000000000E+01    -3.2970155786736233E-02
 3.7603124999999999E+01    -3.3981257835428699E-02
 3.7659374999999997E+01    -3.5108271900163995E-02
 3.7715624999999996E+01    -3.6348092819990144E-02
 3.7771875000000001E+01    -3.7697615433955250E-02
 3.7828125000000000E+01    -3.9153734581106950E-02
 3.7884374999999999E+01    -4.0713345100493403E-02
 3.7940624999999997E+01    -4.2373341831162481E-02
 3.7996874999999996E+01    -4.4130619612162275E-02
 3.8053125000000001E+01    -4.5982073282540906E-02
 3.8109375000000000E+01    -4.7924597681345868E-02
 3.8165624999999999E+01    -4.9955087647625365E-02
 3.8221874999999997E+01    -5.2070438020427448E-02
 3.8278124999999996E+01    -5.4267543638799987E-02
 3.8334375000000001E+01    -5.6543299341791281E-02
 3.8390625000000000E+01    -5.8894599968448605E-02
 3.8446874999999999E+01    -6.1318340357820411E-02
 3.8503124999999997E+01    -6.3811415348954514E-02
 3.8559374999999996E+01    -6.6370719780898896E-02
 3.8615625000000001E+01    -6.8993148492701939E-02
 3.8671875000000000E+01    -7.1675596323410848E-02
 3.8728124999999999E+01    -7.4414958112073964E-02
 3.8784374999999997E+01    -7.7208128697739270E-02
 3.8840624999999996E+01    -8.0052002919454662E-02
 3.8896875000000001E+01    -8.2943475616268511E-02
 3.8953125000000000E+01    -8.5879441627228090E-02
 3.9009374999999999E+01    -8.8856795791381671E-02
 3.9065624999999997E+01    -9.1872432947777277E-02
 3.9121874999999996E+01    -9.4923247935462807E-02
 3.9178125000000001E+01    -9.8006135593486671E-02
 3.9234375000000000E+01    -1.0111799076089600E-01
 3.9290624999999999E+01    -1.0425570827673919E-01
 3.9346874999999997E+01    -1.0741618298006420E-01
 3.9403124999999996E+01    -1.1059630970991904E-01
 3.9459375000000001E+01    -1.1379298330535198E-01
 3.9515625000000000E+01    -1.1700309860541019E-01
 3.9571874999999999E+01    -1.2022355044914215E-01
 3.9628124999999997E+01    -1.2345123367559573E-01
 3.9684374999999996E+01    -1.2668304312381889E-01
 3.9740625000000001E+01    -1.2991587363286006E-01
 3.9796875000000000E+01    -1.3314662004176636E-01
 3.9853124999999999E+01    -1.3637217718958616E-01
 3.9909374999999997E+01    -1.3958943991536743E-01
 3.9965624999999996E+01    -1.4279530305815807E-01
 4.0021875000000001E+01    -1.4598666145700662E-01
 4.0078125000000000E+01    -1.4916040995096003E-01
 4.0134374999999999E+01    -1.5231344337906683E-01
 4.0190624999999997E+01    -1.5544265658037482E-01
 4.0246874999999996E+01    -1.5854494439393216E-01
 4.0303125000000001E+01    -1.6161720165878710E-01
 4.0359375000000000E+01    -1.6465632321398677E-01
 4.0415624999999999E+01    -1.6765920389857969E-01
 4.0471874999999997E+01    -1.7062273855161370E-01
 4.0528124999999996E+01    -1.7354382201213678E-01
 4.0584375000000001E+01    -1.7641934911919721E-01
 4.0640625000000000E+01    -1.7924621471184238E-01
 4.0696874999999999E+01    -1.8202131362912044E-01
 4.0753124999999997E+01    -1.8474154071007956E-01
 4.0809374999999996E+01    -1.8740379079376754E-01
 4.0865625000000001E+01    -1.9000495871923267E-01
 4.0921875000000000E+01    -1.9254193932552233E-01
 4.0978124999999999E+01    -1.9501162745168482E-01
 4.1034374999999997E+01    -1.9741091793676799E-01
 4.1090624999999996E+01    -1.9973670561982004E-01
 4.1146875000000001E+01    -2.0198588533988887E-01
 4.1203125000000000E+01    -2.0415535193602224E-01
 4.1259374999999999E+01    -2.0624200024726816E-01
 4.1315624999999997E+01    -2.0824272511267475E-01
 4.1371874999999996E+01    -2.1015442137128981E-01
 4.1428125000000001E+01    -2.1197398386216176E-01
 4.1484375000000000E+01    -2.1369830742433785E-01
 4.1540624999999999E+01    -2.1532428689686633E-01
 4.1596874999999997E+01    -2.1684881711879528E-01
 4.1653124999999996E+01    -2.1826879292917267E-01
 4.1709375000000001E+01    -2.1958110916704657E-01
 4.1765625000000000E+01    -2.2078266067146457E-01
 4.1821874999999999E+01    -2.2187034228147487E-01
 4.1878124999999997E+01    -2.2284104883612546E-01
 4.1934374999999996E+01    -2.2369167517446417E-01
 4.1990625000000001E+01    -2.2441911613553922E-01
 4.2046875000000000E+01    -2.2502026655839824E-01
 4.2103124999999999E+01    -2.2549202128208942E-01
 4.2159374999999997E+01    -2.2583127514566062E-01
 4.2215624999999996E+01    -2.2603492298815983E-01
 4.2271875000000001E+01    -2.2609985964863505E-01
 4.2328125000000000E+01    -2.2602297996613427E-01
 4.2384374999999999E+01    -2.2580117877970549E-01
 4.2440624999999997E+01    -2.2543135092839647E-01
 4.2496874999999996E+01    -2.2491039125125536E-01
 4.2553125000000001E+01    -2.2423519458733004E-01
 4.2609375000000000E+01    -2.2340265577566853E-01
 4.2665624999999999E+01    -2.2240966965531872E-01
 4.2721874999999997E+01    -2.2125313106532873E-01
 4.2778124999999996E+01    -2.1992993484474641E-01
 4.2834375000000001E+01    -2.1843697583261951E-01
 4.2890625000000000E+01    -2.1677114886799639E-01
 4.2946874999999999E+01    -2.1492934878992490E-01
 4.3003124999999997E+01    -2.1290847043745292E-01
 4.3059374999999996E+01    -2.1070540864962845E-01
 4.3115625000000001E+01    -2.0831705826549915E-01
 4.3171875000000000E+01    -2.0574031412411364E-01
 4.3228124999999999E+01    -2.0297207106451948E-01
 4.3284374999999997E+01    -2.0000922392576462E-01
 4.3340624999999996E+01    -1.9684866754689723E-01
 4.3396875000000001E+01    -1.9348729676696469E-01
 4.3453125000000000E+01    -1.8992200642501572E-01
 4.3509374999999999E+01    -1.8614969136009810E-01
 4.3565624999999997E+01    -1.8216724641125964E-01
 4.3621874999999996E+01    -1.7797156641754830E-01
 4.3678125000000001E+01    -1.7355954621801156E-01
 4.3734375000000000E+01    -1.6892808065169848E-01
 4.3790624999999999E+01    -1.6407406455765641E-01
 4.3846874999999997E+01    -1.5899439277493341E-01
 4.3903124999999996E+01    -1.5368596014257729E-01
 4.3959375000000001E+01    -1.4814566149963551E-01
 4.4015625000000000E+01    -1.4237039168515733E-01
 4.4071874999999999E+01    -1.3635704553819006E-01
 4.4128124999999997E+01    -1.3010251789778157E-01
 4.4184374999999996E+01    -1.2360370360297993E-01
 4.4240625000000001E+01    -1.1685749749283215E-01
 4.4296875000000000E+01    -1.0986079440638800E-01
 4.4353124999999999E+01    -1.0261048918269455E-01
 4.4409374999999997E+01    -9.5103476660799768E-02
 4.4465624999999996E+01    -8.7336651679751631E-02
 4.4521875000000001E+01    -7.9306909078597068E-02
 4.4578125000000000E+01    -7.1011143696386086E-02
 4.4634374999999999E+01    -6.2446250372165633E-02
 4.4690624999999997E+01    -5.3609123944983648E-02
 4.4746874999999996E+01    -4.4496659253888161E-02
 4.4803125000000001E+01    -3.5105751137925890E-02
 4.4859375000000000E+01    -2.5433294436147183E-02
 4.4915624999999999E+01    -1.5476183987598835E-02
 4.4971874999999997E+01    -5.2313146313288155E-03
