#                  time                       real
 2.8125000000000001E-02    -1.4962489704498192E-03
 8.4374999999999992E-02    -4.3417631325515871E-03
 1.4062500000000000E-01    -6.9933189185417922E-03
 1.9687499999999999E-01    -9.4533403231631570E-03
 2.5312499999999999E-01    -1.1724251341158402E-02
 3.0937500000000001E-01    -1.3808475967270252E-02
 3.6562499999999998E-01    -1.5708438196241414E-02
 4.2187499999999994E-01    -1.7426562022814614E-02
 4.7812499999999997E-01    -1.8965271441732576E-02
 5.3437499999999993E-01    -2.0326990447738020E-02
 5.9062499999999996E-01    -2.1514143035573662E-02
 6.4687499999999987E-01    -2.2529153199982221E-02
 7.0312499999999989E-01    -2.3374444935706420E-02
 7.5937499999999991E-01    -2.4052442237488984E-02
 8.1562499999999982E-01    -2.4565569100072619E-02
 8.7187499999999984E-01    -2.4916249518200057E-02
 9.2812499999999987E-01    -2.5106907486614025E-02
 9.8437499999999989E-01    -2.5139967000057221E-02
 1.0406249999999999E+00    -2.5017852053272373E-02
 1.0968749999999998E+00    -2.4742986641002211E-02
 1.1531250000000000E+00    -2.4317794757989453E-02
 1.2093749999999999E+00    -2.3744700398976800E-02
 1.2656249999999998E+00    -2.3026127558706994E-02
 1.3218749999999999E+00    -2.2164500231922755E-02
 1.3781249999999998E+00    -2.1162242413366786E-02
 1.4343749999999997E+00    -2.0021778097781828E-02
 1.4906249999999999E+00    -1.8745531279910573E-02
 1.5468749999999998E+00    -1.7335925954495776E-02
 1.6031249999999997E+00    -1.5795386116280126E-02
 1.6593749999999998E+00    -1.4126335760006353E-02
 1.7156249999999997E+00    -1.2331198880417190E-02
 1.7718749999999999E+00    -1.0412399472255340E-02
 1.8281249999999998E+00    -8.3723615302635224E-03
 1.8843749999999997E+00    -6.2135090491844888E-03
 1.9406249999999998E+00    -3.9382660237609109E-03
 1.9968749999999997E+00    -1.5490564487355551E-03
 2.0531250000000001E+00     9.5169568114890823E-04
 2.1093750000000000E+00     3.5615663711497112E-03
 2.1656249999999999E+00     6.2781316265241704E-03
 2.2218749999999998E+00     9.0989674525295324E-03
 2.2781250000000002E+00     1.2021649854423113E-02
 2.3343750000000001E+00     1.5043754837462158E-02
 2.3906250000000000E+00     1.8162858406903969E-02
 2.4468749999999999E+00     2.1376536568005838E-02
 2.5031249999999998E+00     2.4682365326024979E-02
 2.5593749999999997E+00     2.8077920686218741E-02
 2.6156250000000001E+00     3.1560778653844421E-02
 2.6718750000000000E+00     3.5128515234159240E-02
 2.7281249999999999E+00     3.8778706432420471E-02
 2.7843749999999998E+00     4.2508928253885463E-02
 2.8406249999999997E+00     4.6316756703811413E-02
 2.8968750000000001E+00     5.0199767787455683E-02
 2.9531250000000000E+00     5.4155537510075485E-02
 3.0093749999999999E+00     5.8181641876928133E-02
 3.0656249999999998E+00     6.2275656893270900E-02
 3.1218749999999997E+00     6.6435158564361066E-02
 3.1781249999999996E+00     7.0657722895455924E-02
 3.2343750000000000E+00     7.4940925891812768E-02
 3.2906249999999999E+00     7.9282343558688836E-02
 3.3468749999999998E+00     8.3679551901341354E-02
 3.4031249999999997E+00     8.8130126925027752E-02
 3.4593749999999996E+00     9.2631644635005159E-02
 3.5156250000000000E+00     9.7181681036531034E-02
 3.5718749999999999E+00     1.0177781213486245E-01
 3.6281249999999998E+00     1.0641761393525684E-01
 3.6843749999999997E+00     1.1109866244297140E-01
 3.7406249999999996E+00     1.1581853366326343E-01
 3.7968750000000000E+00     1.2057480360139029E-01
 3.8531249999999999E+00     1.2536504826260914E-01
 3.9093749999999998E+00     1.3018684365217728E-01
 3.9656249999999997E+00     1.3503776577535206E-01
 4.0218749999999996E+00     1.3991539063739070E-01
 4.0781250000000000E+00     1.4481729424355053E-01
 4.1343749999999995E+00     1.4974105259908876E-01
 4.1906249999999998E+00     1.5468424170926273E-01
 4.2468750000000002E+00     1.5964443757932972E-01
 4.3031249999999996E+00     1.6461921621454698E-01
 4.3593750000000000E+00     1.6960615362017178E-01
 4.4156249999999995E+00     1.7460282580146141E-01
 4.4718749999999998E+00     1.7960680876367321E-01
 4.5281250000000002E+00     1.8461567851206442E-01
 4.5843749999999996E+00     1.8962701105189222E-01
 4.6406250000000000E+00     1.9463838238841402E-01
 4.6968749999999995E+00     1.9964736852688708E-01
 4.7531249999999998E+00     2.0465154547256867E-01
 4.8093749999999993E+00     2.0964848923071597E-01
 4.8656249999999996E+00     2.1463577580658649E-01
 4.9218750000000000E+00     2.1961098120543729E-01
 4.9781249999999995E+00     2.2457168143252576E-01
 5.0343749999999998E+00     2.2951545249310901E-01
 5.0906249999999993E+00     2.3443987039244457E-01
 5.1468749999999996E+00     2.3934251113578967E-01
 5.2031250000000000E+00     2.4422095072840155E-01
 5.2593749999999995E+00     2.4907276517553736E-01
 5.3156249999999998E+00     2.5389553048245445E-01
 5.3718749999999993E+00     2.5868682265441023E-01
 5.4281249999999996E+00     2.6344421769666188E-01
 5.4843750000000000E+00     2.6816529161446678E-01
 5.5406249999999995E+00     2.7284762041308191E-01
 5.5968749999999998E+00     2.7748878009776484E-01
 5.6531249999999993E+00     2.8208634667377286E-01
 5.7093749999999996E+00     2.8663789614636309E-01
 5.7656250000000000E+00     2.9114100452079289E-01
 5.8218749999999995E+00     2.9559324780231949E-01
 5.8781249999999998E+00     2.9999220199620036E-01
 5.9343749999999993E+00     3.0433544310769245E-01
 5.9906249999999996E+00     3.0862054714205323E-01
 6.0468750000000000E+00     3.1284509010454015E-01
 6.1031249999999995E+00     3.1700664800041006E-01
 6.1593749999999998E+00     3.2110279683492077E-01
 6.2156249999999993E+00     3.2513111261332905E-01
 6.2718749999999996E+00     3.2908917134089244E-01
 6.3281249999999991E+00     3.3297454902286810E-01
 6.3843749999999995E+00     3.3678482166451368E-01
 6.4406249999999998E+00     3.4051756527108606E-01
 6.4968749999999993E+00     3.4417035584784261E-01
 6.5531249999999996E+00     3.4774076940004067E-01
 6.6093749999999991E+00     3.5122638193293737E-01
 6.6656249999999995E+00     3.5462476945179028E-01
 6.7218749999999998E+00     3.5793350796185641E-01
 6.7781249999999993E+00     3.6115017346839318E-01
 6.8343749999999996E+00     3.6427234197665770E-01
 6.8906249999999991E+00     3.6729758949190755E-01
 6.9468749999999995E+00     3.7022349201939986E-01
 7.0031249999999998E+00     3.7304762556439169E-01
 7.0593749999999993E+00     3.7576756613214057E-01
 7.1156249999999996E+00     3.7838088972790390E-01
 7.1718749999999991E+00     3.8088517235693869E-01
 7.2281249999999995E+00     3.8327799002450230E-01
 7.2843749999999998E+00     3.8555691873585202E-01
 7.3406249999999993E+00     3.8771953449624513E-01
 7.3968749999999996E+00     3.8976341331093906E-01
 7.4531249999999991E+00     3.9168613118519069E-01
 7.5093749999999995E+00     3.9348526412425783E-01
 7.5656249999999998E+00     3.9515838813339738E-01
 7.6218749999999993E+00     3.9670307921786663E-01
 7.6781249999999996E+00     3.9811691338292310E-01
 7.7343749999999991E+00     3.9939746663382386E-01
 7.7906249999999995E+00     4.0054231497582632E-01
 7.8468749999999998E+00     4.0154903441418760E-01
 7.9031249999999993E+00     4.0241520095416516E-01
 7.9593749999999996E+00     4.0313839060101619E-01
 8.0156249999999982E+00     4.0371617935999787E-01
 8.0718749999999986E+00     4.0414614323636766E-01
 8.1281249999999989E+00     4.0442585823538285E-01
 8.1843749999999993E+00     4.0455290043239595E-01
 8.2406249999999979E+00     4.0452569847271069E-01
 8.2968749999999982E+00     4.0434565746120776E-01
 8.3531249999999986E+00     4.0401483165596291E-01
 8.4093749999999989E+00     4.0353527531505223E-01
 8.4656249999999993E+00     4.0290904269655164E-01
 8.5218749999999979E+00     4.0213818805853740E-01
 8.5781249999999982E+00     4.0122476565908516E-01
 8.6343749999999986E+00     4.0017082975627122E-01
 8.6906249999999989E+00     3.9897843460817140E-01
 8.7468749999999993E+00     3.9764963447286172E-01
 8.8031249999999979E+00     3.9618648360841829E-01
 8.8593749999999982E+00     3.9459103627291697E-01
 8.9156249999999986E+00     3.9286534672443391E-01
 8.9718749999999989E+00     3.9101146922104496E-01
 9.0281249999999993E+00     3.8903145802082595E-01
 9.0843749999999979E+00     3.8692736738185340E-01
 9.1406249999999982E+00     3.8470125156220292E-01
 9.1968749999999986E+00     3.8235516481995058E-01
 9.2531249999999989E+00     3.7989116141317236E-01
 9.3093749999999975E+00     3.7731129559994436E-01
 9.3656249999999979E+00     3.7461762163834245E-01
 9.4218749999999982E+00     3.7181219378644270E-01
 9.4781249999999986E+00     3.6889706630232100E-01
 9.5343749999999989E+00     3.6587429344405364E-01
 9.5906249999999975E+00     3.6274592946971629E-01
 9.6468749999999979E+00     3.5951402863738519E-01
 9.7031249999999982E+00     3.5618064520513609E-01
 9.7593749999999986E+00     3.5274783343104515E-01
 9.8156249999999989E+00     3.4921764757318835E-01
 9.8718749999999975E+00     3.4559214188964188E-01
 9.9281249999999979E+00     3.4187337063848128E-01
 9.9843749999999982E+00     3.3806338807778308E-01
 1.0040624999999999E+01     3.3416424846562276E-01
 1.0096874999999999E+01     3.3017800606007658E-01
 1.0153124999999998E+01     3.2610671511922074E-01
 1.0209374999999998E+01     3.2195242990113082E-01
 1.0265624999999998E+01     3.1771720466388320E-01
 1.0321874999999999E+01     3.1340309366555341E-01
 1.0378124999999999E+01     3.0901215116421793E-01
 1.0434374999999998E+01     3.0454643141795262E-01
 1.0490624999999998E+01     3.0000798868483336E-01
 1.0546874999999998E+01     2.9539887722293628E-01
 1.0603124999999999E+01     2.9072115129033715E-01
 1.0659374999999999E+01     2.8597686514511217E-01
 1.0715624999999998E+01     2.8116807304533753E-01
 1.0771874999999998E+01     2.7629682924908872E-01
 1.0828124999999998E+01     2.7136518801444215E-01
 1.0884374999999999E+01     2.6637520359947370E-01
 1.0940624999999999E+01     2.6132893026225928E-01
 1.0996874999999998E+01     2.5622842226087506E-01
 1.1053124999999998E+01     2.5107573385339688E-01
 1.1109374999999998E+01     2.4587291929790073E-01
 1.1165624999999999E+01     2.4062203285246270E-01
 1.1221874999999999E+01     2.3532512877515882E-01
 1.1278124999999998E+01     2.2998426132406505E-01
 1.1334374999999998E+01     2.2460148475725727E-01
 1.1390624999999998E+01     2.1917885333281162E-01
 1.1446874999999999E+01     2.1371842130880403E-01
 1.1503124999999999E+01     2.0822224294331057E-01
 1.1559374999999998E+01     2.0269237249440730E-01
 1.1615624999999998E+01     1.9713086422016995E-01
 1.1671874999999998E+01     1.9153977237867470E-01
 1.1728124999999999E+01     1.8592115122799757E-01
 1.1784374999999999E+01     1.8027705502621447E-01
 1.1840624999999998E+01     1.7460953803140156E-01
 1.1896874999999998E+01     1.6892065450163465E-01
 1.1953124999999998E+01     1.6321245869498976E-01
 1.2009374999999999E+01     1.5748700486954298E-01
 1.2065624999999999E+01     1.5174634728337016E-01
 1.2121874999999998E+01     1.4599254019454772E-01
 1.2178124999999998E+01     1.4022763786115111E-01
 1.2234374999999998E+01     1.3445369454125655E-01
 1.2290624999999999E+01     1.2867275524491087E-01
 1.2346874999999999E+01     1.2288624439356713E-01
 1.2403124999999998E+01     1.1709458468264901E-01
 1.2459374999999998E+01     1.1129810781020784E-01
 1.2515624999999998E+01     1.0549714547429564E-01
 1.2571874999999999E+01     9.9692029372964161E-02
 1.2628124999999997E+01     9.3883091204265370E-02
 1.2684374999999998E+01     8.8070662666250715E-02
 1.2740624999999998E+01     8.2255075456972054E-02
 1.2796874999999998E+01     7.6436661274481246E-02
 1.2853124999999999E+01     7.0615751816830066E-02
 1.2909374999999997E+01     6.4792678782070401E-02
 1.2965624999999998E+01     5.8967773868253741E-02
 1.3021874999999998E+01     5.3141368773432007E-02
 1.3078124999999998E+01     4.7313795195656955E-02
 1.3134374999999999E+01     4.1485384832980386E-02
 1.3190624999999997E+01     3.5656469383454306E-02
 1.3246874999999998E+01     2.9827380545130028E-02
 1.3303124999999998E+01     2.3998450016059568E-02
 1.3359374999999998E+01     1.8170009494294689E-02
 1.3415624999999999E+01     1.2342390677887163E-02
 1.3471874999999997E+01     6.5159252648889898E-03
 1.3528124999999998E+01     6.9094495335150427E-04
 1.3584374999999998E+01    -5.1322185586732821E-03
 1.3640624999999998E+01    -1.0953233573133594E-02
 1.3696874999999999E+01    -1.6771768391977710E-02
 1.3753124999999997E+01    -2.2587491317153600E-02
 1.3809374999999998E+01    -2.8400070650609881E-02
 1.3865624999999998E+01    -3.4209174694294624E-02
 1.3921874999999998E+01    -4.0014471750155996E-02
 1.3978124999999999E+01    -4.5815630120142260E-02
 1.4034374999999997E+01    -5.1612318106201482E-02
 1.4090624999999998E+01    -5.7404204010282199E-02
 1.4146874999999998E+01    -6.3190956134332510E-02
 1.4203124999999998E+01    -6.8972242780300536E-02
 1.4259374999999999E+01    -7.4747732250134646E-02
 1.4315624999999997E+01    -8.0517092845782817E-02
 1.4371874999999998E+01    -8.6279992869193564E-02
 1.4428124999999998E+01    -9.2036100622315029E-02
 1.4484374999999998E+01    -9.7785084407095352E-02
 1.4540624999999999E+01    -1.0352661252548290E-01
 1.4596874999999997E+01    -1.0926035327942553E-01
 1.4653124999999998E+01    -1.1498597497087198E-01
 1.4709374999999998E+01    -1.2070314590177020E-01
 1.4765624999999998E+01    -1.2641153437406849E-01
 1.4821874999999999E+01    -1.3211080868971500E-01
 1.4878124999999997E+01    -1.3780063715065788E-01
 1.4934374999999998E+01    -1.4348068805884556E-01
 1.4990624999999998E+01    -1.4915062971622620E-01
 1.5046874999999998E+01    -1.5481013042474800E-01
 1.5103124999999999E+01    -1.6045885848635913E-01
 1.5159374999999997E+01    -1.6609648220300771E-01
 1.5215624999999998E+01    -1.7172266987664234E-01
 1.5271874999999998E+01    -1.7733708980921098E-01
 1.5328124999999998E+01    -1.8293941030266186E-01
 1.5384374999999999E+01    -1.8852929965894330E-01
 1.5440624999999997E+01    -1.9410642618000329E-01
 1.5496874999999998E+01    -1.9967045816779039E-01
 1.5553124999999998E+01    -2.0522106392425263E-01
 1.5609374999999998E+01    -2.1075791175133832E-01
 1.5665624999999999E+01    -2.1628066995099554E-01
 1.5721874999999997E+01    -2.2178900682517261E-01
 1.5778124999999998E+01    -2.2728259067581780E-01
 1.5834374999999998E+01    -2.3276108980487933E-01
 1.5890624999999998E+01    -2.3822417251430528E-01
 1.5946874999999999E+01    -2.4367150710604407E-01
 1.6003124999999997E+01    -2.4910276188204367E-01
 1.6059374999999999E+01    -2.5451760514425281E-01
 1.6115624999999998E+01    -2.5991570519461898E-01
 1.6171874999999996E+01    -2.6529673033509082E-01
 1.6228124999999999E+01    -2.7066034886761681E-01
 1.6284374999999997E+01    -2.7600622909414468E-01
 1.6340624999999999E+01    -2.8133403931662304E-01
 1.6396874999999998E+01    -2.8664336792440881E-01
 1.6453124999999996E+01    -2.9193256344318691E-01
 1.6509374999999999E+01    -2.9719899686069051E-01
 1.6565624999999997E+01    -3.0244001264836529E-01
 1.6621874999999999E+01    -3.0765295527765929E-01
 1.6678124999999998E+01    -3.1283516922001858E-01
 1.6734374999999996E+01    -3.1798399894689083E-01
 1.6790624999999999E+01    -3.2309678892972288E-01
 1.6846874999999997E+01    -3.2817088363996155E-01
 1.6903124999999999E+01    -3.3320362754905403E-01
 1.6959374999999998E+01    -3.3819236512844691E-01
 1.7015624999999996E+01    -3.4313444084958739E-01
 1.7071874999999999E+01    -3.4802719918392272E-01
 1.7128124999999997E+01    -3.5286798460289942E-01
 1.7184374999999999E+01    -3.5765414157796488E-01
 1.7240624999999998E+01    -3.6238301458056554E-01
 1.7296874999999996E+01    -3.6705194808214869E-01
 1.7353124999999999E+01    -3.7165828655416172E-01
 1.7409374999999997E+01    -3.7619937446805096E-01
 1.7465624999999999E+01    -3.8067255629526386E-01
 1.7521874999999998E+01    -3.8507517650724687E-01
 1.7578124999999996E+01    -3.8940457957544722E-01
 1.7634374999999999E+01    -3.9365810997131229E-01
 1.7690624999999997E+01    -3.9783311216628831E-01
 1.7746874999999999E+01    -4.0192693063182305E-01
 1.7803124999999998E+01    -4.0593690983936270E-01
 1.7859374999999996E+01    -4.0986039426035481E-01
 1.7915624999999999E+01    -4.1369472836624632E-01
 1.7971874999999997E+01    -4.1743725662848374E-01
 1.8028124999999999E+01    -4.2108532351851469E-01
 1.8084374999999998E+01    -4.2463627350778554E-01
 1.8140624999999996E+01    -4.2808745106774371E-01
 1.8196874999999999E+01    -4.3143620066983612E-01
 1.8253124999999997E+01    -4.3467986678550941E-01
 1.8309374999999996E+01    -4.3781579388621078E-01
 1.8365624999999998E+01    -4.4084132644338753E-01
 1.8421874999999996E+01    -4.4375380892848593E-01
 1.8478124999999999E+01    -4.4655058581295365E-01
 1.8534374999999997E+01    -4.4922900156823720E-01
 1.8590624999999996E+01    -4.5178640066578374E-01
 1.8646874999999998E+01    -4.5422012757704028E-01
 1.8703124999999996E+01    -4.5652752677345371E-01
 1.8759374999999999E+01    -4.5870594272647125E-01
 1.8815624999999997E+01    -4.6075271990753952E-01
 1.8871874999999996E+01    -4.6266520278810558E-01
 1.8928124999999998E+01    -4.6444073583961654E-01
 1.8984374999999996E+01    -4.6607666353351929E-01
 1.9040624999999999E+01    -4.6757033034126094E-01
 1.9096874999999997E+01    -4.6891908073428823E-01
 1.9153124999999996E+01    -4.7012025918404821E-01
 1.9209374999999998E+01    -4.7117121016198821E-01
 1.9265624999999996E+01    -4.7206927813955457E-01
 1.9321874999999999E+01    -4.7281180758819480E-01
 1.9378124999999997E+01    -4.7339614297935562E-01
 1.9434374999999996E+01    -4.7381962878448414E-01
 1.9490624999999998E+01    -4.7407960947502725E-01
 1.9546874999999996E+01    -4.7417342952243186E-01
 1.9603124999999999E+01    -4.7409843339814511E-01
 1.9659374999999997E+01    -4.7385196557361398E-01
 1.9715624999999996E+01    -4.7343137052028522E-01
 1.9771874999999998E+01    -4.7283399270960585E-01
 1.9828124999999996E+01    -4.7205717661302321E-01
 1.9884374999999999E+01    -4.7109826670198385E-01
 1.9940624999999997E+01    -4.6995460744793505E-01
 1.9996874999999996E+01    -4.6862354332232359E-01
 2.0053124999999998E+01    -4.6710241879659647E-01
 2.0109374999999996E+01    -4.6538857834220076E-01
 2.0165624999999999E+01    -4.6347936643058335E-01
 2.0221874999999997E+01    -4.6137212753319129E-01
 2.0278124999999996E+01    -4.5906420612147159E-01
 2.0334374999999998E+01    -4.5655294666687091E-01
 2.0390624999999996E+01    -4.5383569364083670E-01
 2.0446874999999999E+01    -4.5090979151481547E-01
 2.0503124999999997E+01    -4.4777354611316050E-01
 2.0559374999999996E+01    -4.4443107777039864E-01
 2.0615624999999998E+01    -4.4088868167351969E-01
 2.0671874999999996E+01    -4.3715265679381543E-01
 2.0728124999999999E+01    -4.3322930210257732E-01
 2.0784374999999997E+01    -4.2912491657109769E-01
 2.0840624999999996E+01    -4.2484579917066767E-01
 2.0896874999999998E+01    -4.2039824887257871E-01
 2.0953124999999996E+01    -4.1578856464812336E-01
 2.1009374999999999E+01    -4.1102304546859242E-01
 2.1065624999999997E+01    -4.0610799030527822E-01
 2.1121874999999996E+01    -4.0104969812947239E-01
 2.1178124999999998E+01    -3.9585446791246620E-01
 2.1234374999999996E+01    -3.9052859862555184E-01
 2.1290624999999999E+01    -3.8507838924002047E-01
 2.1346874999999997E+01    -3.7951013872716444E-01
 2.1403124999999996E+01    -3.7383014605827525E-01
 2.1459374999999998E+01    -3.6804471020464408E-01
 2.1515624999999996E+01    -3.6216013013756326E-01
 2.1571874999999999E+01    -3.5618270482832398E-01
 2.1628124999999997E+01    -3.5011873324821863E-01
 2.1684374999999996E+01    -3.4397451436853832E-01
 2.1740624999999998E+01    -3.3775634716057462E-01
 2.1796874999999996E+01    -3.3147053059561987E-01
 2.1853124999999999E+01    -3.2512336364496502E-01
 2.1909374999999997E+01    -3.1872114527990253E-01
 2.1965624999999996E+01    -3.1227017447172378E-01
 2.2021874999999998E+01    -3.0577675019171990E-01
 2.2078124999999996E+01    -2.9924717141118362E-01
 2.2134374999999999E+01    -2.9268773710140567E-01
 2.2190624999999997E+01    -2.8610474623367860E-01
 2.2246874999999996E+01    -2.7950449777929370E-01
 2.2303124999999998E+01    -2.7289329070954227E-01
 2.2359374999999996E+01    -2.6627742399571680E-01
 2.2415624999999999E+01    -2.5966319660910814E-01
 2.2471874999999997E+01    -2.5305690752100896E-01
 2.2528124999999996E+01    -2.4646485570271037E-01
 2.2584374999999998E+01    -2.3989334012550373E-01
 2.2640624999999996E+01    -2.3334865976068164E-01
 2.2696874999999999E+01    -2.2683711357953479E-01
 2.2753124999999997E+01    -2.2036500055335587E-01
 2.2809374999999996E+01    -2.1393861965343605E-01
 2.2865624999999998E+01    -2.0756426985106660E-01
 2.2921874999999996E+01    -2.0124825011754027E-01
 2.2978124999999999E+01    -1.9499685942414771E-01
 2.3034374999999997E+01    -1.8881639674218142E-01
 2.3090624999999996E+01    -1.8271316104293273E-01
 2.3146874999999998E+01    -1.7669345129769309E-01
 2.3203124999999996E+01    -1.7076356647775481E-01
 2.3259374999999999E+01    -1.6492980555440889E-01
 2.3315624999999997E+01    -1.5919846749894775E-01
 2.3371874999999996E+01    -1.5357585128266271E-01
 2.3428124999999998E+01    -1.4806825587684522E-01
 2.3484374999999996E+01    -1.4268198025278750E-01
 2.3540624999999999E+01    -1.3742332338178070E-01
 2.3596874999999997E+01    -1.3229858423511717E-01
 2.3653124999999996E+01    -1.2731406178408816E-01
 2.3709374999999998E+01    -1.2247605499998519E-01
 2.3765624999999996E+01    -1.1779086285410056E-01
 2.3821874999999999E+01    -1.1326478431772530E-01
 2.3878124999999997E+01    -1.0890411836215171E-01
 2.3934374999999996E+01    -1.0471516395867120E-01
 2.3990624999999998E+01    -1.0070422007857527E-01
 2.4046874999999996E+01    -9.6877585693156076E-02
 2.4103124999999999E+01    -9.3241559773704796E-02
 2.4159374999999997E+01    -8.9802441291513671E-02
 2.4215624999999996E+01    -8.6566529217874083E-02
 2.4271874999999998E+01    -8.3540122524077623E-02
 2.4328124999999996E+01    -8.0729520181416270E-02
 2.4384374999999999E+01    -7.8141021161181448E-02
 2.4440624999999997E+01    -7.5780924434665164E-02
 2.4496874999999996E+01    -7.3655528973158885E-02
 2.4553124999999998E+01    -7.1771129023021074E-02
 2.4609374999999996E+01    -7.0131303393970779E-02
 2.4665624999999999E+01    -6.8732371123284300E-02
 2.4721874999999997E+01    -6.7569450940194731E-02
 2.4778124999999996E+01    -6.6637661573935025E-02
 2.4834374999999998E+01    -6.5932121753738041E-02
 2.4890624999999996E+01    -6.5447950208836869E-02
 2.4946874999999999E+01    -6.5180265668464452E-02
 2.5003124999999997E+01    -6.5124186861853769E-02
 2.5059374999999996E+01    -6.5274832518237749E-02
 2.5115624999999998E+01    -6.5627321366849428E-02
 2.5171874999999996E+01    -6.6176772136921691E-02
 2.5228124999999995E+01    -6.6918303557687575E-02
 2.5284374999999997E+01    -6.7847034358380146E-02
 2.5340624999999996E+01    -6.8958083268232162E-02
 2.5396874999999998E+01    -7.0246569016476801E-02
 2.5453124999999996E+01    -7.1707610332346877E-02
 2.5509374999999995E+01    -7.3336325945075401E-02
 2.5565624999999997E+01    -7.5127834583895520E-02
 2.5621874999999996E+01    -7.7077254978039911E-02
 2.5678124999999998E+01    -7.9179705856741861E-02
 2.5734374999999996E+01    -8.1430305949234047E-02
 2.5790624999999995E+01    -8.3824173984749492E-02
 2.5846874999999997E+01    -8.6356428692521484E-02
 2.5903124999999996E+01    -8.9022188801782601E-02
 2.5959374999999998E+01    -9.1816573041766159E-02
 2.6015624999999996E+01    -9.4734700141704722E-02
 2.6071874999999995E+01    -9.7771688830831566E-02
 2.6128124999999997E+01    -1.0092265783837971E-01
 2.6184374999999996E+01    -1.0418272589358185E-01
 2.6240624999999998E+01    -1.0754701172567134E-01
 2.6296874999999996E+01    -1.1101063406388072E-01
 2.6353124999999995E+01    -1.1456871163744310E-01
 2.6409374999999997E+01    -1.1821636317559182E-01
 2.6465624999999996E+01    -1.2194870740755931E-01
 2.6521874999999998E+01    -1.2576086306257903E-01
 2.6578124999999996E+01    -1.2964794886988346E-01
 2.6634374999999995E+01    -1.3360508355870582E-01
 2.6690624999999997E+01    -1.3762738585827938E-01
 2.6746874999999996E+01    -1.4170997449783657E-01
 2.6803124999999998E+01    -1.4584796820661083E-01
 2.6859374999999996E+01    -1.5003648571383468E-01
 2.6915624999999995E+01    -1.5427064574874130E-01
 2.6971874999999997E+01    -1.5854556704056408E-01
 2.7028124999999996E+01    -1.6285636831853523E-01
 2.7084374999999998E+01    -1.6719816831188841E-01
 2.7140624999999996E+01    -1.7156608574985599E-01
 2.7196874999999995E+01    -1.7595523936167126E-01
 2.7253124999999997E+01    -1.8036074787656750E-01
 2.7309374999999996E+01    -1.8477773002377704E-01
 2.7365624999999998E+01    -1.8920130453253339E-01
 2.7421874999999996E+01    -1.9362659013206904E-01
 2.7478124999999995E+01    -1.9804870555161719E-01
 2.7534374999999997E+01    -2.0246276952041120E-01
 2.7590624999999996E+01    -2.0686390076768335E-01
 2.7646874999999998E+01    -2.1124721802266727E-01
 2.7703124999999996E+01    -2.1560784001459538E-01
 2.7759374999999995E+01    -2.1994088547270080E-01
 2.7815624999999997E+01    -2.2424147312621692E-01
 2.7871874999999996E+01    -2.2850472170437605E-01
 2.7928124999999998E+01    -2.3272574993641187E-01
 2.7984374999999996E+01    -2.3689967655155655E-01
 2.8040624999999995E+01    -2.4102162027904370E-01
 2.8096874999999997E+01    -2.4508669984810619E-01
 2.8153124999999996E+01    -2.4909003398797669E-01
 2.8209374999999998E+01    -2.5302674142788867E-01
 2.8265624999999996E+01    -2.5689194089707451E-01
 2.8321874999999995E+01    -2.6068075112476741E-01
 2.8378124999999997E+01    -2.6438829084020082E-01
 2.8434374999999996E+01    -2.6800967877260690E-01
 2.8490624999999998E+01    -2.7154003365121926E-01
 2.8546874999999996E+01    -2.7497447420527055E-01
 2.8603124999999995E+01    -2.7830811916399367E-01
 2.8659374999999997E+01    -2.8153612980943366E-01
 2.8715624999999996E+01    -2.8465523615726118E-01
 2.8771874999999998E+01    -2.8766415793191469E-01
 2.8828124999999996E+01    -2.9056174309998173E-01
 2.8884374999999995E+01    -2.9334683962805080E-01
 2.8940624999999997E+01    -2.9601829548271014E-01
 2.8996874999999996E+01    -2.9857495863054723E-01
 2.9053124999999998E+01    -3.0101567703815069E-01
 2.9109374999999996E+01    -3.0333929867210824E-01
 2.9165624999999995E+01    -3.0554467149900799E-01
 2.9221874999999997E+01    -3.0763064348543828E-01
 2.9278124999999996E+01    -3.0959606259798672E-01
 2.9334374999999998E+01    -3.1143977680324186E-01
 2.9390624999999996E+01    -3.1316063406779143E-01
 2.9446874999999995E+01    -3.1475748235822348E-01
 2.9503124999999997E+01    -3.1622916964112635E-01
 2.9559374999999996E+01    -3.1757454388308781E-01
 2.9615624999999998E+01    -3.1879245305069620E-01
 2.9671874999999996E+01    -3.1988174511053935E-01
 2.9728124999999995E+01    -3.2084126802920537E-01
 2.9784374999999997E+01    -3.2166986977328249E-01
 2.9840624999999996E+01    -3.2236639830935859E-01
 2.9896874999999998E+01    -3.2292970160402185E-01
 2.9953124999999996E+01    -3.2335862762386020E-01
 3.0009374999999995E+01    -3.2365202433546186E-01
 3.0065624999999997E+01    -3.2380873970541474E-01
 3.0121874999999996E+01    -3.2382762170030710E-01
 3.0178124999999998E+01    -3.2370751828672684E-01
 3.0234374999999996E+01    -3.2344727743126211E-01
 3.0290624999999995E+01    -3.2304574710050094E-01
 3.0346874999999997E+01    -3.2250177526103135E-01
 3.0403124999999996E+01    -3.2181420987944154E-01
 3.0459374999999998E+01    -3.2098189892231949E-01
 3.0515624999999996E+01    -3.2000369035625320E-01
 3.0571874999999995E+01    -3.1887843214783085E-01
 3.0628124999999997E+01    -3.1760497226364032E-01
 3.0684374999999996E+01    -3.1618215867026994E-01
 3.0740624999999998E+01    -3.1460883933430756E-01
 3.0796874999999996E+01    -3.1288386222234149E-01
 3.0853124999999995E+01    -3.1100607530095953E-01
 3.0909374999999997E+01    -3.0897432653674983E-01
 3.0965624999999996E+01    -3.0678746389630052E-01
 3.1021874999999998E+01    -3.0444433534619952E-01
 3.1078124999999996E+01    -3.0194378885303513E-01
 3.1134374999999995E+01    -2.9928467238339529E-01
 3.1190624999999997E+01    -2.9646583390386783E-01
 3.1246874999999996E+01    -2.9348612138104135E-01
 3.1303124999999998E+01    -2.9034438278150326E-01
 3.1359374999999996E+01    -2.8703946607184222E-01
 3.1415624999999995E+01    -2.8357021921864606E-01
 3.1471874999999997E+01    -2.7993549018850261E-01
 3.1528124999999996E+01    -2.7613412694800044E-01
 3.1584374999999998E+01    -2.7216497746372703E-01
 3.1640624999999996E+01    -2.6802688970227101E-01
 3.1696874999999995E+01    -2.6371871163022015E-01
 3.1753124999999997E+01    -2.5923929121416234E-01
 3.1809374999999996E+01    -2.5458747642068602E-01
 3.1865624999999998E+01    -2.4976211521637889E-01
 3.1921874999999996E+01    -2.4476205556782943E-01
 3.1978124999999995E+01    -2.3958614544162554E-01
 3.2034374999999997E+01    -2.3423323280435496E-01
 3.2090625000000003E+01    -2.2870216562260545E-01
 3.2146875000000001E+01    -2.2299179186296653E-01
 3.2203125000000000E+01    -2.1710095949202535E-01
 3.2259374999999999E+01    -2.1102851647636997E-01
 3.2315624999999997E+01    -2.0477331078258854E-01
 3.2371875000000003E+01    -1.9833419037726818E-01
 3.2428125000000001E+01    -1.9171000322699877E-01
 3.2484375000000000E+01    -1.8489959729836747E-01
 3.2540624999999999E+01    -1.7790182055796228E-01
 3.2596874999999997E+01    -1.7071552097237133E-01
 3.2653125000000003E+01    -1.6333954650818180E-01
 3.2709375000000001E+01    -1.5577274513198350E-01
 3.2765625000000000E+01    -1.4801450752223280E-01
 3.2821874999999999E+01    -1.4007019869044685E-01
 3.2878124999999997E+01    -1.3194888486268883E-01
 3.2934375000000003E+01    -1.2365968742062713E-01
 3.2990625000000001E+01    -1.1521172774593358E-01
 3.3046875000000000E+01    -1.0661412722027649E-01
 3.3103124999999999E+01    -9.7876007225325412E-02
 3.3159374999999997E+01    -8.9006489142750000E-02
 3.3215625000000003E+01    -8.0014694354218499E-02
 3.3271875000000001E+01    -7.0909744241402853E-02
 3.3328125000000000E+01    -6.1700760185971280E-02
 3.3384374999999999E+01    -5.2396863569593499E-02
 3.3440624999999997E+01    -4.3007175773938935E-02
 3.3496875000000003E+01    -3.3540818180675933E-02
 3.3553125000000001E+01    -2.4006912171476436E-02
 3.3609375000000000E+01    -1.4414579128008738E-02
 3.3665624999999999E+01    -4.7729404319424816E-03
 3.3721874999999997E+01     4.9088825350529896E-03
 3.3778125000000003E+01     1.4621768391309273E-02
 3.3834375000000001E+01     2.4356595755154281E-02
 3.3890625000000000E+01     3.4104243244919813E-02
 3.3946874999999999E+01     4.3855589478936419E-02
 3.4003124999999997E+01     5.3601513075534471E-02
 3.4059375000000003E+01     6.3332892653045619E-02
 3.4115625000000001E+01     7.3040606829797974E-02
 3.4171875000000000E+01     8.2715534224123213E-02
 3.4228124999999999E+01     9.2348553454351723E-02
 3.4284374999999997E+01     1.0193054313881406E-01
 3.4340625000000003E+01     1.1145238189584192E-01
 3.4396875000000001E+01     1.2090494834376325E-01
 3.4453125000000000E+01     1.3027912110090986E-01
 3.4509374999999999E+01     1.3956577878561219E-01
 3.4565624999999997E+01     1.4875580001620062E-01
 3.4621875000000003E+01     1.5784006341100676E-01
 3.4678125000000001E+01     1.6680944758835892E-01
 3.4734375000000000E+01     1.7565483116658856E-01
 3.4790624999999999E+01     1.8436709276402627E-01
 3.4846874999999997E+01     1.9293711099900254E-01
 3.4903125000000003E+01     2.0135576448984882E-01
 3.4959375000000001E+01     2.0961393185489344E-01
 3.5015625000000000E+01     2.1770249171246792E-01
 3.5071874999999999E+01     2.2561232268090281E-01
 3.5128124999999997E+01     2.3333430337852862E-01
 3.5184375000000003E+01     2.4085931242367667E-01
 3.5240625000000001E+01     2.4817822843467557E-01
 3.5296875000000000E+01     2.5528193002985672E-01
 3.5353124999999999E+01     2.6216129582755043E-01
 3.5409374999999997E+01     2.6880720444608741E-01
 3.5465625000000003E+01     2.7521053450379906E-01
 3.5521875000000001E+01     2.8136216461901387E-01
 3.5578125000000000E+01     2.8725297341006323E-01
 3.5634374999999999E+01     2.9287383949527779E-01
 3.5690624999999997E+01     2.9821564149298774E-01
 3.5746875000000003E+01     3.0326925802152438E-01
 3.5803125000000001E+01     3.0802556769921685E-01
 3.5859375000000000E+01     3.1247544914439640E-01
 3.5915624999999999E+01     3.1660978097539327E-01
 3.5971874999999997E+01     3.2041944181053805E-01
 3.6028125000000003E+01     3.2389531026816160E-01
 3.6084375000000001E+01     3.2702826496659354E-01
 3.6140625000000000E+01     3.2980918452416497E-01
 3.6196874999999999E+01     3.3222894755920596E-01
 3.6253124999999997E+01     3.3427843269004720E-01
 3.6309374999999996E+01     3.3594851853501906E-01
 3.6365625000000001E+01     3.3723008371245244E-01
 3.6421875000000000E+01     3.3811400684067716E-01
 3.6478124999999999E+01     3.3859116653802407E-01
 3.6534374999999997E+01     3.3865244142282358E-01
 3.6590624999999996E+01     3.3828871011340605E-01
 3.6646875000000001E+01     3.3749085122810196E-01
 3.6703125000000000E+01     3.3624974338524205E-01
 3.6759374999999999E+01     3.3455626520315646E-01
 3.6815624999999997E+01     3.3240129530017604E-01
 3.6871874999999996E+01     3.2977844791372679E-01
 3.6928125000000001E+01     3.2669388048322978E-01
 3.6984375000000000E+01     3.2315734329283941E-01
 3.7040624999999999E+01     3.1917858692210010E-01
 3.7096874999999997E+01     3.1476736195055643E-01
 3.7153124999999996E+01     3.0993341895775328E-01
 3.7209375000000001E+01     3.0468650852323470E-01
 3.7265625000000000E+01     2.9903638122654697E-01
 3.7321874999999999E+01     2.9299278764723413E-01
 3.7378124999999997E+01     2.8656547836484103E-01
 3.7434374999999996E+01     2.7976420395891205E-01
 3.7490625000000001E+01     2.7259871500899174E-01
 3.7546875000000000E+01     2.6507876209462633E-01
 3.7603124999999999E+01     2.5721409579535975E-01
 3.7659374999999997E+01     2.4901446669073696E-01
 3.7715624999999996E+01     2.4048962536030244E-01
 3.7771875000000001E+01     2.3164932238360003E-01
 3.7828125000000000E+01     2.2250330834017668E-01
 3.7884374999999999E+01     2.1306133380957620E-01
 3.7940624999999997E+01     2.0333314937134345E-01
 3.7996874999999996E+01     1.9332850560502279E-01
 3.8053125000000001E+01     1.8305715309015824E-01
 3.8109375000000000E+01     1.7252884240629701E-01
 3.8165624999999999E+01     1.6175332413298238E-01
 3.8221874999999997E+01     1.5074034884975912E-01
 3.8278124999999996E+01     1.3949966713617251E-01
 3.8334375000000001E+01     1.2804102957176527E-01
 3.8390625000000000E+01     1.1637418673608574E-01
 3.8446874999999999E+01     1.0450888920867657E-01
 3.8503124999999997E+01     9.2454887569083044E-02
 3.8559374999999996E+01     8.0221932396850049E-02
 3.8615625000000001E+01     6.7819774271520195E-02
 3.8671875000000000E+01     5.5258163772641922E-02
 3.8728124999999999E+01     4.2546851479758230E-02
 3.8784374999999997E+01     2.9695587972414172E-02
 3.8840624999999996E+01     1.6714123830154248E-02
 3.8896875000000001E+01     3.6122096325217345E-03
 3.8953125000000000E+01    -9.6004040409353175E-03
 3.9009374999999999E+01    -2.2913966610673686E-02
 3.9065624999999997E+01    -3.6318727497148817E-02
 3.9121874999999996E+01    -4.9804936120815602E-02
 3.9178125000000001E+01    -6.3362841902131262E-02
 3.9234375000000000E+01    -7.6982694261547246E-02
 3.9290624999999999E+01    -9.0654742619520834E-02
 3.9346874999999997E+01    -1.0436923639650697E-01
 3.9403124999999996E+01    -1.1811642501296110E-01
 3.9459375000000001E+01    -1.3188655788933967E-01
 3.9515625000000000E+01    -1.4566988444609497E-01
 3.9571874999999999E+01    -1.5945665410368393E-01
 3.9628124999999997E+01    -1.7323711628256139E-01
 3.9684374999999996E+01    -1.8700152040318291E-01
 3.9740625000000001E+01    -2.0074011588600504E-01
 3.9796875000000000E+01    -2.1444315215147997E-01
 3.9853124999999999E+01    -2.2810087862006434E-01
 3.9909374999999997E+01    -2.4170354471221345E-01
 3.9965624999999996E+01    -2.5524139984838229E-01
 4.0021875000000001E+01    -2.6870469344902836E-01
 4.0078125000000000E+01    -2.8208367493460279E-01
 4.0134374999999999E+01    -2.9536859372556296E-01
 4.0190624999999997E+01    -3.0854969924236364E-01
 4.0246874999999996E+01    -3.2161724090546057E-01
 4.0303125000000001E+01    -3.3456146813531040E-01
 4.0359375000000000E+01    -3.4737263035236476E-01
 4.0415624999999999E+01    -3.6004097697708087E-01
 4.0471874999999997E+01    -3.7255675742991390E-01
 4.0528124999999996E+01    -3.8491022113131879E-01
 4.0584375000000001E+01    -3.9709161750175254E-01
 4.0640625000000000E+01    -4.0909119596166715E-01
 4.0696874999999999E+01    -4.2089920593151936E-01
 4.0753124999999997E+01    -4.3250589683176471E-01
 4.0809374999999996E+01    -4.4390151808285810E-01
 4.0865625000000001E+01    -4.5507631910525609E-01
 4.0921875000000000E+01    -4.6602054931941100E-01
 4.0978124999999999E+01    -4.7672445814577974E-01
 4.1034374999999997E+01    -4.8717829500481730E-01
 4.1090624999999996E+01    -4.9737230931697934E-01
 4.1146875000000001E+01    -5.0729675050272149E-01
 4.1203125000000000E+01    -5.1694186798249719E-01
 4.1259374999999999E+01    -5.2629791117676272E-01
 4.1315624999999997E+01    -5.3535512950597308E-01
 4.1371874999999996E+01    -5.4410377239058361E-01
 4.1428125000000001E+01    -5.5253408925105085E-01
 4.1484375000000000E+01    -5.6063632950782738E-01
 4.1540624999999999E+01    -5.6840074258136963E-01
 4.1596874999999997E+01    -5.7581757789213284E-01
 4.1653124999999996E+01    -5.8287708486057255E-01
 4.1709375000000001E+01    -5.8956951290714443E-01
 4.1765625000000000E+01    -5.9588511145230205E-01
 4.1821874999999999E+01    -6.0181412991650152E-01
 4.1878124999999997E+01    -6.0734681772019816E-01
 4.1934374999999996E+01    -6.1247342428384699E-01
 4.1990625000000001E+01    -6.1718419902790389E-01
 4.2046875000000000E+01    -6.2146939137282287E-01
 4.2103124999999999E+01    -6.2531925073905970E-01
 4.2159374999999997E+01    -6.2872402654706971E-01
 4.2215624999999996E+01    -6.3167396821730781E-01
 4.2271875000000001E+01    -6.3415932517022988E-01
 4.2328125000000000E+01    -6.3617034682629048E-01
 4.2384374999999999E+01    -6.3769728260594516E-01
 4.2440624999999997E+01    -6.3873038192964859E-01
 4.2496874999999996E+01    -6.3925989421785656E-01
 4.2553125000000001E+01    -6.3927606889102417E-01
 4.2609375000000000E+01    -6.3876915536960643E-01
 4.2665624999999999E+01    -6.3772940307405868E-01
 4.2721874999999997E+01    -6.3614706142483624E-01
 4.2778124999999996E+01    -6.3401237984239422E-01
 4.2834375000000001E+01    -6.3131560774718731E-01
 4.2890625000000000E+01    -6.2804699455967161E-01
 4.2946874999999999E+01    -6.2419678970030201E-01
 4.3003124999999997E+01    -6.1975524258953363E-01
 4.3059374999999996E+01    -6.1471260264782157E-01
 4.3115625000000001E+01    -6.0905911929562051E-01
 4.3171875000000000E+01    -6.0278504195338722E-01
 4.3228124999999999E+01    -5.9588062004157583E-01
 4.3284374999999997E+01    -5.8833610298064154E-01
 4.3340624999999996E+01    -5.8014174019104015E-01
 4.3396875000000001E+01    -5.7128778109322520E-01
 4.3453125000000000E+01    -5.6176447510765415E-01
 4.3509374999999999E+01    -5.5156207165478133E-01
 4.3565624999999997E+01    -5.4067082015506185E-01
 4.3621874999999996E+01    -5.2908097002895083E-01
 4.3678125000000001E+01    -5.1678277069690215E-01
 4.3734375000000000E+01    -5.0376647157937382E-01
 4.3790624999999999E+01    -4.9002232209681984E-01
 4.3846874999999997E+01    -4.7554057166969521E-01
 4.3903124999999996E+01    -4.6031146971845488E-01
 4.3959375000000001E+01    -4.4432526566355257E-01
 4.4015625000000000E+01    -4.2757220892544728E-01
 4.4071874999999999E+01    -4.1004254892459224E-01
 4.4128124999999997E+01    -3.9172653508144251E-01
 4.4184374999999996E+01    -3.7261441681645352E-01
 4.4240625000000001E+01    -3.5269644355007773E-01
 4.4296875000000000E+01    -3.3196286470277558E-01
 4.4353124999999999E+01    -3.1040392969499964E-01
 4.4409374999999997E+01    -2.8800988794720522E-01
 4.4465624999999996E+01    -2.6477098887984751E-01
 4.4521875000000001E+01    -2.4067748191337862E-01
 4.4578125000000000E+01    -2.1571961646825991E-01
 4.4634374999999999E+01    -1.8988764196494345E-01
 4.4690624999999997E+01    -1.6317180782388449E-01
 4.4746874999999996E+01    -1.3556236346553832E-01
 4.4803125000000001E+01    -1.0704955831035645E-01
 4.4859375000000000E+01    -7.7623641778801281E-02
 4.4915624999999999E+01    -4.7274863291324493E-02
 4.4971874999999997E+01    -1.5993472268381288E-02
