#                  time                       real
 2.8125000000000001E-02     1.0231167389302126E-02
 8.4374999999999992E-02     3.0231546829172864E-02
 1.4062500000000000E-01     4.9621647118464757E-02
 1.9687499999999999E-01     6.8408261818456842E-02
 2.5312499999999999E-01     8.6598184490428165E-02
 3.0937500000000001E-01     1.0419820869565773E-01
 3.6562499999999998E-01     1.2121512799542455E-01
 4.2187499999999994E-01     1.3765573595100769E-01
 4.7812499999999997E-01     1.5352682612368609E-01
 5.3437499999999993E-01     1.6883519207473890E-01
 5.9062499999999996E-01     1.8358762736544504E-01
 6.4687499999999987E-01     1.9779092555708364E-01
 7.0312499999999989E-01     2.1145188021093358E-01
 7.5937499999999991E-01     2.2457728488827405E-01
 8.1562499999999982E-01     2.3717393315038388E-01
 8.7187499999999984E-01     2.4924861855854230E-01
 9.2812499999999987E-01     2.6080813467402830E-01
 9.8437499999999989E-01     2.7185927505812080E-01
 1.0406249999999999E+00     2.8240883327209887E-01
 1.0968749999999998E+00     2.9246360287724149E-01
 1.1531250000000000E+00     3.0203037743482786E-01
 1.2093749999999999E+00     3.1111595050613677E-01
 1.2656249999999998E+00     3.1972711565244738E-01
 1.3218749999999999E+00     3.2787066643503876E-01
 1.3781249999999998E+00     3.3555339641518978E-01
 1.4343749999999997E+00     3.4278209915417973E-01
 1.4906249999999999E+00     3.4956356821328721E-01
 1.5468749999999998E+00     3.5590459715379169E-01
 1.6031249999999997E+00     3.6181197953697197E-01
 1.6593749999999998E+00     3.6729250892410698E-01
 1.7156249999999997E+00     3.7235297887647612E-01
 1.7718749999999999E+00     3.7700018295535792E-01
 1.8281249999999998E+00     3.8124091472203181E-01
 1.8843749999999997E+00     3.8508196773777664E-01
 1.9406249999999998E+00     3.8853013556387145E-01
 1.9968749999999997E+00     3.9159221176159531E-01
 2.0531250000000001E+00     3.9427498989222715E-01
 2.1093750000000000E+00     3.9658526351704609E-01
 2.1656249999999999E+00     3.9852982619733102E-01
 2.2218749999999998E+00     4.0011547149436111E-01
 2.2781250000000002E+00     4.0134899296941556E-01
 2.3343750000000001E+00     4.0223718418377308E-01
 2.3906250000000000E+00     4.0278683869871268E-01
 2.4468749999999999E+00     4.0300475007551334E-01
 2.5031249999999998E+00     4.0289771187545437E-01
 2.5593749999999997E+00     4.0247251765981501E-01
 2.6156250000000001E+00     4.0173596098987363E-01
 2.6718750000000000E+00     4.0069483542690959E-01
 2.7281249999999999E+00     3.9935593453220192E-01
 2.7843749999999998E+00     3.9772605186702958E-01
 2.8406249999999997E+00     3.9581198099267190E-01
 2.8968750000000001E+00     3.9362051547040733E-01
 2.9531250000000000E+00     3.9115844886151530E-01
 3.0093749999999999E+00     3.8843257472727472E-01
 3.0656249999999998E+00     3.8544968662896467E-01
 3.1218749999999997E+00     3.8221657812786430E-01
 3.1781249999999996E+00     3.7874004278525225E-01
 3.2343750000000000E+00     3.7502687416240787E-01
 3.2906249999999999E+00     3.7108386582061015E-01
 3.3468749999999998E+00     3.6691781132113799E-01
 3.4031249999999997E+00     3.6253550422527059E-01
 3.4593749999999996E+00     3.5794373809428676E-01
 3.5156250000000000E+00     3.5314930648946563E-01
 3.5718749999999999E+00     3.4815900297208630E-01
 3.6281249999999998E+00     3.4297962110342767E-01
 3.6843749999999997E+00     3.3761795444476889E-01
 3.7406249999999996E+00     3.3208079655738904E-01
 3.7968750000000000E+00     3.2637494100256675E-01
 3.8531249999999999E+00     3.2050718134158135E-01
 3.9093749999999998E+00     3.1448431113571212E-01
 3.9656249999999997E+00     3.0831312394623767E-01
 4.0218749999999996E+00     3.0200041333443706E-01
 4.0781250000000000E+00     2.9555297286158932E-01
 4.1343749999999995E+00     2.8897759608897400E-01
 4.1906249999999998E+00     2.8228107657786922E-01
 4.2468750000000002E+00     2.7547020788955473E-01
 4.3031249999999996E+00     2.6855178358530934E-01
 4.3593750000000000E+00     2.6153259722641176E-01
 4.4156249999999995E+00     2.5441944237414155E-01
 4.4718749999999998E+00     2.4721911258977736E-01
 4.5281250000000002E+00     2.3993840143459833E-01
 4.5843749999999996E+00     2.3258410246988365E-01
 4.6406250000000000E+00     2.2516300925691210E-01
 4.6968749999999995E+00     2.1768191535696291E-01
 4.7531249999999998E+00     2.1014761433131485E-01
 4.8093749999999993E+00     2.0256689974124714E-01
 4.8656249999999996E+00     1.9494656514803868E-01
 4.9218750000000000E+00     1.8729340411296869E-01
 4.9781249999999995E+00     1.7961421019731599E-01
 5.0343749999999998E+00     1.7191577696235971E-01
 5.0906249999999993E+00     1.6420489796937890E-01
 5.1468749999999996E+00     1.5648836677965250E-01
 5.2031250000000000E+00     1.4877297695445943E-01
 5.2593749999999995E+00     1.4106552205507916E-01
 5.3156249999999998E+00     1.3337279564279017E-01
 5.3718749999999993E+00     1.2570159127887201E-01
 5.4281249999999996E+00     1.1805870252460320E-01
 5.4843750000000000E+00     1.1045092294126303E-01
 5.5406249999999995E+00     1.0288504609013059E-01
 5.5968749999999998E+00     9.5367865532484664E-02
 5.6531249999999993E+00     8.7906174829604569E-02
 5.7093749999999996E+00     8.0506767542769114E-02
 5.7656250000000000E+00     7.3176437233257313E-02
 5.8218749999999995E+00     6.5921977462348402E-02
 5.8781249999999998E+00     5.8750181791321160E-02
 5.9343749999999993E+00     5.1667843781454850E-02
 5.9906249999999996E+00     4.4681756994028210E-02
 6.0468750000000000E+00     3.7798714990320531E-02
 6.1031249999999995E+00     3.1025511331610869E-02
 6.1593749999999998E+00     2.4368939579177962E-02
 6.2156249999999993E+00     1.7835793294301100E-02
 6.2718749999999996E+00     1.1432866038259173E-02
 6.3281249999999991E+00     5.1669513723312244E-03
 6.3843749999999995E+00    -9.5515714220384407E-04
 6.4406249999999998E+00    -6.9266659440667538E-03
 6.4968749999999993E+00    -1.2740781471978560E-02
 6.5531249999999996E+00    -1.8390710164660318E-02
 6.6093749999999991E+00    -2.3869658460832777E-02
 6.6656249999999995E+00    -2.9170832799217450E-02
 6.7218749999999998E+00    -3.4287439618534671E-02
 6.7781249999999993E+00    -3.9212685357505828E-02
 6.8343749999999996E+00    -4.3939776454851642E-02
 6.8906249999999991E+00    -4.8461919349293281E-02
 6.9468749999999995E+00    -5.2772320479551688E-02
 7.0031249999999998E+00    -5.6864186284347723E-02
 7.0593749999999993E+00    -6.0730723202402470E-02
 7.1156249999999996E+00    -6.4365137672436901E-02
 7.1718749999999991E+00    -6.7760636133171875E-02
 7.2281249999999995E+00    -7.0910425023328533E-02
 7.2843749999999998E+00    -7.3807710781627650E-02
 7.3406249999999993E+00    -7.6445699846790366E-02
 7.3968749999999996E+00    -7.8817598657537707E-02
 7.4531249999999991E+00    -8.0916613652590313E-02
 7.5093749999999995E+00    -8.2735951270669600E-02
 7.5656249999999998E+00    -8.4268817950496261E-02
 7.6218749999999993E+00    -8.5508420130791241E-02
 7.6781249999999996E+00    -8.6447964250275844E-02
 7.7343749999999991E+00    -8.7080656747670682E-02
 7.7906249999999995E+00    -8.7399704061696865E-02
 7.8468749999999998E+00    -8.7398312631075337E-02
 7.9031249999999993E+00    -8.7069688894527181E-02
 7.9593749999999996E+00    -8.6407039290773147E-02
 8.0156249999999982E+00    -8.5403570258534428E-02
 8.0718749999999986E+00    -8.4052488236531941E-02
 8.1281249999999989E+00    -8.2346999663486659E-02
 8.1843749999999993E+00    -8.0280311267773893E-02
 8.2406249999999979E+00    -7.7849152844331596E-02
 8.2968749999999982E+00    -7.5062553783217412E-02
 8.3531249999999986E+00    -7.1932225963960053E-02
 8.4093749999999989E+00    -6.8469881266088259E-02
 8.4656249999999993E+00    -6.4687231569130560E-02
 8.5218749999999979E+00    -6.0595988752615716E-02
 8.5781249999999982E+00    -5.6207864696072272E-02
 8.6343749999999986E+00    -5.1534571279028975E-02
 8.6906249999999989E+00    -4.6587820381014486E-02
 8.7468749999999993E+00    -4.1379323881557552E-02
 8.8031249999999979E+00    -3.5920793660186877E-02
 8.8593749999999982E+00    -3.0223941596430787E-02
 8.9156249999999986E+00    -2.4300479569818255E-02
 8.9718749999999989E+00    -1.8162119459877928E-02
 9.0281249999999993E+00    -1.1820573146138349E-02
 9.0843749999999979E+00    -5.2875525081284864E-03
 9.1406249999999982E+00     1.4252305746235510E-03
 9.1968749999999986E+00     8.3060642225886230E-03
 9.2531249999999989E+00     1.5343236556238303E-02
 9.3093749999999975E+00     2.2525035696043510E-02
 9.3656249999999979E+00     2.9839749762476241E-02
 9.4218749999999982E+00     3.7275666876007474E-02
 9.4781249999999986E+00     4.4821075157108495E-02
 9.5343749999999989E+00     5.2464262726250779E-02
 9.5906249999999975E+00     6.0193517703905297E-02
 9.6468749999999979E+00     6.7997128210543989E-02
 9.7031249999999982E+00     7.5863382366637699E-02
 9.7593749999999986E+00     8.3780568292658036E-02
 9.8156249999999989E+00     9.1736974109076219E-02
 9.8718749999999975E+00     9.9720887936363412E-02
 9.9281249999999979E+00     1.0772059789499125E-01
 9.9843749999999982E+00     1.1572439210543099E-01
 1.0040624999999999E+01     1.2372055868815388E-01
 1.0096874999999999E+01     1.3169738576363132E-01
 1.0153124999999998E+01     1.3964316145233444E-01
 1.0209374999999998E+01     1.4754617387473487E-01
 1.0265624999999998E+01     1.5539471115130382E-01
 1.0321874999999999E+01     1.6317706140251279E-01
 1.0378124999999999E+01     1.7088151274883284E-01
 1.0434374999999998E+01     1.7849635331073513E-01
 1.0490624999999998E+01     1.8600987120869150E-01
 1.0546874999999998E+01     1.9341035456317321E-01
 1.0603124999999999E+01     2.0068609149465128E-01
 1.0659374999999999E+01     2.0782537012359731E-01
 1.0715624999999998E+01     2.1481647857048225E-01
 1.0771874999999998E+01     2.2164770495577799E-01
 1.0828124999999998E+01     2.2830733739995551E-01
 1.0884374999999999E+01     2.3478366402348616E-01
 1.0940624999999999E+01     2.4106497294684148E-01
 1.0996874999999998E+01     2.4713955229049231E-01
 1.1053124999999998E+01     2.5299569017491069E-01
 1.1109374999999998E+01     2.5862167472056763E-01
 1.1165624999999999E+01     2.6400579404793417E-01
 1.1221874999999999E+01     2.6913633627748212E-01
 1.1278124999999998E+01     2.7400158952968240E-01
 1.1334374999999998E+01     2.7858984192500652E-01
 1.1390624999999998E+01     2.8288938158392607E-01
 1.1446874999999999E+01     2.8688849662691213E-01
 1.1503124999999999E+01     2.9057547517443588E-01
 1.1559374999999998E+01     2.9393860534696870E-01
 1.1615624999999998E+01     2.9696617526498226E-01
 1.1671874999999998E+01     2.9964647304894765E-01
 1.1728124999999999E+01     3.0196778681933611E-01
 1.1784374999999999E+01     3.0391840469661935E-01
 1.1840624999999998E+01     3.0548661480126821E-01
 1.1896874999999998E+01     3.0666070525375422E-01
 1.1953124999999998E+01     3.0742896417454890E-01
 1.2009374999999999E+01     3.0777967968412345E-01
 1.2065624999999999E+01     3.0770113990294923E-01
 1.2121874999999998E+01     3.0718163295149747E-01
 1.2178124999999998E+01     3.0620944695023966E-01
 1.2234374999999998E+01     3.0477287001964676E-01
 1.2290624999999999E+01     3.0286032411466152E-01
 1.2346874999999999E+01     3.0046921214654598E-01
 1.2403124999999998E+01     2.9761143367991227E-01
 1.2459374999999998E+01     2.9430020516374394E-01
 1.2515624999999998E+01     2.9054874304702477E-01
 1.2571874999999999E+01     2.8637026377873814E-01
 1.2628124999999997E+01     2.8177798380786812E-01
 1.2684374999999998E+01     2.7678511958339802E-01
 1.2740624999999998E+01     2.7140488755431169E-01
 1.2796874999999998E+01     2.6565050416959257E-01
 1.2853124999999999E+01     2.5953518587822449E-01
 1.2909374999999997E+01     2.5307214912919124E-01
 1.2965624999999998E+01     2.4627461037147602E-01
 1.3021874999999998E+01     2.3915578605406279E-01
 1.3078124999999998E+01     2.3172889262593505E-01
 1.3134374999999999E+01     2.2400714653607659E-01
 1.3190624999999997E+01     2.1600376423347131E-01
 1.3246874999999998E+01     2.0773196216710219E-01
 1.3303124999999998E+01     1.9920495678595337E-01
 1.3359374999999998E+01     1.9043596453900830E-01
 1.3415624999999999E+01     1.8143820187525073E-01
 1.3471874999999997E+01     1.7222488524366461E-01
 1.3528124999999998E+01     1.6280923109323295E-01
 1.3584374999999998E+01     1.5320445587293971E-01
 1.3640624999999998E+01     1.4342377603176851E-01
 1.3696874999999999E+01     1.3348040801870306E-01
 1.3753124999999997E+01     1.2338756828272725E-01
 1.3809374999999998E+01     1.1315847327282420E-01
 1.3865624999999998E+01     1.0280633943797779E-01
 1.3921874999999998E+01     9.2344383227171783E-02
 1.3978124999999999E+01     8.1785821089389671E-02
 1.4034374999999997E+01     7.1143869473615506E-02
 1.4090624999999998E+01     6.0431744828832283E-02
 1.4146874999999998E+01     4.9662663604024014E-02
 1.4203124999999998E+01     3.8849842248174338E-02
 1.4259374999999999E+01     2.8006497210266757E-02
 1.4315624999999997E+01     1.7145844939285414E-02
 1.4371874999999998E+01     6.2811018842132815E-03
 1.4428124999999998E+01    -4.5745155059656577E-03
 1.4484374999999998E+01    -1.5407790782267805E-02
 1.4540624999999999E+01    -2.6205507495709549E-02
 1.4596874999999997E+01    -3.6954449197306768E-02
 1.4653124999999998E+01    -4.7641399438076618E-02
 1.4709374999999998E+01    -5.8253141769035024E-02
 1.4765624999999998E+01    -6.8776459741198392E-02
 1.4821874999999999E+01    -7.9198136905583000E-02
 1.4878124999999997E+01    -8.9504956813205055E-02
 1.4934374999999998E+01    -9.9683703015081310E-02
 1.4990624999999998E+01    -1.0972115906222796E-01
 1.5046874999999998E+01    -1.1960410850566129E-01
 1.5103124999999999E+01    -1.2931933489639760E-01
 1.5159374999999997E+01    -1.3885362178545305E-01
 1.5215624999999998E+01    -1.4819375272384455E-01
 1.5271874999999998E+01    -1.5732651126258820E-01
 1.5328124999999998E+01    -1.6623868095270022E-01
 1.5384374999999999E+01    -1.7491704534519711E-01
 1.5440624999999997E+01    -1.8334838799109482E-01
 1.5496874999999998E+01    -1.9151949244141031E-01
 1.5553124999999998E+01    -1.9941714224715965E-01
 1.5609374999999998E+01    -2.0702812095935927E-01
 1.5665624999999999E+01    -2.1433921212902529E-01
 1.5721874999999997E+01    -2.2133719930717419E-01
 1.5778124999999998E+01    -2.2800886604482232E-01
 1.5834374999999998E+01    -2.3434099589298626E-01
 1.5890624999999998E+01    -2.4032037240268198E-01
 1.5946874999999999E+01    -2.4593377912492606E-01
 1.6003124999999997E+01    -2.5116799961073477E-01
 1.6059374999999999E+01    -2.5600981741112472E-01
 1.6115624999999998E+01    -2.6044601607711171E-01
 1.6171874999999996E+01    -2.6446337915971241E-01
 1.6228124999999999E+01    -2.6804869020994337E-01
 1.6284374999999997E+01    -2.7118873277882061E-01
 1.6340624999999999E+01    -2.7387029041736066E-01
 1.6396874999999998E+01    -2.7608091740769253E-01
 1.6453124999999996E+01    -2.7782012611634921E-01
 1.6509374999999999E+01    -2.7909685694748482E-01
 1.6565624999999997E+01    -2.7992030604625412E-01
 1.6621874999999999E+01    -2.8029966955781310E-01
 1.6678124999999998E+01    -2.8024414362731692E-01
 1.6734374999999996E+01    -2.7976292439992140E-01
 1.6790624999999999E+01    -2.7886520802078157E-01
 1.6846874999999997E+01    -2.7756019063505344E-01
 1.6903124999999999E+01    -2.7585706838789176E-01
 1.6959374999999998E+01    -2.7376503742445274E-01
 1.7015624999999996E+01    -2.7129329388989137E-01
 1.7071874999999999E+01    -2.6845103392936315E-01
 1.7128124999999997E+01    -2.6524745368802394E-01
 1.7184374999999999E+01    -2.6169174931102857E-01
 1.7240624999999998E+01    -2.5779311694353302E-01
 1.7296874999999996E+01    -2.5356075273069267E-01
 1.7353124999999999E+01    -2.4900385281766257E-01
 1.7409374999999997E+01    -2.4413161334959885E-01
 1.7465624999999999E+01    -2.3895323047165637E-01
 1.7521874999999998E+01    -2.3347790032899107E-01
 1.7578124999999996E+01    -2.2771481906675828E-01
 1.7634374999999999E+01    -2.2167318283011311E-01
 1.7690624999999997E+01    -2.1536218776421159E-01
 1.7746874999999999E+01    -2.0879103001420854E-01
 1.7803124999999998E+01    -2.0196890572526013E-01
 1.7859374999999996E+01    -1.9490501104252164E-01
 1.7915624999999999E+01    -1.8760854211114789E-01
 1.7971874999999997E+01    -1.8008869507629527E-01
 1.8028124999999999E+01    -1.7235466608311834E-01
 1.8084374999999998E+01    -1.6441565127677352E-01
 1.8140624999999996E+01    -1.5628084680241588E-01
 1.8196874999999999E+01    -1.4795944880520023E-01
 1.8253124999999997E+01    -1.3946065343028319E-01
 1.8309374999999996E+01    -1.3079365682281954E-01
 1.8365624999999998E+01    -1.2196765512796445E-01
 1.8421874999999996E+01    -1.1299184449087421E-01
 1.8478124999999999E+01    -1.0387542105670339E-01
 1.8534374999999997E+01    -9.4627580970608471E-02
 1.8590624999999996E+01    -8.5257520377744395E-02
 1.8646874999999998E+01    -7.5774435423265993E-02
 1.8703124999999996E+01    -6.6187522252329989E-02
 1.8759374999999999E+01    -5.6505977010090587E-02
 1.8815624999999997E+01    -4.6738995841704448E-02
 1.8871874999999996E+01    -3.6895774892326511E-02
 1.8928124999999998E+01    -2.6985510307111608E-02
 1.8984374999999996E+01    -1.7017398231216448E-02
 1.9040624999999999E+01    -7.0006348097950942E-03
 1.9096874999999997E+01     3.0555838119954506E-03
 1.9153124999999996E+01     1.3142061489000705E-02
 1.9209374999999998E+01     2.3249602076065596E-02
 1.9265624999999996E+01     3.3369009428033322E-02
 1.9321874999999999E+01     4.3491087399749863E-02
 1.9378124999999997E+01     5.3606639846058408E-02
 1.9434374999999996E+01     6.3706470621804123E-02
 1.9490624999999998E+01     7.3781383581832227E-02
 1.9546874999999996E+01     8.3822182580985949E-02
 1.9603124999999999E+01     9.3819671474111022E-02
 1.9659374999999997E+01     1.0376465411605089E-01
 1.9715624999999996E+01     1.1364793436165049E-01
 1.9771874999999998E+01     1.2346031606575514E-01
 1.9828124999999996E+01     1.3319260308320813E-01
 1.9884374999999999E+01     1.4283559926885514E-01
 1.9940624999999997E+01     1.5238010847753958E-01
 1.9996874999999996E+01     1.6181693456410651E-01
 2.0053124999999998E+01     1.7113688138340119E-01
 2.0109374999999996E+01     1.8033075279026672E-01
 2.0165624999999999E+01     1.8938935263954909E-01
 2.0221874999999997E+01     1.9830348478609144E-01
 2.0278124999999996E+01     2.0706395308473910E-01
 2.0334374999999998E+01     2.1566156139033693E-01
 2.0390624999999996E+01     2.2408711355772859E-01
 2.0446874999999999E+01     2.3233141344175945E-01
 2.0503124999999997E+01     2.4038643379910590E-01
 2.0559374999999996E+01     2.4825121720602925E-01
 2.0615624999999998E+01     2.5592745062568995E-01
 2.0671874999999996E+01     2.6341682562255114E-01
 2.0728124999999999E+01     2.7072103376107831E-01
 2.0784374999999997E+01     2.7784176660573501E-01
 2.0840624999999996E+01     2.8478071572098596E-01
 2.0896874999999998E+01     2.9153957267129604E-01
 2.0953124999999996E+01     2.9812002902112889E-01
 2.1009374999999999E+01     3.0452377633494948E-01
 2.1065624999999997E+01     3.1075250617722155E-01
 2.1121874999999996E+01     3.1680791011241005E-01
 2.1178124999999998E+01     3.2269167970497964E-01
 2.1234374999999996E+01     3.2840550651939387E-01
 2.1290624999999999E+01     3.3395108212011793E-01
 2.1346874999999997E+01     3.3933009807161568E-01
 2.1403124999999996E+01     3.4454424593835165E-01
 2.1459374999999998E+01     3.4959521728479076E-01
 2.1515624999999996E+01     3.5448470367539670E-01
 2.1571874999999999E+01     3.5921439667463428E-01
 2.1628124999999997E+01     3.6378598784696758E-01
 2.1684374999999996E+01     3.6820116875686115E-01
 2.1740624999999998E+01     3.7246163096877971E-01
 2.1796874999999996E+01     3.7656906604718704E-01
 2.1853124999999999E+01     3.8052516555654825E-01
 2.1909374999999997E+01     3.8433162106132712E-01
 2.1965624999999996E+01     3.8799012412598821E-01
 2.2021874999999998E+01     3.9150236631499630E-01
 2.2078124999999996E+01     3.9487003919281538E-01
 2.2134374999999999E+01     3.9809483432391007E-01
 2.2190624999999997E+01     4.0117844327274449E-01
 2.2246874999999996E+01     4.0412255760378324E-01
 2.2303124999999998E+01     4.0692886888149093E-01
 2.2359374999999996E+01     4.0959906867033152E-01
 2.2415624999999999E+01     4.1213484853476973E-01
 2.2471874999999997E+01     4.1453790003926982E-01
 2.2528124999999996E+01     4.1680991474829621E-01
 2.2584374999999998E+01     4.1895258422631337E-01
 2.2640624999999996E+01     4.2096760003778577E-01
 2.2696874999999999E+01     4.2285665374717751E-01
 2.2753124999999997E+01     4.2462143691895332E-01
 2.2809374999999996E+01     4.2626364111757731E-01
 2.2865624999999998E+01     4.2778495790751409E-01
 2.2921874999999996E+01     4.2918707885322804E-01
 2.2978124999999999E+01     4.3047169551918352E-01
 2.3034374999999997E+01     4.3164049946984484E-01
 2.3090624999999996E+01     4.3269518226967651E-01
 2.3146874999999998E+01     4.3363743548314299E-01
 2.3203124999999996E+01     4.3446895067470848E-01
 2.3259374999999999E+01     4.3519141940883749E-01
 2.3315624999999997E+01     4.3580653324999458E-01
 2.3371874999999996E+01     4.3631598376264391E-01
 2.3428124999999998E+01     4.3672146251125005E-01
 2.3484374999999996E+01     4.3702466106027732E-01
 2.3540624999999999E+01     4.3722727097419012E-01
 2.3596874999999997E+01     4.3733098381745272E-01
 2.3653124999999996E+01     4.3733749115452974E-01
 2.3709374999999998E+01     4.3724848454988569E-01
 2.3765624999999996E+01     4.3706565556798443E-01
 2.3821874999999999E+01     4.3679069577329094E-01
 2.3878124999999997E+01     4.3642529673026931E-01
 2.3934374999999996E+01     4.3597115000338404E-01
 2.3990624999999998E+01     4.3542994715709954E-01
 2.4046874999999996E+01     4.3480337975588029E-01
 2.4103124999999999E+01     4.3409313936419031E-01
 2.4159374999999997E+01     4.3330091754649458E-01
 2.4215624999999996E+01     4.3242840586725695E-01
 2.4271874999999998E+01     4.3147729589094219E-01
 2.4328124999999996E+01     4.3044927918201459E-01
 2.4384374999999999E+01     4.2934604730493842E-01
 2.4440624999999997E+01     4.2816929182417829E-01
 2.4496874999999996E+01     4.2692070430419843E-01
 2.4553124999999998E+01     4.2560197565089591E-01
 2.4609374999999996E+01     4.2421441828896977E-01
 2.4665624999999999E+01     4.2275833276630731E-01
 2.4721874999999997E+01     4.2123385233025268E-01
 2.4778124999999996E+01     4.1964111022814943E-01
 2.4834374999999998E+01     4.1798023970734149E-01
 2.4890624999999996E+01     4.1625137401517287E-01
 2.4946874999999999E+01     4.1445464639898710E-01
 2.5003124999999997E+01     4.1259019010612824E-01
 2.5059374999999996E+01     4.1065813838394027E-01
 2.5115624999999998E+01     4.0865862447976647E-01
 2.5171874999999996E+01     4.0659178164095133E-01
 2.5228124999999995E+01     4.0445774311483840E-01
 2.5284374999999997E+01     4.0225664214877138E-01
 2.5340624999999996E+01     3.9998861199009422E-01
 2.5396874999999998E+01     3.9765378588615086E-01
 2.5453124999999996E+01     3.9525229708428505E-01
 2.5509374999999995E+01     3.9278427883184086E-01
 2.5565624999999997E+01     3.9024986437616155E-01
 2.5621874999999996E+01     3.8764918696459155E-01
 2.5678124999999998E+01     3.8498237984447431E-01
 2.5734374999999996E+01     3.8224957626315392E-01
 2.5790624999999995E+01     3.7945090946797416E-01
 2.5846874999999997E+01     3.7658651270627880E-01
 2.5903124999999996E+01     3.7365651922541171E-01
 2.5959374999999998E+01     3.7066106227271661E-01
 2.6015624999999996E+01     3.6760027509553772E-01
 2.6071874999999995E+01     3.6447429094121858E-01
 2.6128124999999997E+01     3.6128324305710274E-01
 2.6184374999999996E+01     3.5802726469053470E-01
 2.6240624999999998E+01     3.5470648908885782E-01
 2.6296874999999996E+01     3.5132104949941617E-01
 2.6353124999999995E+01     3.4787107916955357E-01
 2.6409374999999997E+01     3.4435671134661350E-01
 2.6465624999999996E+01     3.4077807927794035E-01
 2.6521874999999998E+01     3.3713531621087750E-01
 2.6578124999999996E+01     3.3342855539276911E-01
 2.6634374999999995E+01     3.2965793007095900E-01
 2.6690624999999997E+01     3.2582357349279062E-01
 2.6746874999999996E+01     3.2192561890560845E-01
 2.6803124999999998E+01     3.1796419955675564E-01
 2.6859374999999996E+01     3.1393944869357659E-01
 2.6915624999999995E+01     3.0985149956341485E-01
 2.6971874999999997E+01     3.0570048541361428E-01
 2.7028124999999996E+01     3.0148653949151888E-01
 2.7084374999999998E+01     2.9720979504447204E-01
 2.7140624999999996E+01     2.9287038531981824E-01
 2.7196874999999995E+01     2.8846844356490109E-01
 2.7253124999999997E+01     2.8400410302706391E-01
 2.7309374999999996E+01     2.7947749695365148E-01
 2.7365624999999998E+01     2.7488875859200657E-01
 2.7421874999999996E+01     2.7023802118947404E-01
 2.7478124999999995E+01     2.6552541799339718E-01
 2.7534374999999997E+01     2.6075108225111965E-01
 2.7590624999999996E+01     2.5591514720998598E-01
 2.7646874999999998E+01     2.5101774611733907E-01
 2.7703124999999996E+01     2.4605901222052368E-01
 2.7759374999999995E+01     2.4103907876688327E-01
 2.7815624999999997E+01     2.3595807900376131E-01
 2.7871874999999996E+01     2.3081614617850221E-01
 2.7928124999999998E+01     2.2561341353844938E-01
 2.7984374999999996E+01     2.2035001433094711E-01
 2.8040624999999995E+01     2.1502608180333899E-01
 2.8096874999999997E+01     2.0964174920296852E-01
 2.8153124999999996E+01     2.0419714977718023E-01
 2.8209374999999998E+01     1.9869241677331725E-01
 2.8265624999999996E+01     1.9312768343872416E-01
 2.8321874999999995E+01     1.8750308302074437E-01
 2.8378124999999997E+01     1.8181874876672133E-01
 2.8434374999999996E+01     1.7607481392399971E-01
 2.8490624999999998E+01     1.7027141173992258E-01
 2.8546874999999996E+01     1.6440867546183455E-01
 2.8603124999999995E+01     1.5848673833707894E-01
 2.8659374999999997E+01     1.5250578132209211E-01
 2.8715624999999996E+01     1.4646774419617295E-01
 2.8771874999999998E+01     1.4037679754773086E-01
 2.8828124999999996E+01     1.3423725574690057E-01
 2.8884374999999995E+01     1.2805343316381590E-01
 2.8940624999999997E+01     1.2182964416861036E-01
 2.8996874999999996E+01     1.1557020313141866E-01
 2.9053124999999998E+01     1.0927942442237419E-01
 2.9109374999999996E+01     1.0296162241161171E-01
 2.9165624999999995E+01     9.6621111469264762E-02
 2.9221874999999997E+01     9.0262205965467052E-02
 2.9278124999999996E+01     8.3889220270353393E-02
 2.9334374999999998E+01     7.7506468754056979E-02
 2.9390624999999996E+01     7.1118265786712653E-02
 2.9446874999999995E+01     6.4728925738453971E-02
 2.9503124999999997E+01     5.8342762979414584E-02
 2.9559374999999996E+01     5.1964091879729328E-02
 2.9615624999999998E+01     4.5597226809531363E-02
 2.9671874999999996E+01     3.9246482138955652E-02
 2.9728124999999995E+01     3.2916172238135546E-02
 2.9784374999999997E+01     2.6610611477204903E-02
 2.9840624999999996E+01     2.0334114226298446E-02
 2.9896874999999998E+01     1.4090994855549413E-02
 2.9953124999999996E+01     7.8855677350926131E-03
 3.0009374999999995E+01     1.7221472350615994E-03
 3.0065624999999997E+01    -4.3949522744098704E-03
 3.0121874999999996E+01    -1.0461416423187112E-02
 3.0178124999999998E+01    -1.6472930841136810E-02
 3.0234374999999996E+01    -2.2425181158124238E-02
 3.0290624999999995E+01    -2.8313853004015743E-02
 3.0346874999999997E+01    -3.4134632008677640E-02
 3.0403124999999996E+01    -3.9883203801975270E-02
 3.0459374999999998E+01    -4.5555254013775227E-02
 3.0515624999999996E+01    -5.1146468273942848E-02
 3.0571874999999995E+01    -5.6652532212344481E-02
 3.0628124999999997E+01    -6.2069131458846370E-02
 3.0684374999999996E+01    -6.7391951643313908E-02
 3.0740624999999998E+01    -7.2616678395613740E-02
 3.0796874999999996E+01    -7.7738997345611155E-02
 3.0853124999999995E+01    -8.2754594123172404E-02
 3.0909374999999997E+01    -8.7659154358163960E-02
 3.0965624999999996E+01    -9.2448363680450993E-02
 3.1021874999999998E+01    -9.7117907719900240E-02
 3.1078124999999996E+01    -1.0166347210637700E-01
 3.1134374999999995E+01    -1.0608074246974759E-01
 3.1190624999999997E+01    -1.1036540443987825E-01
 3.1246874999999996E+01    -1.1451314364663438E-01
 3.1303124999999998E+01    -1.1851964571988260E-01
 3.1359374999999996E+01    -1.2238059628948830E-01
 3.1415624999999995E+01    -1.2609168098531776E-01
 3.1471874999999997E+01    -1.2964858543723723E-01
 3.1528124999999996E+01    -1.3304699527511205E-01
 3.1584374999999998E+01    -1.3628259612880886E-01
 3.1640624999999996E+01    -1.3935107362819310E-01
 3.1696874999999995E+01    -1.4224811340313101E-01
 3.1753124999999997E+01    -1.4496940108348877E-01
 3.1809374999999996E+01    -1.4751062229913192E-01
 3.1865624999999998E+01    -1.4986746267992682E-01
 3.1921874999999996E+01    -1.5203560785573919E-01
 3.1978124999999995E+01    -1.5401074345643512E-01
 3.2034374999999997E+01    -1.5578855511188078E-01
 3.2090625000000003E+01    -1.5736472845194191E-01
 3.2146875000000001E+01    -1.5873494910648453E-01
 3.2203125000000000E+01    -1.5989490270537454E-01
 3.2259374999999999E+01    -1.6084027487847810E-01
 3.2315624999999997E+01    -1.6156675125566111E-01
 3.2371875000000003E+01    -1.6207001746678962E-01
 3.2428125000000001E+01    -1.6234575914172955E-01
 3.2484375000000000E+01    -1.6238966191034690E-01
 3.2540624999999999E+01    -1.6219741140250771E-01
 3.2596874999999997E+01    -1.6176469324807782E-01
 3.2653125000000003E+01    -1.6108719307692326E-01
 3.2709375000000001E+01    -1.6016059651891013E-01
 3.2765625000000000E+01    -1.5898118265448150E-01
 3.2821874999999999E+01    -1.5755176344387176E-01
 3.2878124999999997E+01    -1.5587919809233292E-01
 3.2934375000000003E+01    -1.5397040611727922E-01
 3.2990625000000001E+01    -1.5183230703612580E-01
 3.3046875000000000E+01    -1.4947182036628692E-01
 3.3103124999999999E+01    -1.4689586562517695E-01
 3.3159374999999997E+01    -1.4411136233021060E-01
 3.3215625000000003E+01    -1.4112522999880184E-01
 3.3271875000000001E+01    -1.3794438814836613E-01
 3.3328125000000000E+01    -1.3457575629631749E-01
 3.3384374999999999E+01    -1.3102625396007039E-01
 3.3440624999999997E+01    -1.2730280065703953E-01
 3.3496875000000003E+01    -1.2341231590463878E-01
 3.3553125000000001E+01    -1.1936171922028367E-01
 3.3609375000000000E+01    -1.1515793012138824E-01
 3.3665624999999999E+01    -1.1080786812536710E-01
 3.3721874999999997E+01    -1.0631845274963463E-01
 3.3778125000000003E+01    -1.0169660351160487E-01
 3.3834375000000001E+01    -9.6949239928693517E-02
 3.3890625000000000E+01    -9.2083281518314339E-02
 3.3946874999999999E+01    -8.7105647797882019E-02
 3.4003124999999997E+01    -8.2023258284811079E-02
 3.4059375000000003E+01    -7.6843032496515265E-02
 3.4115625000000001E+01    -7.1571889950410514E-02
 3.4171875000000000E+01    -6.6216750163910584E-02
 3.4228124999999999E+01    -6.0784532654430130E-02
 3.4284374999999997E+01    -5.5282156939383618E-02
 3.4340625000000003E+01    -4.9716542536184780E-02
 3.4396875000000001E+01    -4.4094608962249683E-02
 3.4453125000000000E+01    -3.8423275734991998E-02
 3.4509374999999999E+01    -3.2709462371826405E-02
 3.4565624999999997E+01    -2.6960088390167281E-02
 3.4621875000000003E+01    -2.1182073307428502E-02
 3.4678125000000001E+01    -1.5382336641026007E-02
 3.4734375000000000E+01    -9.5677979083736153E-03
 3.4790624999999999E+01    -3.7453766268858088E-03
 3.4846874999999997E+01     2.0780076860228945E-03
 3.4903125000000003E+01     7.8954355129386700E-03
 3.4959375000000001E+01     1.3699987336445530E-02
 3.5015625000000000E+01     1.9484743639129672E-02
 3.5071874999999999E+01     2.5242784903576704E-02
 3.5128124999999997E+01     3.0967191612371950E-02
 3.5184375000000003E+01     3.6651044248101707E-02
 3.5240625000000001E+01     4.2287423293349974E-02
 3.5296875000000000E+01     4.7869409230702938E-02
 3.5353124999999999E+01     5.3390082542746048E-02
 3.5409374999999997E+01     5.8842523712064901E-02
 3.5465625000000003E+01     6.4219813221245634E-02
 3.5521875000000001E+01     6.9515031552872253E-02
 3.5578125000000000E+01     7.4721259189531014E-02
 3.5634374999999999E+01     7.9831576613807409E-02
 3.5690624999999997E+01     8.4839064308286818E-02
 3.5746875000000003E+01     8.9736802755555442E-02
 3.5803125000000001E+01     9.4517872438197481E-02
 3.5859375000000000E+01     9.9175353838799024E-02
 3.5915624999999999E+01     1.0370232743994567E-01
 3.5971874999999997E+01     1.0809187372422266E-01
 3.6028125000000003E+01     1.1233707317421626E-01
 3.6084375000000001E+01     1.1643100627251071E-01
 3.6140625000000000E+01     1.2036675350169210E-01
 3.6196874999999999E+01     1.2413739534434590E-01
 3.6253124999999997E+01     1.2773601228305759E-01
 3.6309374999999996E+01     1.3115568480041259E-01
 3.6365625000000001E+01     1.3438949337899689E-01
 3.6421875000000000E+01     1.3743051850139507E-01
 3.6478124999999999E+01     1.4027184065019307E-01
 3.6534374999999997E+01     1.4290654030797639E-01
 3.6590624999999996E+01     1.4532769795733044E-01
 3.6646875000000001E+01     1.4752839408084106E-01
 3.6703125000000000E+01     1.4950170916109312E-01
 3.6759374999999999E+01     1.5124072368067232E-01
 3.6815624999999997E+01     1.5273851812216427E-01
 3.6871874999999996E+01     1.5398981957024838E-01
 3.6928125000000001E+01     1.5499690501401187E-01
 3.6984375000000000E+01     1.5576421401907425E-01
 3.7040624999999999E+01     1.5629618632885514E-01
 3.7096874999999997E+01     1.5659726168677374E-01
 3.7153124999999996E+01     1.5667187983624958E-01
 3.7209375000000001E+01     1.5652448052070195E-01
 3.7265625000000000E+01     1.5615950348355034E-01
 3.7321874999999999E+01     1.5558138846821404E-01
 3.7378124999999997E+01     1.5479457521811252E-01
 3.7434374999999996E+01     1.5380350347666499E-01
 3.7490625000000001E+01     1.5261261298729101E-01
 3.7546875000000000E+01     1.5122634349340996E-01
 3.7603124999999999E+01     1.4964913473844124E-01
 3.7659374999999997E+01     1.4788542646580422E-01
 3.7715624999999996E+01     1.4593965841891815E-01
 3.7771875000000001E+01     1.4381627034120231E-01
 3.7828125000000000E+01     1.4151970197607666E-01
 3.7884374999999999E+01     1.3905439306696005E-01
 3.7940624999999997E+01     1.3642478335727218E-01
 3.7996874999999996E+01     1.3363531259043215E-01
 3.8053125000000001E+01     1.3069042050985924E-01
 3.8109375000000000E+01     1.2759454685897353E-01
 3.8165624999999999E+01     1.2435213138119380E-01
 3.8221874999999997E+01     1.2096761381993962E-01
 3.8278124999999996E+01     1.1744543391863044E-01
 3.8334375000000001E+01     1.1379003142068492E-01
 3.8390625000000000E+01     1.1000584606952385E-01
 3.8446874999999999E+01     1.0609731760856553E-01
 3.8503124999999997E+01     1.0206888578122988E-01
 3.8559374999999996E+01     9.7924990330936129E-02
 3.8615625000000001E+01     9.3670071001102861E-02
 3.8671875000000000E+01     8.9308567535150846E-02
 3.8728124999999999E+01     8.4844919676498848E-02
 3.8784374999999997E+01     8.0283567168566161E-02
 3.8840624999999996E+01     7.5628949754772301E-02
 3.8896875000000001E+01     7.0885507178536061E-02
 3.8953125000000000E+01     6.6057679183277956E-02
 3.9009374999999999E+01     6.1149905512416780E-02
 3.9065624999999997E+01     5.6166625909371909E-02
 3.9121874999999996E+01     5.1112280117562692E-02
 3.9178125000000001E+01     4.5991307880408006E-02
 3.9234375000000000E+01     4.0808148941328365E-02
 3.9290624999999999E+01     3.5567243043742675E-02
 3.9346874999999997E+01     3.0273029931070200E-02
 3.9403124999999996E+01     2.4929949346730401E-02
 3.9459375000000001E+01     1.9542441034141877E-02
 3.9515625000000000E+01     1.4114944736725504E-02
 3.9571874999999999E+01     8.6519001978998533E-03
 3.9628124999999997E+01     3.1577471610844399E-03
 3.9684374999999996E+01    -2.3630746303014705E-03
 3.9740625000000001E+01    -7.9061254328390285E-03
 3.9796875000000000E+01    -1.3466965503107581E-02
 3.9853124999999999E+01    -1.9041155097688556E-02
 3.9909374999999997E+01    -2.4624254473162188E-02
 3.9965624999999996E+01    -3.0211823886109435E-02
 4.0021875000000001E+01    -3.5799423593111529E-02
 4.0078125000000000E+01    -4.1382613850747624E-02
 4.0134374999999999E+01    -4.6956954915599064E-02
 4.0190624999999997E+01    -5.2518007044246362E-02
 4.0246874999999996E+01    -5.8061330493270308E-02
 4.0303125000000001E+01    -6.3582485519252163E-02
 4.0359375000000000E+01    -6.9077032378771080E-02
 4.0415624999999999E+01    -7.4540531328408488E-02
 4.0471874999999997E+01    -7.9968542624744815E-02
 4.0528124999999996E+01    -8.5356626524360824E-02
 4.0584375000000001E+01    -9.0700343283837748E-02
 4.0640625000000000E+01    -9.5995253159754851E-02
 4.0696874999999999E+01    -1.0123691640869348E-01
 4.0753124999999997E+01    -1.0642089328723423E-01
 4.0809374999999996E+01    -1.1154274405195774E-01
 4.0865625000000001E+01    -1.1659802895944504E-01
 4.0921875000000000E+01    -1.2158230826627570E-01
 4.0978124999999999E+01    -1.2649114222903096E-01
 4.1034374999999997E+01    -1.3132009110429133E-01
 4.1090624999999996E+01    -1.3606471514863758E-01
 4.1146875000000001E+01    -1.4072057461865067E-01
 4.1203125000000000E+01    -1.4528322977091027E-01
 4.1259374999999999E+01    -1.4974824086199742E-01
 4.1315624999999997E+01    -1.5411116814849291E-01
 4.1371874999999996E+01    -1.5836757188697714E-01
 4.1428125000000001E+01    -1.6251301233403154E-01
 4.1484375000000000E+01    -1.6654304974623535E-01
 4.1540624999999999E+01    -1.7045324438016979E-01
 4.1596874999999997E+01    -1.7423915649241559E-01
 4.1653124999999996E+01    -1.7789634633955337E-01
 4.1709375000000001E+01    -1.8142037417816403E-01
 4.1765625000000000E+01    -1.8480680026482751E-01
 4.1821874999999999E+01    -1.8805118485612463E-01
 4.1878124999999997E+01    -1.9114908820863624E-01
 4.1934374999999996E+01    -1.9409607057894279E-01
 4.1990625000000001E+01    -1.9688769222362523E-01
 4.2046875000000000E+01    -1.9951951339926360E-01
 4.2103124999999999E+01    -2.0198709436243878E-01
 4.2159374999999997E+01    -2.0428599536973138E-01
 4.2215624999999996E+01    -2.0641177667772206E-01
 4.2271875000000001E+01    -2.0835999854299159E-01
 4.2328125000000000E+01    -2.1012622122212030E-01
 4.2384374999999999E+01    -2.1170600497168887E-01
 4.2440624999999997E+01    -2.1309491004827788E-01
 4.2496874999999996E+01    -2.1428849670846806E-01
 4.2553125000000001E+01    -2.1528232520884011E-01
 4.2609375000000000E+01    -2.1607195580597438E-01
 4.2665624999999999E+01    -2.1665294875645158E-01
 4.2721874999999997E+01    -2.1702086431685247E-01
 4.2778124999999996E+01    -2.1717126274375748E-01
 4.2834375000000001E+01    -2.1709970429374725E-01
 4.2890625000000000E+01    -2.1680174922340253E-01
 4.2946874999999999E+01    -2.1627295778930380E-01
 4.3003124999999997E+01    -2.1550889024803174E-01
 4.3059374999999996E+01    -2.1450510685616692E-01
 4.3115625000000001E+01    -2.1325716787028987E-01
 4.3171875000000000E+01    -2.1176063354698146E-01
 4.3228124999999999E+01    -2.1001106414282217E-01
 4.3284374999999997E+01    -2.0800401991439249E-01
 4.3340624999999996E+01    -2.0573506111827333E-01
 4.3396875000000001E+01    -2.0319974801104468E-01
 4.3453125000000000E+01    -2.0039364084928787E-01
 4.3509374999999999E+01    -1.9731229988958332E-01
 4.3565624999999997E+01    -1.9395128538851156E-01
 4.3621874999999996E+01    -1.9030615760265315E-01
 4.3678125000000001E+01    -1.8637247678858831E-01
 4.3734375000000000E+01    -1.8214580320289858E-01
 4.3790624999999999E+01    -1.7762169710216413E-01
 4.3846874999999997E+01    -1.7279571874296551E-01
 4.3903124999999996E+01    -1.6766342838188333E-01
 4.3959375000000001E+01    -1.6222038627549759E-01
 4.4015625000000000E+01    -1.5646215268039024E-01
 4.4071874999999999E+01    -1.5038428785314120E-01
 4.4128124999999997E+01    -1.4398235205033108E-01
 4.4184374999999996E+01    -1.3725190552854052E-01
 4.4240625000000001E+01    -1.3018850854434921E-01
 4.4296875000000000E+01    -1.2278772135433959E-01
 4.4353124999999999E+01    -1.1504510421509132E-01
 4.4409374999999997E+01    -1.0695621738318505E-01
 4.4465624999999996E+01    -9.8516621115201417E-02
 4.4521875000000001E+01    -8.9721875667719886E-02
 4.4578125000000000E+01    -8.0567541297323311E-02
 4.4634374999999999E+01    -7.1049178260591206E-02
 4.4690624999999997E+01    -6.1162346814104124E-02
 4.4746874999999996E+01    -5.0902607214442772E-02
 4.4803125000000001E+01    -4.0265519718186357E-02
 4.4859375000000000E+01    -2.9246644581918169E-02
 4.4915624999999999E+01    -1.7841542062217525E-02
 4.4971874999999997E+01    -6.0457724156650228E-03
