#                  time                       real
 2.8125000000000001E-02     1.2477786743766088E-02
 8.4374999999999992E-02     3.6740040624677610E-02
 1.4062500000000000E-01     6.0078092513012195E-02
 1.9687499999999999E-01     8.2485702806245551E-02
 2.5312499999999999E-01     1.0395295941931564E-01
 3.0937500000000001E-01     1.2447135839226009E-01
 3.6562499999999998E-01     1.4403915792781108E-01
 4.2187499999999994E-01     1.6266620114834066E-01
 4.7812499999999997E-01     1.8037745506385278E-01
 5.3437499999999993E-01     1.9721466826368905E-01
 5.9062499999999996E-01     2.1323579071504306E-01
 6.4687499999999987E-01     2.2851209702827491E-01
 7.0312499999999989E-01     2.4312327141597873E-01
 7.5937499999999991E-01     2.5715100477195540E-01
 8.1562499999999982E-01     2.7067187885853655E-01
 8.7187499999999984E-01     2.8375043411379702E-01
 9.2812499999999987E-01     2.9643331485425756E-01
 9.8437499999999989E-01     3.0874525619269261E-01
 1.0406249999999999E+00     3.2061594147083428E-01
 1.0968749999999998E+00     3.3185168360056422E-01
 1.1531250000000000E+00     3.4245193128543083E-01
 1.2093749999999999E+00     3.5242699438355529E-01
 1.2656249999999998E+00     3.6178705561728364E-01
 1.3218749999999999E+00     3.7054215219808928E-01
 1.3781249999999998E+00     3.7870215882682368E-01
 1.4343749999999997E+00     3.8627677255740422E-01
 1.4906249999999999E+00     3.9327549998696554E-01
 1.5468749999999998E+00     3.9970764719594809E-01
 1.6031249999999997E+00     4.0558231280805779E-01
 1.6593749999999998E+00     4.1090838447364941E-01
 1.7156249999999997E+00     4.1569453900224973E-01
 1.7718749999999999E+00     4.1994924628294272E-01
 1.8281249999999998E+00     4.2368077703767804E-01
 1.8843749999999997E+00     4.2689721435502659E-01
 1.9406249999999998E+00     4.2960646885378262E-01
 1.9968749999999997E+00     4.3181629723022186E-01
 2.0531250000000001E+00     4.3353432385291130E-01
 2.1093750000000000E+00     4.3476806498800569E-01
 2.1656249999999999E+00     4.3552495516838197E-01
 2.2218749999999998E+00     4.3581237516439814E-01
 2.2781250000000002E+00     4.3563768097414513E-01
 2.3343750000000001E+00     4.3500823322819460E-01
 2.3906250000000000E+00     4.3393142639853199E-01
 2.4468749999999999E+00     4.3241471721365871E-01
 2.5031249999999998E+00     4.3046565171105450E-01
 2.5593749999999997E+00     4.2809189040298051E-01
 2.6156250000000001E+00     4.2530123109020307E-01
 2.6718750000000000E+00     4.2210162892833547E-01
 2.7281249999999999E+00     4.1850121343040592E-01
 2.7843749999999998E+00     4.1450830217425993E-01
 2.8406249999999997E+00     4.1013141107136503E-01
 2.8968750000000001E+00     4.0537926114162998E-01
 2.9531250000000000E+00     4.0026078182418934E-01
 3.0093749999999999E+00     3.9478511093406704E-01
 3.0656249999999998E+00     3.8896159144713693E-01
 3.1218749999999997E+00     3.8279976535887189E-01
 3.1781249999999996E+00     3.7630936491476497E-01
 3.2343750000000000E+00     3.6950030155103497E-01
 3.2906249999999999E+00     3.6238265291291943E-01
 3.3468749999999998E+00     3.5496664833456643E-01
 3.4031249999999997E+00     3.4726265316964400E-01
 3.4593749999999996E+00     3.3928115235622569E-01
 3.5156250000000000E+00     3.3103273358426050E-01
 3.5718749999999999E+00     3.2252807041048681E-01
 3.6281249999999998E+00     3.1377790563535052E-01
 3.6843749999999997E+00     3.0479303522103235E-01
 3.7406249999999996E+00     2.9558429299058747E-01
 3.7968750000000000E+00     2.8616253630700073E-01
 3.8531249999999999E+00     2.7653863288911745E-01
 3.9093749999999998E+00     2.6672344888016669E-01
 3.9656249999999997E+00     2.5672783824512113E-01
 4.0218749999999996E+00     2.4656263353630078E-01
 4.0781250000000000E+00     2.3623863803319028E-01
 4.1343749999999995E+00     2.2576661923291186E-01
 4.1906249999999998E+00     2.1515730364249624E-01
 4.2468750000000002E+00     2.0442137280320075E-01
 4.3031249999999996E+00     1.9356946046061929E-01
 4.3593750000000000E+00     1.8261215078207238E-01
 4.4156249999999995E+00     1.7155997751452601E-01
 4.4718749999999998E+00     1.6042342397171491E-01
 4.5281250000000002E+00     1.4921292373784195E-01
 4.5843749999999996E+00     1.3793886197678679E-01
 4.6406250000000000E+00     1.2661157723965449E-01
 4.6968749999999995E+00     1.1524136366935905E-01
 4.7531249999999998E+00     1.0383847350824561E-01
 4.8093749999999993E+00     9.2413119823102588E-02
 4.8656249999999996E+00     8.0975479370937825E-02
 4.9218750000000000E+00     6.9535695538176248E-02
 4.9781249999999995E+00     5.8103881295219116E-02
 5.0343749999999998E+00     4.6690122117269223E-02
 5.0906249999999993E+00     3.5304478830783720E-02
 5.1468749999999996E+00     2.3956990352650084E-02
 5.2031250000000000E+00     1.2657676296056724E-02
 5.2593749999999995E+00     1.4165394229594603E-03
 5.3156249999999998E+00    -9.7564320720807465E-03
 5.3718749999999993E+00    -2.0851262458074792E-02
 5.4281249999999996E+00    -3.1857986552452928E-02
 5.4843750000000000E+00    -4.2766648001520344E-02
 5.5406249999999995E+00    -5.3567297762767391E-02
 5.5968749999999998E+00    -6.4249992795498256E-02
 5.6531249999999993E+00    -7.4804794967287327E-02
 5.7093749999999996E+00    -8.5221770185532286E-02
 5.7656250000000000E+00    -9.5490987765681545E-02
 5.8218749999999995E+00    -1.0560252005044590E-01
 5.8781249999999998E+00    -1.1554644229724137E-01
 5.9343749999999993E+00    -1.2531283285408598E-01
 5.9906249999999996E+00    -1.3489177364697066E-01
 6.0468750000000000E+00    -1.4427335100409208E-01
 6.1031249999999995E+00    -1.5344765684411019E-01
 6.1593749999999998E+00    -1.6240479025645685E-01
 6.2156249999999993E+00    -1.7113485950151794E-01
 6.2718749999999996E+00    -1.7962798445701192E-01
 6.3281249999999991E+00    -1.8787429953383261E-01
 6.3843749999999995E+00    -1.9586395707997359E-01
 6.4406249999999998E+00    -2.0358713128462569E-01
 6.4968749999999993E+00    -2.1103402258621795E-01
 6.5531249999999996E+00    -2.1819486257790280E-01
 6.6093749999999991E+00    -2.2505991939192282E-01
 6.6656249999999995E+00    -2.3161950353052985E-01
 6.7218749999999998E+00    -2.3786397409585203E-01
 6.7781249999999993E+00    -2.4378374535471004E-01
 6.8343749999999996E+00    -2.4936929355714621E-01
 6.8906249999999991E+00    -2.5461116390993316E-01
 6.9468749999999995E+00    -2.5949997758908477E-01
 7.0031249999999998E+00    -2.6402643865898334E-01
 7.0593749999999993E+00    -2.6818134075093375E-01
 7.1156249999999996E+00    -2.7195557334131049E-01
 7.1718749999999991E+00    -2.7534012745979791E-01
 7.2281249999999995E+00    -2.7832610065211949E-01
 7.2843749999999998E+00    -2.8090470101970583E-01
 7.3406249999999993E+00    -2.8306725016155515E-01
 7.3968749999999996E+00    -2.8480518485134776E-01
 7.4531249999999991E+00    -2.8611005729605032E-01
 7.5093749999999995E+00    -2.8697353384076807E-01
 7.5656249999999998E+00    -2.8738739200834462E-01
 7.6218749999999993E+00    -2.8734351579090894E-01
 7.6781249999999996E+00    -2.8683388914357527E-01
 7.7343749999999991E+00    -2.8585058766718907E-01
 7.7906249999999995E+00    -2.8438576850642694E-01
 7.8468749999999998E+00    -2.8243165853059521E-01
 7.9031249999999993E+00    -2.7998054090608060E-01
 7.9593749999999996E+00    -2.7702474021019202E-01
 8.0156249999999982E+00    -2.7355660627494915E-01
 8.0718749999999986E+00    -2.6956849698489549E-01
 8.1281249999999989E+00    -2.6505276028412494E-01
 8.1843749999999993E+00    -2.6000171609204525E-01
 8.2406249999999979E+00    -2.5441272957010752E-01
 8.2968749999999982E+00    -2.4830087848292001E-01
 8.3531249999999986E+00    -2.4168503404290775E-01
 8.4093749999999989E+00    -2.3458396646997320E-01
 8.4656249999999993E+00    -2.2701632958852236E-01
 8.5218749999999979E+00    -2.1900064733301322E-01
 8.5781249999999982E+00    -2.1055530233830702E-01
 8.6343749999999986E+00    -2.0169852673982819E-01
 8.6906249999999989E+00    -1.9244839525710167E-01
 8.7468749999999993E+00    -1.8282282058424210E-01
 8.8031249999999979E+00    -1.7283955106380730E-01
 8.8593749999999982E+00    -1.6251617057729476E-01
 8.9156249999999986E+00    -1.5187010054736383E-01
 8.9718749999999989E+00    -1.4091860391418987E-01
 9.0281249999999993E+00    -1.2967879092170134E-01
 9.0843749999999979E+00    -1.1816762652876937E-01
 9.1406249999999982E+00    -1.0640193924574987E-01
 9.1968749999999986E+00    -9.4398431187730253E-02
 9.2531249999999989E+00    -8.2173689131926964E-02
 9.3093749999999975E+00    -6.9744196367399064E-02
 9.3656249999999979E+00    -5.7126345129783207E-02
 9.4218749999999982E+00    -4.4336449421505011E-02
 9.4781249999999986E+00    -3.1390758028008517E-02
 9.5343749999999989E+00    -1.8305467552355310E-02
 9.5906249999999975E+00    -5.0967353032726360E-03
 9.6468749999999979E+00     8.2193081151575205E-03
 9.7031249999999982E+00     2.1626546651082670E-02
 9.7593749999999986E+00     3.5108867216402696E-02
 9.8156249999999989E+00     4.8650148777612250E-02
 9.8718749999999975E+00     6.2234252231273442E-02
 9.9281249999999979E+00     7.5845011160686357E-02
 9.9843749999999982E+00     8.9466223562861713E-02
 1.0040624999999999E+01     1.0308164462866620E-01
 1.0096874999999999E+01     1.1667498065372643E-01
 1.0153124999999998E+01     1.3022988415305814E-01
 1.0209374999999998E+01     1.4372995024804527E-01
 1.0265624999999998E+01     1.5715871438981394E-01
 1.0321874999999999E+01     1.7049965147777441E-01
 1.0378124999999999E+01     1.8373617642553269E-01
 1.0434374999999998E+01     1.9685164621795648E-01
 1.0490624999999998E+01     2.0982936349240261E-01
 1.0546874999999998E+01     2.2265258166340693E-01
 1.0603124999999999E+01     2.3530451159314489E-01
 1.0659374999999999E+01     2.4776832978931596E-01
 1.0715624999999998E+01     2.6002718808761088E-01
 1.0771874999999998E+01     2.7206422474760567E-01
 1.0828124999999998E+01     2.8386257685890348E-01
 1.0884374999999999E+01     2.9540539391909237E-01
 1.0940624999999999E+01     3.0667585240717998E-01
 1.0996874999999998E+01     3.1765717113654429E-01
 1.1053124999999998E+01     3.2833262713124878E-01
 1.1109374999999998E+01     3.3868557173012820E-01
 1.1165624999999999E+01     3.4869944658606244E-01
 1.1221874999999999E+01     3.5835779919496208E-01
 1.1278124999999998E+01     3.6764429756210015E-01
 1.1334374999999998E+01     3.7654274359447626E-01
 1.1390624999999998E+01     3.8503708479861160E-01
 1.1446874999999999E+01     3.9311142386535397E-01
 1.1503124999999999E+01     4.0075002573825086E-01
 1.1559374999999998E+01     4.0793732179089537E-01
 1.1615624999999998E+01     4.1465791078201053E-01
 1.1671874999999998E+01     4.2089655631483913E-01
 1.1728124999999999E+01     4.2663818059918224E-01
 1.1784374999999999E+01     4.3186785439881903E-01
 1.1840624999999998E+01     4.3657078314218428E-01
 1.1896874999999998E+01     4.4073228927746910E-01
 1.1953124999999998E+01     4.4433779106156512E-01
 1.2009374999999999E+01     4.4737277808183551E-01
 1.2065624999999999E+01     4.4982278391657565E-01
 1.2121874999999998E+01     4.5167335643997175E-01
 1.2178124999999998E+01     4.5291002636624106E-01
 1.2234374999999998E+01     4.5351827470144634E-01
 1.2290624999999999E+01     4.5348368936082539E-01
 1.2346874999999999E+01     4.5280446179715900E-01
 1.2403124999999998E+01     4.5149916726635575E-01
 1.2459374999999998E+01     4.4958807195754485E-01
 1.2515624999999998E+01     4.4709124387691906E-01
 1.2571874999999999E+01     4.4402853243717161E-01
 1.2628124999999997E+01     4.4041955212069711E-01
 1.2684374999999998E+01     4.3628367045563204E-01
 1.2740624999999998E+01     4.3164000041561018E-01
 1.2796874999999998E+01     4.2650739722971320E-01
 1.2853124999999999E+01     4.2090445947300625E-01
 1.2909374999999997E+01     4.1484953420356413E-01
 1.2965624999999998E+01     4.0836072582209670E-01
 1.3021874999999998E+01     4.0145590825686939E-01
 1.3078124999999998E+01     3.9415274002093303E-01
 1.3134374999999999E+01     3.8646868165092479E-01
 1.3190624999999997E+01     3.7842101501649589E-01
 1.3246874999999998E+01     3.7002686398576268E-01
 1.3303124999999998E+01     3.6130321594344750E-01
 1.3359374999999998E+01     3.5226694368263534E-01
 1.3415624999999999E+01     3.4293482722617291E-01
 1.3471874999999997E+01     3.3332357517721500E-01
 1.3528124999999998E+01     3.2344984524806714E-01
 1.3584374999999998E+01     3.1333026366986705E-01
 1.3640624999999998E+01     3.0298144324074094E-01
 1.3696874999999999E+01     2.9241999982499089E-01
 1.3753124999999997E+01     2.8166256716891608E-01
 1.3809374999999998E+01     2.7072580994879003E-01
 1.3865624999999998E+01     2.5962643501224186E-01
 1.3921874999999998E+01     2.4838120081508594E-01
 1.3978124999999999E+01     2.3700692509109011E-01
 1.4034374999999997E+01     2.2552049082206077E-01
 1.4090624999999998E+01     2.1393885059993589E-01
 1.4146874999999998E+01     2.0227902949159426E-01
 1.4203124999999998E+01     1.9055812653107845E-01
 1.4259374999999999E+01     1.7879331497343864E-01
 1.4315624999999997E+01     1.6700184144987029E-01
 1.4371874999999998E+01     1.5520102416588846E-01
 1.4428124999999998E+01     1.4340825028350529E-01
 1.4484374999999998E+01     1.3164097262529820E-01
 1.4540624999999999E+01     1.1991670583347491E-01
 1.4596874999999997E+01     1.0825302211095898E-01
 1.4653124999999998E+01     9.6667546664635173E-02
 1.4709374999999998E+01     8.5177952963516740E-02
 1.4765624999999998E+01     7.3801957917019378E-02
 1.4821874999999999E+01     6.2557317070995627E-02
 1.4878124999999997E+01     5.1461819911777174E-02
 1.4934374999999998E+01     4.0533285361332924E-02
 1.4990624999999998E+01     2.9789557539739824E-02
 1.5046874999999998E+01     1.9248501864462270E-02
 1.5103124999999999E+01     8.9280015493669561E-03
 1.5159374999999997E+01    -1.1540454401835095E-03
 1.5215624999999998E+01    -1.0979728926532756E-02
 1.5271874999999998E+01    -2.0531128510633431E-02
 1.5328124999999998E+01    -2.9790314979557472E-02
 1.5384374999999999E+01    -3.8739351103634238E-02
 1.5440624999999997E+01    -4.7360291805115119E-02
 1.5496874999999998E+01    -5.5635183689987704E-02
 1.5553124999999998E+01    -6.3546063945193784E-02
 1.5609374999999998E+01    -7.1074958615052322E-02
 1.5665624999999999E+01    -7.8203880283078356E-02
 1.5721874999999997E+01    -8.4914825198505850E-02
 1.5778124999999998E+01    -9.1189769900467496E-02
 1.5834374999999998E+01    -9.7010667406684917E-02
 1.5890624999999998E+01    -1.0235944304733721E-01
 1.5946874999999999E+01    -1.0721799003812738E-01
 1.6003124999999997E+01    -1.1156816489895760E-01
 1.6059374999999999E+01    -1.1539178283562601E-01
 1.6115624999999998E+01    -1.1867061321099794E-01
 1.6171874999999996E+01    -1.2138637523873520E-01
 1.6228124999999999E+01    -1.2352073403634753E-01
 1.6284374999999997E+01    -1.2505529717468178E-01
 1.6340624999999999E+01    -1.2597161185758882E-01
 1.6396874999999998E+01    -1.2625241823529107E-01
 1.6453124999999996E+01    -1.2589987035613542E-01
 1.6509374999999999E+01    -1.2493141555090359E-01
 1.6565624999999997E+01    -1.2336485673726903E-01
 1.6621874999999999E+01    -1.2121793947204380E-01
 1.6678124999999998E+01    -1.1850835643650384E-01
 1.6734374999999996E+01    -1.1525375272824448E-01
 1.6790624999999999E+01    -1.1147173188055698E-01
 1.6846874999999997E+01    -1.0717986251472397E-01
 1.6903124999999999E+01    -1.0239568551787796E-01
 1.6959374999999998E+01    -9.7136721629449821E-02
 1.7015624999999996E+01    -9.1420479312742331E-02
 1.7071874999999999E+01    -8.5264462784862757E-02
 1.7128124999999997E+01    -7.8686180077988124E-02
 1.7184374999999999E+01    -7.1703151007525820E-02
 1.7240624999999998E+01    -6.4332914927950346E-02
 1.7296874999999996E+01    -5.6593038164521950E-02
 1.7353124999999999E+01    -4.8501121018470067E-02
 1.7409374999999997E+01    -4.0074804254033029E-02
 1.7465624999999999E+01    -3.1331774987637978E-02
 1.7521874999999998E+01    -2.2289771912071144E-02
 1.7578124999999996E+01    -1.2966589801242720E-02
 1.7634374999999999E+01    -3.3800832538428754E-03
 1.7690624999999997E+01     6.4518303536289946E-03
 1.7746874999999999E+01     1.6511168722534511E-02
 1.7803124999999998E+01     2.6779883304039822E-02
 1.7859374999999996E+01     3.7239858785627744E-02
 1.7915624999999999E+01     4.7872913382392288E-02
 1.7971874999999997E+01     5.8660799916632679E-02
 1.8028124999999999E+01     6.9585207663870011E-02
 1.8084374999999998E+01     8.0627764939253679E-02
 1.8140624999999996E+01     9.1770042395395712E-02
 1.8196874999999999E+01     1.0299355700066846E-01
 1.8253124999999997E+01     1.1427977666588364E-01
 1.8309374999999996E+01     1.2561012548673464E-01
 1.8365624999999998E+01     1.3696598956917805E-01
 1.8421874999999996E+01     1.4832872340487810E-01
 1.8478124999999999E+01     1.5967965676360280E-01
 1.8534374999999997E+01     1.7100010206877173E-01
 1.8590624999999996E+01     1.8227136222107335E-01
 1.8646874999999998E+01     1.9347473883277935E-01
 1.8703124999999996E+01     2.0459154083206410E-01
 1.8759374999999999E+01     2.1560309339197636E-01
 1.8815624999999997E+01     2.2649074713264100E-01
 1.8871874999999996E+01     2.3723588753774194E-01
 1.8928124999999998E+01     2.4781994451723663E-01
 1.8984374999999996E+01     2.5822440203778058E-01
 1.9040624999999999E+01     2.6843080773049821E-01
 1.9096874999999997E+01     2.7842078237280610E-01
 1.9153124999999996E+01     2.8817602912730850E-01
 1.9209374999999998E+01     2.9767834240664393E-01
 1.9265624999999996E+01     3.0690961621919594E-01
 1.9321874999999999E+01     3.1585185183721337E-01
 1.9378124999999997E+01     3.2448716461688637E-01
 1.9434374999999996E+01     3.3279778978998931E-01
 1.9490624999999998E+01     3.4076608703952477E-01
 1.9546874999999996E+01     3.4837454366831488E-01
 1.9603124999999999E+01     3.5560577617033828E-01
 1.9659374999999997E+01     3.6244253002063909E-01
 1.9715624999999996E+01     3.6886767751151595E-01
 1.9771874999999998E+01     3.7486421348090904E-01
 1.9828124999999996E+01     3.8041524880398103E-01
 1.9884374999999999E+01     3.8550400155087028E-01
 1.9940624999999997E+01     3.9011378575258049E-01
 1.9996874999999996E+01     3.9422799776256556E-01
 2.0053124999999998E+01     3.9783010025313836E-01
 2.0109374999999996E+01     4.0090360394252234E-01
 2.0165624999999999E+01     4.0343204720882153E-01
 2.0221874999999997E+01     4.0539897380988194E-01
 2.0278124999999996E+01     4.0678790899114714E-01
 2.0334374999999998E+01     4.0758233432496638E-01
 2.0390624999999996E+01     4.0776566168228900E-01
 2.0446874999999999E+01     4.0732120678874545E-01
 2.0503124999999997E+01     4.0623598794281823E-01
 2.0559374999999996E+01     4.0452001044717245E-01
 2.0615624999999998E+01     4.0219176183362199E-01
 2.0671874999999996E+01     3.9926955364716299E-01
 2.0728124999999999E+01     3.9577148909966253E-01
 2.0784374999999997E+01     3.9171544823308491E-01
 2.0840624999999996E+01     3.8711907578283727E-01
 2.0896874999999998E+01     3.8199977193465950E-01
 2.0953124999999996E+01     3.7637468610939390E-01
 2.1009374999999999E+01     3.7026071384853182E-01
 2.1065624999999997E+01     3.6367449681130903E-01
 2.1121874999999996E+01     3.5663242583292465E-01
 2.1178124999999998E+01     3.4915064693486836E-01
 2.1234374999999996E+01     3.4124507012376859E-01
 2.1290624999999999E+01     3.3293138076595713E-01
 2.1346874999999997E+01     3.2422505328229234E-01
 2.1403124999999996E+01     3.1514136687243921E-01
 2.1459374999999998E+01     3.0569542295061958E-01
 2.1515624999999996E+01     2.9590216395610375E-01
 2.1571874999999999E+01     2.8577639319161896E-01
 2.1628124999999997E+01     2.7533279534137045E-01
 2.1684374999999996E+01     2.6458595732709750E-01
 2.1740624999999998E+01     2.5355038917511308E-01
 2.1796874999999996E+01     2.4224054458879424E-01
 2.1853124999999999E+01     2.3067084094872359E-01
 2.1909374999999997E+01     2.1885567849563115E-01
 2.1965624999999996E+01     2.0680945848833313E-01
 2.2021874999999998E+01     1.9454660016899344E-01
 2.2078124999999996E+01     1.8208155641000298E-01
 2.2134374999999999E+01     1.6942882795948708E-01
 2.2190624999999997E+01     1.5660297624488831E-01
 2.2246874999999996E+01     1.4361863473501918E-01
 2.2303124999999998E+01     1.3049051889971461E-01
 2.2359374999999996E+01     1.1723343484168047E-01
 2.2415624999999999E+01     1.0386228670669359E-01
 2.2471874999999997E+01     9.0392083005353327E-02
 2.2528124999999996E+01     7.6837942001480780E-02
 2.2584374999999998E+01     6.3215096338811089E-02
 2.2640624999999996E+01     4.9538897088398537E-02
 2.2696874999999999E+01     3.5824817404100734E-02
 2.2753124999999997E+01     2.2088455972629442E-02
 2.2809374999999996E+01     8.3455404378993750E-03
 2.2865624999999998E+01    -5.3880690328638806E-03
 2.2921874999999996E+01    -1.9096375891452654E-02
 2.2978124999999999E+01    -3.2763242932239138E-02
 2.3034374999999997E+01    -4.6372387496795259E-02
 2.3090624999999996E+01    -5.9907376090472836E-02
 2.3146874999999998E+01    -7.3351618376112204E-02
 2.3203124999999996E+01    -8.6688360547011234E-02
 2.3259374999999999E+01    -9.9900678120026537E-02
 2.3315624999999997E+01    -1.1297146822935192E-01
 2.3371874999999996E+01    -1.2588344154130757E-01
 2.3428124999999998E+01    -1.3861911394920196E-01
 2.3484374999999996E+01    -1.5116079824417991E-01
 2.3540624999999999E+01    -1.6349059599169066E-01
 2.3596874999999997E+01    -1.7559038987280845E-01
 2.3653124999999996E+01    -1.8744183677404291E-01
 2.3709374999999998E+01    -1.9902636192732093E-01
 2.3765624999999996E+01    -2.1032515441267058E-01
 2.3821874999999999E+01    -2.2131916433876717E-01
 2.3878124999999997E+01    -2.3198910201017364E-01
 2.3934374999999996E+01    -2.4231543937433442E-01
 2.3990624999999998E+01    -2.5227841401560330E-01
 2.4046874999999996E+01    -2.6185803592790219E-01
 2.4103124999999999E+01    -2.7103409725202365E-01
 2.4159374999999997E+01    -2.7978618510868436E-01
 2.4215624999999996E+01    -2.8809369759510606E-01
 2.4271874999999998E+01    -2.9593586294219631E-01
 2.4328124999999996E+01    -3.0329176175310252E-01
 2.4384374999999999E+01    -3.1014035216370384E-01
 2.4440624999999997E+01    -3.1646049768386797E-01
 2.4496874999999996E+01    -3.2223099739740185E-01
 2.4553124999999998E+01    -3.2743063108829285E-01
 2.4609374999999996E+01    -3.3204563214383964E-01
 2.4665624999999999E+01    -3.3608219339755713E-01
 2.4721874999999997E+01    -3.3954987157055261E-01
 2.4778124999999996E+01    -3.4245832609461707E-01
 2.4834374999999998E+01    -3.4481735087307097E-01
 2.4890624999999996E+01    -3.4663690438940209E-01
 2.4946874999999999E+01    -3.4792713764361916E-01
 2.5003124999999997E+01    -3.4869841944405727E-01
 2.5059374999999996E+01    -3.4896135864214217E-01
 2.5115624999999998E+01    -3.4872682296759527E-01
 2.5171874999999996E+01    -3.4800595419955271E-01
 2.5228124999999995E+01    -3.4681017949269155E-01
 2.5284374999999997E+01    -3.4515121876423427E-01
 2.5340624999999996E+01    -3.4304108813492068E-01
 2.5396874999999998E+01    -3.4049209950225695E-01
 2.5453124999999996E+01    -3.3751685640506046E-01
 2.5509374999999995E+01    -3.3412824641232380E-01
 2.5565624999999997E+01    -3.3033943033480889E-01
 2.5621874999999996E+01    -3.2616382861300536E-01
 2.5678124999999998E+01    -3.2161510527887710E-01
 2.5734374999999996E+01    -3.1670714992061999E-01
 2.5790624999999995E+01    -3.1145405809894089E-01
 2.5846874999999997E+01    -3.0587011067041769E-01
 2.5903124999999996E+01    -2.9996975246872687E-01
 2.5959374999999998E+01    -2.9376757077878307E-01
 2.6015624999999996E+01    -2.8727827401332245E-01
 2.6071874999999995E+01    -2.8051667096746624E-01
 2.6128124999999997E+01    -2.7349765098593204E-01
 2.6184374999999996E+01    -2.6623616533141975E-01
 2.6240624999999998E+01    -2.5874720999291861E-01
 2.6296874999999996E+01    -2.5104581012098359E-01
 2.6353124999999995E+01    -2.4314700622483401E-01
 2.6409374999999997E+01    -2.3506584221495980E-01
 2.6465624999999996E+01    -2.2681735532599956E-01
 2.6521874999999998E+01    -2.1841656790896607E-01
 2.6578124999999996E+01    -2.0987848104047876E-01
 2.6634374999999995E+01    -2.0121806985994453E-01
 2.6690624999999997E+01    -1.9245028051424720E-01
 2.6746874999999996E+01    -1.8359002856358614E-01
 2.6803124999999998E+01    -1.7465219868176851E-01
 2.6859374999999996E+01    -1.6565164546941966E-01
 2.6915624999999995E+01    -1.5660319518896548E-01
 2.6971874999999997E+01    -1.4752164822558561E-01
 2.7028124999999996E+01    -1.3842178207815739E-01
 2.7084374999999998E+01    -1.2931835468806233E-01
 2.7140624999999996E+01    -1.2022610792111003E-01
 2.7196874999999995E+01    -1.1115977102815061E-01
 2.7253124999999997E+01    -1.0213406392277805E-01
 2.7309374999999996E+01    -9.3163700129265364E-02
 2.7365624999999998E+01    -8.4263389270108027E-02
 2.7421874999999996E+01    -7.5447838979875476E-02
 2.7478124999999995E+01    -6.6731756150012103E-02
 2.7534374999999997E+01    -5.8129847427592592E-02
 2.7590624999999996E+01    -4.9656818909428871E-02
 2.7646874999999998E+01    -4.1327374991190741E-02
 2.7703124999999996E+01    -3.3156216349173796E-02
 2.7759374999999995E+01    -2.5158037049797258E-02
 2.7815624999999997E+01    -1.7347520798861239E-02
 2.7871874999999996E+01    -9.7393363588342049E-03
 2.7928124999999998E+01    -2.3481321779581957E-03
 2.7984374999999996E+01     4.8114697102971697E-03
 2.8040624999999995E+01     1.1724880445095984E-02
 2.8096874999999997E+01     1.8377551668183792E-02
 2.8153124999999996E+01     2.4754983328935189E-02
 2.8209374999999998E+01     3.0842731856941620E-02
 2.8265624999999996E+01     3.6626418585376408E-02
 2.8321874999999995E+01     4.2091738300748444E-02
 2.8378124999999997E+01     4.7224467788728429E-02
 2.8434374999999996E+01     5.2010474241797694E-02
 2.8490624999999998E+01     5.6435723392666393E-02
 2.8546874999999996E+01     6.0486287237948591E-02
 2.8603124999999995E+01     6.4148351219675076E-02
 2.8659374999999997E+01     6.7408468732488125E-02
 2.8715624999999996E+01     7.0262461311790758E-02
 2.8771874999999998E+01     7.2717876730424832E-02
 2.8828124999999996E+01     7.4783143853744655E-02
 2.8884374999999995E+01     7.6466827245771959E-02
 2.8940624999999997E+01     7.7777627934537311E-02
 2.8996874999999996E+01     7.8724382964846518E-02
 2.9053124999999998E+01     7.9316063762453176E-02
 2.9109374999999996E+01     7.9561773352635395E-02
 2.9165624999999995E+01     7.9470742493620808E-02
 2.9221874999999997E+01     7.9052324800793758E-02
 2.9278124999999996E+01     7.8315990950916514E-02
 2.9334374999999998E+01     7.7271322066439302E-02
 2.9390624999999996E+01     7.5928002388256990E-02
 2.9446874999999995E+01     7.4295811350891097E-02
 2.9503124999999997E+01     7.2384615177054107E-02
 2.9559374999999996E+01     7.0204358108969731E-02
 2.9615624999999998E+01     6.7765053391786984E-02
 2.9671874999999996E+01     6.5076774120174735E-02
 2.9728124999999995E+01     6.2149644052918562E-02
 2.9784374999999997E+01     5.8993828492375860E-02
 2.9840624999999996E+01     5.5619525316260680E-02
 2.9896874999999998E+01     5.2036956238755545E-02
 2.9953124999999996E+01     4.8256358366717822E-02
 3.0009374999999995E+01     4.4287976105055325E-02
 3.0065624999999997E+01     4.0142053453527997E-02
 3.0121874999999996E+01     3.5828826725548435E-02
 3.0178124999999998E+01     3.1358517708266379E-02
 3.0234374999999996E+01     2.6741327272576613E-02
 3.0290624999999995E+01     2.1987429431840240E-02
 3.0346874999999997E+01     1.7106965839257065E-02
 3.0403124999999996E+01     1.2110040706060496E-02
 3.0459374999999998E+01     7.0067161161259991E-03
 3.0515624999999996E+01     1.8070077072613656E-03
 3.0571874999999995E+01    -3.4791193146323065E-03
 3.0628124999999997E+01    -8.8417538651240756E-03
 3.0684374999999996E+01    -1.4271042412700299E-02
 3.0740624999999998E+01    -1.9757192190612283E-02
 3.0796874999999996E+01    -2.5290474226855771E-02
 3.0853124999999995E+01    -3.0861226228193837E-02
 3.0909374999999997E+01    -3.6459855351317585E-02
 3.0965624999999996E+01    -4.2076840890571073E-02
 3.1021874999999998E+01    -4.7702736907230044E-02
 3.1078124999999996E+01    -5.3328174820208768E-02
 3.1134374999999995E+01    -5.8943865972445685E-02
 3.1190624999999997E+01    -6.4540604181129071E-02
 3.1246874999999996E+01    -7.0109268273552697E-02
 3.1303124999999998E+01    -7.5640824603814855E-02
 3.1359374999999996E+01    -8.1126329538920919E-02
 3.1415624999999995E+01    -8.6556931896267064E-02
 3.1471874999999997E+01    -9.1923875308032338E-02
 3.1528124999999996E+01    -9.7218500481878981E-02
 3.1584374999999998E+01    -1.0243224732161704E-01
 3.1640624999999996E+01    -1.0755665686626502E-01
 3.1696874999999995E+01    -1.1258337300137622E-01
 3.1753124999999997E+01    -1.1750414389264666E-01
 3.1809374999999996E+01    -1.2231082308885560E-01
 3.1865624999999998E+01    -1.2699537023915802E-01
 3.1921874999999996E+01    -1.3154985136875522E-01
 3.1978124999999995E+01    -1.3596643865712765E-01
 3.2034374999999997E+01    -1.4023740966432774E-01
 3.2090625000000003E+01    -1.4435514595342500E-01
 3.2146875000000001E+01    -1.4831213106104515E-01
 3.2203125000000000E+01    -1.5210094777311789E-01
 3.2259374999999999E+01    -1.5571427466937515E-01
 3.2315624999999997E+01    -1.5914488190787474E-01
 3.2371875000000003E+01    -1.6238562622971034E-01
 3.2428125000000001E+01    -1.6542944517409713E-01
 3.2484375000000000E+01    -1.6826935050503461E-01
 3.2540624999999999E+01    -1.7089842086259976E-01
 3.2596874999999997E+01    -1.7330979366445440E-01
 3.2653125000000003E+01    -1.7549665629612385E-01
 3.2709375000000001E+01    -1.7745223664182846E-01
 3.2765625000000000E+01    -1.7917052376095108E-01
 3.2821874999999999E+01    -1.8065357077299346E-01
 3.2878124999999997E+01    -1.8190842324224329E-01
 3.2934375000000003E+01    -1.8294219887787019E-01
 3.2990625000000001E+01    -1.8376200243470256E-01
 3.3046875000000000E+01    -1.8437491519562593E-01
 3.3103124999999999E+01    -1.8478798486082373E-01
 3.3159374999999997E+01    -1.8500821592744790E-01
 3.3215625000000003E+01    -1.8504256063598262E-01
 3.3271875000000001E+01    -1.8489791055129126E-01
 3.3328125000000000E+01    -1.8458108883735416E-01
 3.3384374999999999E+01    -1.8409884327515749E-01
 3.3440624999999997E+01    -1.8345784006326588E-01
 3.3496875000000003E+01    -1.8266465843051632E-01
 3.3553125000000001E+01    -1.8172578608013989E-01
 3.3609375000000000E+01    -1.8064761547462457E-01
 3.3665624999999999E+01    -1.7943644096096420E-01
 3.3721874999999997E+01    -1.7809845672665511E-01
 3.3778125000000003E+01    -1.7663975556810552E-01
 3.3834375000000001E+01    -1.7506632844505360E-01
 3.3890625000000000E+01    -1.7338406478725865E-01
 3.3946874999999999E+01    -1.7159875351320517E-01
 3.4003124999999997E+01    -1.6971608471487065E-01
 3.4059375000000003E+01    -1.6774165195780374E-01
 3.4115625000000001E+01    -1.6568095514185807E-01
 3.4171875000000000E+01    -1.6353940386488947E-01
 3.4228124999999999E+01    -1.6132232122960791E-01
 3.4284374999999997E+01    -1.5903494803245977E-01
 3.4340625000000003E+01    -1.5668244727295935E-01
 3.4396875000000001E+01    -1.5426990892217723E-01
 3.4453125000000000E+01    -1.5180235489007785E-01
 3.4509374999999999E+01    -1.4928474413308396E-01
 3.4565624999999997E+01    -1.4672197784545599E-01
 3.4621875000000003E+01    -1.4411890468085647E-01
 3.4678125000000001E+01    -1.4148032595367466E-01
 3.4734375000000000E+01    -1.3881100077326630E-01
 3.4790624999999999E+01    -1.3611565106819182E-01
 3.4846874999999997E+01    -1.3339896646165114E-01
 3.4903125000000003E+01    -1.3066560896366675E-01
 3.4959375000000001E+01    -1.2792021745000060E-01
 3.5015625000000000E+01    -1.2516741190228936E-01
 3.5071874999999999E+01    -1.2241179738841743E-01
 3.5128124999999997E+01    -1.1965796776659264E-01
 3.5184375000000003E+01    -1.1691050910099002E-01
 3.5240625000000001E+01    -1.1417400278108357E-01
 3.5296875000000000E+01    -1.1145302834086199E-01
 3.5353124999999999E+01    -1.0875216597804396E-01
 3.5409374999999997E+01    -1.0607599877705395E-01
 3.5465625000000003E+01    -1.0342911464295412E-01
 3.5521875000000001E+01    -1.0081610795667459E-01
 3.5578125000000000E+01    -9.8241580964737896E-02
 3.5634374999999999E+01    -9.5710144919245857E-02
 3.5690624999999997E+01    -9.3226420986121508E-02
 3.5746875000000003E+01    -9.0795040941528196E-02
 3.5803125000000001E+01    -8.8420647677971850E-02
 3.5859375000000000E+01    -8.6107895542831284E-02
 3.5915624999999999E+01    -8.3861450532991558E-02
 3.5971874999999997E+01    -8.1685990369813763E-02
 3.6028125000000003E+01    -7.9586204478923936E-02
 3.6084375000000001E+01    -7.7566793899226660E-02
 3.6140625000000000E+01    -7.5632471145127056E-02
 3.6196874999999999E+01    -7.3787960045268192E-02
 3.6253124999999997E+01    -7.2037995580066891E-02
 3.6309374999999996E+01    -7.0387323739086335E-02
 3.6365625000000001E+01    -6.8840701417755418E-02
 3.6421875000000000E+01    -6.7402896371217172E-02
 3.6478124999999999E+01    -6.6078687241136635E-02
 3.6534374999999997E+01    -6.4872863669211134E-02
 3.6590624999999996E+01    -6.3790226508864706E-02
 3.6646875000000001E+01    -6.2835588144273119E-02
 3.6703125000000000E+01    -6.2013772923439688E-02
 3.6759374999999999E+01    -6.1329617709576796E-02
 3.6815624999999997E+01    -6.0787972552587173E-02
 3.6871874999999996E+01    -6.0392467908079839E-02
 3.6928125000000001E+01    -6.0141093007024166E-02
 3.6984375000000000E+01    -6.0030232810724456E-02
 3.7040624999999999E+01    -6.0056289038861899E-02
 3.7096874999999997E+01    -6.0215681434279009E-02
 3.7153124999999996E+01    -6.0504848978300156E-02
 3.7209375000000001E+01    -6.0920251172393525E-02
 3.7265625000000000E+01    -6.1458369368712192E-02
 3.7321874999999999E+01    -6.2115708132179259E-02
 3.7378124999999997E+01    -6.2888796617071252E-02
 3.7434374999999996E+01    -6.3774189941473450E-02
 3.7490625000000001E+01    -6.4768470543522361E-02
 3.7546875000000000E+01    -6.5868249503977155E-02
 3.7603124999999999E+01    -6.7070167820354465E-02
 3.7659374999999997E+01    -6.8370897618613202E-02
 3.7715624999999996E+01    -6.9767143289149458E-02
 3.7771875000000001E+01    -7.1255642534660199E-02
 3.7828125000000000E+01    -7.2833167318241215E-02
 3.7884374999999999E+01    -7.4496524700881459E-02
 3.7940624999999997E+01    -7.6242557558307902E-02
 3.7996874999999996E+01    -7.8068145167909192E-02
 3.8053125000000001E+01    -7.9970203657223363E-02
 3.8109375000000000E+01    -8.1945686306211435E-02
 3.8165624999999999E+01    -8.3991583696254452E-02
 3.8221874999999997E+01    -8.6104923699511254E-02
 3.8278124999999996E+01    -8.8282771302953741E-02
 3.8334375000000001E+01    -9.0522228262076135E-02
 3.8390625000000000E+01    -9.2820432579931167E-02
 3.8446874999999999E+01    -9.5174557807821289E-02
 3.8503124999999997E+01    -9.7581812164639528E-02
 3.8559374999999996E+01    -1.0003943747254755E-01
 3.8615625000000001E+01    -1.0254470790739560E-01
 3.8671875000000000E+01    -1.0509492856303648E-01
 3.8728124999999999E+01    -1.0768743382949186E-01
 3.8784374999999997E+01    -1.1031958558578449E-01
 3.8840624999999996E+01    -1.1298877120918757E-01
 3.8896875000000001E+01    -1.1569240140366899E-01
 3.8953125000000000E+01    -1.1842790785143192E-01
 3.9009374999999999E+01    -1.2119274069270289E-01
 3.9065624999999997E+01    -1.2398436584028762E-01
 3.9121874999999996E+01    -1.2680026213693665E-01
 3.9178125000000001E+01    -1.2963791836523725E-01
 3.9234375000000000E+01    -1.3249483012157315E-01
 3.9290624999999999E+01    -1.3536849656770097E-01
 3.9346874999999997E+01    -1.3825641707563835E-01
 3.9403124999999996E+01    -1.4115608778388616E-01
 3.9459375000000001E+01    -1.4406499808545870E-01
 3.9515625000000000E+01    -1.4698062707078360E-01
 3.9571874999999999E+01    -1.4990043995119851E-01
 3.9628124999999997E+01    -1.5282188449150369E-01
 3.9684374999999996E+01    -1.5574238748275543E-01
 3.9740625000000001E+01    -1.5865935128916431E-01
 3.9796875000000000E+01    -1.6157015050551055E-01
 3.9853124999999999E+01    -1.6447212876383144E-01
 3.9909374999999997E+01    -1.6736259573018597E-01
 3.9965624999999996E+01    -1.7023882433395593E-01
 4.0021875000000001E+01    -1.7309804827329800E-01
 4.0078125000000000E+01    -1.7593745984091469E-01
 4.0134374999999999E+01    -1.7875420811413845E-01
 4.0190624999999997E+01    -1.8154539755232060E-01
 4.0246874999999996E+01    -1.8430808704259924E-01
 4.0303125000000001E+01    -1.8703928943216058E-01
 4.0359375000000000E+01    -1.8973597158106142E-01
 4.0415624999999999E+01    -1.9239505496448014E-01
 4.0471874999999997E+01    -1.9501341684687243E-01
 4.0528124999999996E+01    -1.9758789204293462E-01
 4.0584375000000001E+01    -2.0011527527157830E-01
 4.0640625000000000E+01    -2.0259232409933084E-01
 4.0696874999999999E+01    -2.0501576245886388E-01
 4.0753124999999997E+01    -2.0738228471685805E-01
 4.0809374999999996E+01    -2.0968856025334781E-01
 4.0865625000000001E+01    -2.1193123850233264E-01
 4.0921875000000000E+01    -2.1410695439106081E-01
 4.0978124999999999E+01    -2.1621233410333016E-01
 4.1034374999999997E+01    -2.1824400108077563E-01
 4.1090624999999996E+01    -2.2019858216576532E-01
 4.1146875000000001E+01    -2.2207271378062965E-01
 4.1203125000000000E+01    -2.2386304803083906E-01
 4.1259374999999999E+01    -2.2556625861476332E-01
 4.1315624999999997E+01    -2.2717904642017145E-01
 4.1371874999999996E+01    -2.2869814468782476E-01
 4.1428125000000001E+01    -2.3012032362567242E-01
 4.1484375000000000E+01    -2.3144239436336200E-01
 4.1540624999999999E+01    -2.3266121214604762E-01
 4.1596874999999997E+01    -2.3377367867882920E-01
 4.1653124999999996E+01    -2.3477674354836411E-01
 4.1709375000000001E+01    -2.3566740466609062E-01
 4.1765625000000000E+01    -2.3644270769769449E-01
 4.1821874999999999E+01    -2.3709974446553966E-01
 4.1878124999999997E+01    -2.3763565033426245E-01
 4.1934374999999996E+01    -2.3804760061399766E-01
 4.1990625000000001E+01    -2.3833280604018592E-01
 4.2046875000000000E+01    -2.3848850741285271E-01
 4.2103124999999999E+01    -2.3851196950104714E-01
 4.2159374999999997E+01    -2.3840047433903760E-01
 4.2215624999999996E+01    -2.3815131405921675E-01
 4.2271875000000001E+01    -2.3776178342187870E-01
 4.2328125000000000E+01    -2.3722917221347861E-01
 4.2384374999999999E+01    -2.3655075769222900E-01
 4.2440624999999997E+01    -2.3572379726254472E-01
 4.2496874999999996E+01    -2.3474552155764081E-01
 4.2553125000000001E+01    -2.3361312810244381E-01
 4.2609375000000000E+01    -2.3232377571691121E-01
 4.2665624999999999E+01    -2.3087457980305287E-01
 4.2721874999999997E+01    -2.2926260863781700E-01
 4.2778124999999996E+01    -2.2748488076900150E-01
 4.2834375000000001E+01    -2.2553836358321522E-01
 4.2890625000000000E+01    -2.2341997308439498E-01
 4.2946874999999999E+01    -2.2112657488940218E-01
 4.3003124999999997E+01    -2.1865498641481634E-01
 4.3059374999999996E+01    -2.1600198019714789E-01
 4.3115625000000001E+01    -2.1316428825845518E-01
 4.3171875000000000E+01    -2.1013860740169193E-01
 4.3228124999999999E+01    -2.0692160529596079E-01
 4.3284374999999997E+01    -2.0350992719206434E-01
 4.3340624999999996E+01    -1.9990020309387468E-01
 4.3396875000000001E+01    -1.9608905520166300E-01
 4.3453125000000000E+01    -1.9207310543980988E-01
 4.3509374999999999E+01    -1.8784898288338284E-01
 4.3565624999999997E+01    -1.8341333090572334E-01
 4.3621874999999996E+01    -1.7876281388208348E-01
 4.3678125000000001E+01    -1.7389412330196957E-01
 4.3734375000000000E+01    -1.6880398316447742E-01
 4.3790624999999999E+01    -1.6348915455573151E-01
 4.3846874999999997E+01    -1.5794643933470726E-01
 4.3903124999999996E+01    -1.5217268288223981E-01
 4.3959375000000001E+01    -1.4616477589703145E-01
 4.4015625000000000E+01    -1.3992207533797824E-01
 4.4071874999999999E+01    -1.3349487490430320E-01
 4.4128124999999997E+01    -1.2692556063785268E-01
 4.4184374999999996E+01    -1.2023497587442122E-01
 4.4240625000000001E+01    -1.1343262335278959E-01
 4.4296875000000000E+01    -1.0651539379506547E-01
 4.4353124999999999E+01    -9.9467944092002103E-02
 4.4409374999999997E+01    -9.2264629964412190E-02
 4.4465624999999996E+01    -8.4872661173902894E-02
 4.4521875000000001E+01    -7.7255972493705138E-02
 4.4578125000000000E+01    -6.9379213251513278E-02
 4.4634374999999999E+01    -6.1211259095488052E-02
 4.4690624999999997E+01    -5.2727735493648446E-02
 4.4746874999999996E+01    -4.3912198128758975E-02
 4.4803125000000001E+01    -3.4755819764399433E-02
 4.4859375000000000E+01    -2.5255661200530358E-02
 4.4915624999999999E+01    -1.5411827256455481E-02
 4.4971874999999997E+01    -5.2239971906505624E-03
