#                  time                       real
 2.8125000000000001E-02    -2.8980469169949423E-03
 8.4374999999999992E-02    -8.5945233221900452E-03
 1.4062500000000000E-01    -1.4159317860254227E-02
 1.9687499999999999E-01    -1.9593800176702043E-02
 2.5312499999999999E-01    -2.4899339917048038E-02
 3.0937500000000001E-01    -3.0077306726806769E-02
 3.6562499999999998E-01    -3.5129070251492769E-02
 4.2187499999999994E-01    -4.0056000136620605E-02
 4.7812499999999997E-01    -4.4859466027704811E-02
 5.3437499999999993E-01    -4.9540837570259955E-02
 5.9062499999999996E-01    -5.4101484409800560E-02
 6.4687499999999987E-01    -5.8542776191841207E-02
 7.0312499999999989E-01    -6.2866082561896408E-02
 7.5937499999999991E-01    -6.7072773165480756E-02
 8.1562499999999982E-01    -7.1164217648108763E-02
 8.7187499999999984E-01    -7.5141785655294974E-02
 9.2812499999999987E-01    -7.9006846832553990E-02
 9.8437499999999989E-01    -8.2760770825400329E-02
 1.0406249999999999E+00    -8.6404927279348509E-02
 1.0968749999999998E+00    -8.9940685839913104E-02
 1.1531250000000000E+00    -9.3369416152608700E-02
 1.2093749999999999E+00    -9.6692487862949789E-02
 1.2656249999999998E+00    -9.9911270616450942E-02
 1.3218749999999999E+00    -1.0302713405862673E-01
 1.3781249999999998E+00    -1.0604144783499166E-01
 1.4343749999999997E+00    -1.0895558159106034E-01
 1.4906249999999999E+00    -1.1177090497234722E-01
 1.5468749999999998E+00    -1.1448878762436697E-01
 1.6031249999999997E+00    -1.1711059919263406E-01
 1.6593749999999998E+00    -1.1963770932266303E-01
 1.7156249999999997E+00    -1.2207148765996852E-01
 1.7718749999999999E+00    -1.2441330385006497E-01
 1.8281249999999998E+00    -1.2666452753846699E-01
 1.8843749999999997E+00    -1.2882652837068911E-01
 1.9406249999999998E+00    -1.3090067599224589E-01
 1.9968749999999997E+00    -1.3288834004865191E-01
 2.0531250000000001E+00    -1.3479089018542167E-01
 2.1093750000000000E+00    -1.3660969604806972E-01
 2.1656249999999999E+00    -1.3834612728211057E-01
 2.2218749999999998E+00    -1.4000155353305888E-01
 2.2781250000000002E+00    -1.4157734444642919E-01
 2.3343750000000001E+00    -1.4307486966773600E-01
 2.3906250000000000E+00    -1.4449549884249380E-01
 2.4468749999999999E+00    -1.4584060161621715E-01
 2.5031249999999998E+00    -1.4711154763442066E-01
 2.5593749999999997E+00    -1.4830970654261899E-01
 2.6156250000000001E+00    -1.4943644798632649E-01
 2.6718750000000000E+00    -1.5049314161105773E-01
 2.7281249999999999E+00    -1.5148115706232740E-01
 2.7843749999999998E+00    -1.5240186398564989E-01
 2.8406249999999997E+00    -1.5325663202653994E-01
 2.8968750000000001E+00    -1.5404683083051188E-01
 2.9531250000000000E+00    -1.5477383004308037E-01
 3.0093749999999999E+00    -1.5543899930975996E-01
 3.0656249999999998E+00    -1.5604370827606523E-01
 3.1218749999999997E+00    -1.5658932658751062E-01
 3.1781249999999996E+00    -1.5707722388961079E-01
 3.2343750000000000E+00    -1.5750876982788023E-01
 3.2906249999999999E+00    -1.5788533404783353E-01
 3.3468749999999998E+00    -1.5820828619498520E-01
 3.4031249999999997E+00    -1.5847899591484985E-01
 3.4593749999999996E+00    -1.5869883285294190E-01
 3.5156250000000000E+00    -1.5886916665477602E-01
 3.5718749999999999E+00    -1.5899136696586672E-01
 3.6281249999999998E+00    -1.5906680343172858E-01
 3.6843749999999997E+00    -1.5909684569787610E-01
 3.7406249999999996E+00    -1.5908286340982389E-01
 3.7968750000000000E+00    -1.5902622621308640E-01
 3.8531249999999999E+00    -1.5892830375317821E-01
 3.9093749999999998E+00    -1.5879046567561400E-01
 3.9656249999999997E+00    -1.5861408162590820E-01
 4.0218749999999996E+00    -1.5840052124957529E-01
 4.0781250000000000E+00    -1.5815115419212997E-01
 4.1343749999999995E+00    -1.5786735009908676E-01
 4.1906249999999998E+00    -1.5755047861596008E-01
 4.2468750000000002E+00    -1.5720190938826462E-01
 4.3031249999999996E+00    -1.5682301206151486E-01
 4.3593750000000000E+00    -1.5641515628122538E-01
 4.4156249999999995E+00    -1.5597971169291072E-01
 4.4718749999999998E+00    -1.5551804794208543E-01
 4.5281250000000002E+00    -1.5503153467426406E-01
 4.5843749999999996E+00    -1.5452154153496114E-01
 4.6406250000000000E+00    -1.5398943816969130E-01
 4.6968749999999995E+00    -1.5343659422396899E-01
 4.7531249999999998E+00    -1.5286437934330882E-01
 4.8093749999999993E+00    -1.5227416317322523E-01
 4.8656249999999996E+00    -1.5166731535923292E-01
 4.9218750000000000E+00    -1.5104520554684636E-01
 4.9781249999999995E+00    -1.5040920338158015E-01
 5.0343749999999998E+00    -1.4976067850894872E-01
 5.0906249999999993E+00    -1.4910100057446671E-01
 5.1468749999999996E+00    -1.4843153922364871E-01
 5.2031250000000000E+00    -1.4775366410200921E-01
 5.2593749999999995E+00    -1.4706874485506277E-01
 5.3156249999999998E+00    -1.4637815112832392E-01
 5.3718749999999993E+00    -1.4568325256730724E-01
 5.4281249999999996E+00    -1.4498541881752725E-01
 5.4843750000000000E+00    -1.4428601952449852E-01
 5.5406249999999995E+00    -1.4358642433373561E-01
 5.5968749999999998E+00    -1.4288800289075301E-01
 5.6531249999999993E+00    -1.4219212484106536E-01
 5.7093749999999996E+00    -1.4150015983018716E-01
 5.7656250000000000E+00    -1.4081347750363293E-01
 5.8218749999999995E+00    -1.4013344750691725E-01
 5.8781249999999998E+00    -1.3946143948555467E-01
 5.9343749999999993E+00    -1.3879882308505975E-01
 5.9906249999999996E+00    -1.3814696795094700E-01
 6.0468750000000000E+00    -1.3750724372873105E-01
 6.1031249999999995E+00    -1.3688102006392636E-01
 6.1593749999999998E+00    -1.3626966660204753E-01
 6.2156249999999993E+00    -1.3567455298860909E-01
 6.2718749999999996E+00    -1.3509704886912560E-01
 6.3281249999999991E+00    -1.3453852388911156E-01
 6.3843749999999995E+00    -1.3400034769408159E-01
 6.4406249999999998E+00    -1.3348388992955021E-01
 6.4968749999999993E+00    -1.3299052024103197E-01
 6.5531249999999996E+00    -1.3252160827404141E-01
 6.6093749999999991E+00    -1.3207852367409312E-01
 6.6656249999999995E+00    -1.3166263608670159E-01
 6.7218749999999998E+00    -1.3127531515738142E-01
 6.7781249999999993E+00    -1.3091793053164710E-01
 6.8343749999999996E+00    -1.3059185185501321E-01
 6.8906249999999991E+00    -1.3029844877299435E-01
 6.9468749999999995E+00    -1.3003909093110499E-01
 7.0031249999999998E+00    -1.2981514797485971E-01
 7.0593749999999993E+00    -1.2962798954977306E-01
 7.1156249999999996E+00    -1.2947898530135962E-01
 7.1718749999999991E+00    -1.2936950487513391E-01
 7.2281249999999995E+00    -1.2930091791661044E-01
 7.2843749999999998E+00    -1.2927459407130382E-01
 7.3406249999999993E+00    -1.2929190298472859E-01
 7.3968749999999996E+00    -1.2935421430239927E-01
 7.4531249999999991E+00    -1.2946289766983043E-01
 7.5093749999999995E+00    -1.2961932273253662E-01
 7.5656249999999998E+00    -1.2982485913603237E-01
 7.6218749999999993E+00    -1.3008087652583225E-01
 7.6781249999999996E+00    -1.3038874454745081E-01
 7.7343749999999991E+00    -1.3074983284640257E-01
 7.7906249999999995E+00    -1.3116551106820212E-01
 7.8468749999999998E+00    -1.3163714885836397E-01
 7.9031249999999993E+00    -1.3216611586240273E-01
 7.9593749999999996E+00    -1.3275378172583291E-01
 8.0156249999999982E+00    -1.3340151609416898E-01
 8.0718749999999986E+00    -1.3411068861292563E-01
 8.1281249999999989E+00    -1.3488266892761736E-01
 8.1843749999999993E+00    -1.3571882660470472E-01
 8.2406249999999979E+00    -1.3661956967732281E-01
 8.2968749999999982E+00    -1.3758194931026857E-01
 8.3531249999999986E+00    -1.3860228454960749E-01
 8.4093749999999989E+00    -1.3967689444140521E-01
 8.4656249999999993E+00    -1.4080209803172741E-01
 8.5218749999999979E+00    -1.4197421436663971E-01
 8.5781249999999982E+00    -1.4318956249220771E-01
 8.6343749999999986E+00    -1.4444446145449710E-01
 8.6906249999999989E+00    -1.4573523029957347E-01
 8.7468749999999993E+00    -1.4705818807350243E-01
 8.8031249999999979E+00    -1.4840965382234964E-01
 8.8593749999999982E+00    -1.4978594659218072E-01
 8.9156249999999986E+00    -1.5118338542906137E-01
 8.9718749999999989E+00    -1.5259828937905712E-01
 9.0281249999999993E+00    -1.5402697748823360E-01
 9.0843749999999979E+00    -1.5546576880265647E-01
 9.1406249999999982E+00    -1.5691098236839143E-01
 9.1968749999999986E+00    -1.5835893723150402E-01
 9.2531249999999989E+00    -1.5980595243805990E-01
 9.3093749999999975E+00    -1.6124834703412466E-01
 9.3656249999999979E+00    -1.6268244006576404E-01
 9.4218749999999982E+00    -1.6410455057904352E-01
 9.4781249999999986E+00    -1.6551099762002888E-01
 9.5343749999999989E+00    -1.6689810023478571E-01
 9.5906249999999975E+00    -1.6826217746937949E-01
 9.6468749999999979E+00    -1.6959954836987606E-01
 9.7031249999999982E+00    -1.7090653198234096E-01
 9.7593749999999986E+00    -1.7217944735283983E-01
 9.8156249999999989E+00    -1.7341461352743825E-01
 9.8718749999999975E+00    -1.7460834955220195E-01
 9.9281249999999979E+00    -1.7575697447319646E-01
 9.9843749999999982E+00    -1.7685680733648745E-01
 1.0040624999999999E+01    -1.7790416718814062E-01
 1.0096874999999999E+01    -1.7889537307422146E-01
 1.0153124999999998E+01    -1.7982674404079571E-01
 1.0209374999999998E+01    -1.8069459913392891E-01
 1.0265624999999998E+01    -1.8149525739968686E-01
 1.0321874999999999E+01    -1.8222503788413502E-01
 1.0378124999999999E+01    -1.8288025963333904E-01
 1.0434374999999998E+01    -1.8345724169336461E-01
 1.0490624999999998E+01    -1.8395230311027735E-01
 1.0546874999999998E+01    -1.8436176293014295E-01
 1.0603124999999999E+01    -1.8468194019902687E-01
 1.0659374999999999E+01    -1.8490915396299484E-01
 1.0715624999999998E+01    -1.8503972326811255E-01
 1.0771874999999998E+01    -1.8506996716044552E-01
 1.0828124999999998E+01    -1.8499620468605946E-01
 1.0884374999999999E+01    -1.8481475489101998E-01
 1.0940624999999999E+01    -1.8452193682139273E-01
 1.0996874999999998E+01    -1.8411406952324322E-01
 1.1053124999999998E+01    -1.8358747204263728E-01
 1.1109374999999998E+01    -1.8293846342564041E-01
 1.1165624999999999E+01    -1.8216336271831821E-01
 1.1221874999999999E+01    -1.8125848896673641E-01
 1.1278124999999998E+01    -1.8022016121696055E-01
 1.1334374999999998E+01    -1.7904469851505633E-01
 1.1390624999999998E+01    -1.7772841990708937E-01
 1.1446874999999999E+01    -1.7626764443912529E-01
 1.1503124999999999E+01    -1.7465869115722968E-01
 1.1559374999999998E+01    -1.7289787910746829E-01
 1.1615624999999998E+01    -1.7098152733590660E-01
 1.1671874999999998E+01    -1.6890595488861029E-01
 1.1728124999999999E+01    -1.6666748081164504E-01
 1.1784374999999999E+01    -1.6426242415107650E-01
 1.1840624999999998E+01    -1.6168710395297017E-01
 1.1896874999999998E+01    -1.5893783926339178E-01
 1.1953124999999998E+01    -1.5601094912840696E-01
 1.2009374999999999E+01    -1.5290275259408126E-01
 1.2065624999999999E+01    -1.4960956870648046E-01
 1.2121874999999998E+01    -1.4612771651167011E-01
 1.2178124999999998E+01    -1.4245351505571585E-01
 1.2234374999999998E+01    -1.3858328338468315E-01
 1.2290624999999999E+01    -1.3451339922378763E-01
 1.2346874999999999E+01    -1.3024417796002755E-01
 1.2403124999999998E+01    -1.2578229097589194E-01
 1.2459374999999998E+01    -1.2113498703617492E-01
 1.2515624999999998E+01    -1.1630951490567075E-01
 1.2571874999999999E+01    -1.1131312334917361E-01
 1.2628124999999997E+01    -1.0615306113147790E-01
 1.2684374999999998E+01    -1.0083657701737755E-01
 1.2740624999999998E+01    -9.5370919771666882E-02
 1.2796874999999998E+01    -8.9763338159140046E-02
 1.2853124999999999E+01    -8.4021080944591348E-02
 1.2909374999999997E+01    -7.8151396892815056E-02
 1.2965624999999998E+01    -7.2161534768605179E-02
 1.3021874999999998E+01    -6.6058743336755987E-02
 1.3078124999999998E+01    -5.9850271362061676E-02
 1.3134374999999999E+01    -5.3543367609316515E-02
 1.3190624999999997E+01    -4.7145280843314916E-02
 1.3246874999999998E+01    -4.0663259828850613E-02
 1.3303124999999998E+01    -3.4104553330718074E-02
 1.3359374999999998E+01    -2.7476410113711526E-02
 1.3415624999999999E+01    -2.0786078942625082E-02
 1.3471874999999997E+01    -1.4040808582253201E-02
 1.3528124999999998E+01    -7.2478477973897089E-03
 1.3584374999999998E+01    -4.1444535282896162E-04
 1.3640624999999998E+01     6.4521499866347348E-03
 1.3696874999999999E+01     1.3344689456207325E-02
 1.3753124999999997E+01     2.0255924291094234E-02
 1.3809374999999998E+01     2.7178605726501770E-02
 1.3865624999999998E+01     3.4105484997635591E-02
 1.3921874999999998E+01     4.1029313339701237E-02
 1.3978124999999999E+01     4.7942841987904744E-02
 1.4034374999999997E+01     5.4838822177451646E-02
 1.4090624999999998E+01     6.1710005143548088E-02
 1.4146874999999998E+01     6.8549142121399745E-02
 1.4203124999999998E+01     7.5348984346212233E-02
 1.4259374999999999E+01     8.2102283053191574E-02
 1.4315624999999997E+01     8.8801789477543247E-02
 1.4371874999999998E+01     9.5440254854473452E-02
 1.4428124999999998E+01     1.0201043041918775E-01
 1.4484374999999998E+01     1.0850506740689196E-01
 1.4540624999999999E+01     1.1491691705279193E-01
 1.4596874999999997E+01     1.2123873059209320E-01
 1.4653124999999998E+01     1.2746325926000202E-01
 1.4709374999999998E+01     1.3358325429172382E-01
 1.4765624999999998E+01     1.3959146692246455E-01
 1.4821874999999999E+01     1.4548064838743002E-01
 1.4878124999999997E+01     1.5124354992182590E-01
 1.4934374999999998E+01     1.5687292276085801E-01
 1.4990624999999998E+01     1.6236151813973226E-01
 1.5046874999999998E+01     1.6770208729365438E-01
 1.5103124999999999E+01     1.7288738145783011E-01
 1.5159374999999997E+01     1.7791015186746520E-01
 1.5215624999999998E+01     1.8276314975776559E-01
 1.5271874999999998E+01     1.8743912636393717E-01
 1.5328124999999998E+01     1.9193083292118540E-01
 1.5384374999999999E+01     1.9623102066471640E-01
 1.5440624999999997E+01     2.0033244082973561E-01
 1.5496874999999998E+01     2.0422784465144914E-01
 1.5553124999999998E+01     2.0790998336506269E-01
 1.5609374999999998E+01     2.1137160820578210E-01
 1.5665624999999999E+01     2.1460547040881298E-01
 1.5721874999999997E+01     2.1760432120936130E-01
 1.5778124999999998E+01     2.2036091184263273E-01
 1.5834374999999998E+01     2.2286799354383330E-01
 1.5890624999999998E+01     2.2511831754816847E-01
 1.5946874999999999E+01     2.2710463509084422E-01
 1.6003124999999997E+01     2.2881969740706637E-01
 1.6059374999999999E+01     2.3025625573204073E-01
 1.6115624999999998E+01     2.3140706130097288E-01
 1.6171874999999996E+01     2.3226486534906887E-01
 1.6228124999999999E+01     2.3282241911153434E-01
 1.6284374999999997E+01     2.3307247382357521E-01
 1.6340624999999999E+01     2.3300778072039702E-01
 1.6396874999999998E+01     2.3262165201058280E-01
 1.6453124999999996E+01     2.3191610354381517E-01
 1.6509374999999999E+01     2.3090001332703838E-01
 1.6565624999999997E+01     2.2958244550720203E-01
 1.6621874999999999E+01     2.2797246423125572E-01
 1.6678124999999998E+01     2.2607913364614896E-01
 1.6734374999999996E+01     2.2391151789883157E-01
 1.6790624999999999E+01     2.2147868113625271E-01
 1.6846874999999997E+01     2.1878968750536237E-01
 1.6903124999999999E+01     2.1585360115310978E-01
 1.6959374999999998E+01     2.1267948622644489E-01
 1.7015624999999996E+01     2.0927640687231702E-01
 1.7071874999999999E+01     2.0565342723767557E-01
 1.7128124999999997E+01     2.0181961146947067E-01
 1.7184374999999999E+01     1.9778402371465115E-01
 1.7240624999999998E+01     1.9355572812016739E-01
 1.7296874999999996E+01     1.8914378883296851E-01
 1.7353124999999999E+01     1.8455727000000391E-01
 1.7409374999999997E+01     1.7980523576822371E-01
 1.7465624999999999E+01     1.7489675028457688E-01
 1.7521874999999998E+01     1.6984087769601361E-01
 1.7578124999999996E+01     1.6464668214948319E-01
 1.7634374999999999E+01     1.5932322779193486E-01
 1.7690624999999997E+01     1.5387957877031880E-01
 1.7746874999999999E+01     1.4832479923158401E-01
 1.7803124999999998E+01     1.4266795332268062E-01
 1.7859374999999996E+01     1.3691810519055808E-01
 1.7915624999999999E+01     1.3108431898216538E-01
 1.7971874999999997E+01     1.2517565884445295E-01
 1.8028124999999999E+01     1.1920118892436954E-01
 1.8084374999999998E+01     1.1316997336886557E-01
 1.8140624999999996E+01     1.0709107632489021E-01
 1.8196874999999999E+01     1.0097356193939271E-01
 1.8253124999999997E+01     9.4826494359323235E-02
 1.8309374999999996E+01     8.8658937731631068E-02
 1.8365624999999998E+01     8.2479956203265495E-02
 1.8421874999999996E+01     7.6298613921176761E-02
 1.8478124999999999E+01     7.0123975032313712E-02
 1.8534374999999997E+01     6.3965103683626665E-02
 1.8590624999999996E+01     5.7831064022064803E-02
 1.8646874999999998E+01     5.1730920194577416E-02
 1.8703124999999996E+01     4.5673736348114752E-02
 1.8759374999999999E+01     3.9668576629625654E-02
 1.8815624999999997E+01     3.3724505186060370E-02
 1.8871874999999996E+01     2.7850586164368245E-02
 1.8928124999999998E+01     2.2055883711498431E-02
 1.8984374999999996E+01     1.6349461974401187E-02
 1.9040624999999999E+01     1.0740385100025434E-02
 1.9096874999999997E+01     5.2377172353214908E-03
 1.9153124999999996E+01    -1.4947747276156109E-04
 1.9209374999999998E+01    -5.4121348772744222E-03
 1.9265624999999996E+01    -1.0541190831266766E-02
 1.9321874999999999E+01    -1.5527581187789713E-02
 1.9378124999999997E+01    -2.0362241799893058E-02
 1.9434374999999996E+01    -2.5036108520627549E-02
 1.9490624999999998E+01    -2.9540117203043982E-02
 1.9546874999999996E+01    -3.3865203700192033E-02
 1.9603124999999999E+01    -3.8002303865122794E-02
 1.9659374999999997E+01    -4.1942353550886165E-02
 1.9715624999999996E+01    -4.5676288610532731E-02
 1.9771874999999998E+01    -4.9195044897113197E-02
 1.9828124999999996E+01    -5.2489558263677578E-02
 1.9884374999999999E+01    -5.5550764563276726E-02
 1.9940624999999997E+01    -5.8369599648960574E-02
 1.9996874999999996E+01    -6.0936999373779832E-02
 2.0053124999999998E+01    -6.3243899590785108E-02
 2.0109374999999996E+01    -6.5281236153026390E-02
 2.0165624999999999E+01    -6.7039944913554472E-02
 2.0221874999999997E+01    -6.8510961725419470E-02
 2.0278124999999996E+01    -6.9685222441672023E-02
 2.0334374999999998E+01    -7.0553662915362539E-02
 2.0390624999999996E+01    -7.1107218999541283E-02
 2.0446874999999999E+01    -7.1336826547258897E-02
 2.0503124999999997E+01    -7.1235532163002213E-02
 2.0559374999999996E+01    -7.0809148820021248E-02
 2.0615624999999998E+01    -7.0068264608935921E-02
 2.0671874999999996E+01    -6.9023475929199760E-02
 2.0728124999999999E+01    -6.7685379180266139E-02
 2.0784374999999997E+01    -6.6064570761588781E-02
 2.0840624999999996E+01    -6.4171647072620866E-02
 2.0896874999999998E+01    -6.2017204512815775E-02
 2.0953124999999996E+01    -5.9611839481627397E-02
 2.1009374999999999E+01    -5.6966148378508663E-02
 2.1065624999999997E+01    -5.4090727602913474E-02
 2.1121874999999996E+01    -5.0996173554295060E-02
 2.1178124999999998E+01    -4.7693082632106823E-02
 2.1234374999999996E+01    -4.4192051235802554E-02
 2.1290624999999999E+01    -4.0503675764835156E-02
 2.1346874999999997E+01    -3.6638552618658692E-02
 2.1403124999999996E+01    -3.2607278196726389E-02
 2.1459374999999998E+01    -2.8420448898491383E-02
 2.1515624999999996E+01    -2.4088661123407656E-02
 2.1571874999999999E+01    -1.9622511270928178E-02
 2.1628124999999997E+01    -1.5032595740506917E-02
 2.1684374999999996E+01    -1.0329510931597065E-02
 2.1740624999999998E+01    -5.5238532436518014E-03
 2.1796874999999996E+01    -6.2621907612513128E-04
 2.1853124999999999E+01     4.3527951715299999E-03
 2.1909374999999997E+01     9.4025930998596005E-03
 2.1965624999999996E+01     1.4512578309410464E-02
 2.2021874999999998E+01     1.9672154400729530E-02
 2.2078124999999996E+01     2.4870724974362608E-02
 2.2134374999999999E+01     3.0097693630856910E-02
 2.2190624999999997E+01     3.5342463970758395E-02
 2.2246874999999996E+01     4.0594439594613840E-02
 2.2303124999999998E+01     4.5843024102970198E-02
 2.2359374999999996E+01     5.1077621096373232E-02
 2.2415624999999999E+01     5.6287634175370214E-02
 2.2471874999999997E+01     6.1462466940507110E-02
 2.2528124999999996E+01     6.6591522992330607E-02
 2.2584374999999998E+01     7.1664205931387726E-02
 2.2640624999999996E+01     7.6669919358224342E-02
 2.2696874999999999E+01     8.1598066873387498E-02
 2.2753124999999997E+01     8.6438052077423250E-02
 2.2809374999999996E+01     9.1179278570878444E-02
 2.2865624999999998E+01     9.5811149954299901E-02
 2.2921874999999996E+01     1.0032306982823344E-01
 2.2978124999999999E+01     1.0470444179322638E-01
 2.3034374999999997E+01     1.0894466944982452E-01
 2.3090624999999996E+01     1.1303315639857486E-01
 2.3146874999999998E+01     1.1695930624002412E-01
 2.3203124999999996E+01     1.2071252257471826E-01
 2.3259374999999999E+01     1.2428220900320439E-01
 2.3315624999999997E+01     1.2765776912602858E-01
 2.3371874999999996E+01     1.3082860654373762E-01
 2.3428124999999998E+01     1.3378412485687813E-01
 2.3484374999999996E+01     1.3651372766599643E-01
 2.3540624999999999E+01     1.3900681857163930E-01
 2.3596874999999997E+01     1.4125280117435302E-01
 2.3653124999999996E+01     1.4324107907468417E-01
 2.3709374999999998E+01     1.4496105587317965E-01
 2.3765624999999996E+01     1.4640213517038547E-01
 2.3821874999999999E+01     1.4755372056684860E-01
 2.3878124999999997E+01     1.4840521566311526E-01
 2.3934374999999996E+01     1.4894602405973217E-01
 2.3990624999999998E+01     1.4916554935724596E-01
 2.4046874999999996E+01     1.4905319515620308E-01
 2.4103124999999999E+01     1.4859836505714988E-01
 2.4159374999999997E+01     1.4779046266063323E-01
 2.4215624999999996E+01     1.4661889156719937E-01
 2.4271874999999998E+01     1.4507305537739495E-01
 2.4328124999999996E+01     1.4314235769176675E-01
 2.4384374999999999E+01     1.4081620211086079E-01
 2.4440624999999997E+01     1.3808399223522419E-01
 2.4496874999999996E+01     1.3493513166540319E-01
 2.4553124999999998E+01     1.3135903405351454E-01
 2.4609374999999996E+01     1.2735088972637640E-01
 2.4665624999999999E+01     1.2292133306248924E-01
 2.4721874999999997E+01     1.1808355191150090E-01
 2.4778124999999996E+01     1.1285073412305789E-01
 2.4834374999999998E+01     1.0723606754680706E-01
 2.4890624999999996E+01     1.0125274003239622E-01
 2.4946874999999999E+01     9.4913939429471572E-02
 2.5003124999999997E+01     8.8232853587681112E-02
 2.5059374999999996E+01     8.1222670356671439E-02
 2.5115624999999998E+01     7.3896577586089141E-02
 2.5171874999999996E+01     6.6267763125582357E-02
 2.5228124999999995E+01     5.8349414824797538E-02
 2.5284374999999997E+01     5.0154720533381145E-02
 2.5340624999999996E+01     4.1696868100981596E-02
 2.5396874999999998E+01     3.2989045377244591E-02
 2.5453124999999996E+01     2.4044440211818428E-02
 2.5509374999999995E+01     1.4876240454349741E-02
 2.5565624999999997E+01     5.4976339544846866E-03
 2.5621874999999996E+01    -4.0781914381280669E-03
 2.5678124999999998E+01    -1.3838047873843077E-02
 2.5734374999999996E+01    -2.3768747503011844E-02
 2.5790624999999995E+01    -3.3857102475987666E-02
 2.5846874999999997E+01    -4.4089924943124602E-02
 2.5903124999999996E+01    -5.4454027054773993E-02
 2.5959374999999998E+01    -6.4936220961290175E-02
 2.6015624999999996E+01    -7.5523318813024584E-02
 2.6071874999999995E+01    -8.6202132760331146E-02
 2.6128124999999997E+01    -9.6959474953563121E-02
 2.6184374999999996E+01    -1.0778215754307231E-01
 2.6240624999999998E+01    -1.1865699267921292E-01
 2.6296874999999996E+01    -1.2957079251233666E-01
 2.6353124999999995E+01    -1.4051036919279672E-01
 2.6409374999999997E+01    -1.5146253487094730E-01
 2.6465624999999996E+01    -1.6241410169713955E-01
 2.6521874999999998E+01    -1.7335188182172792E-01
 2.6578124999999996E+01    -1.8426268739506382E-01
 2.6634374999999995E+01    -1.9513333056750115E-01
 2.6690624999999997E+01    -2.0595062348939328E-01
 2.6746874999999996E+01    -2.1670137831109193E-01
 2.6803124999999998E+01    -2.2737240718295126E-01
 2.6859374999999996E+01    -2.3795052225532287E-01
 2.6915624999999995E+01    -2.4842253567856032E-01
 2.6971874999999997E+01    -2.5877525960301756E-01
 2.7028124999999996E+01    -2.6899550617904572E-01
 2.7084374999999998E+01    -2.7907008755699925E-01
 2.7140624999999996E+01    -2.8898581588722988E-01
 2.7196874999999995E+01    -2.9872950332009113E-01
 2.7253124999999997E+01    -3.0828796200593639E-01
 2.7309374999999996E+01    -3.1764800409511762E-01
 2.7365624999999998E+01    -3.2679644173798855E-01
 2.7421874999999996E+01    -3.3572008708490136E-01
 2.7478124999999995E+01    -3.4440575228620940E-01
 2.7534374999999997E+01    -3.5284024949226611E-01
 2.7590624999999996E+01    -3.6101039085342346E-01
 2.7646874999999998E+01    -3.6890298852003528E-01
 2.7703124999999996E+01    -3.7650485464245359E-01
 2.7759374999999995E+01    -3.8380280137103168E-01
 2.7815624999999997E+01    -3.9078364085612310E-01
 2.7871874999999996E+01    -3.9743418524807989E-01
 2.7928124999999998E+01    -4.0374124669725570E-01
 2.7984374999999996E+01    -4.0969163735400260E-01
 2.8040624999999995E+01    -4.1527216936867439E-01
 2.8096874999999997E+01    -4.2046965489162363E-01
 2.8153124999999996E+01    -4.2527090607320306E-01
 2.8209374999999998E+01    -4.2966273506376629E-01
 2.8265624999999996E+01    -4.3363195401366539E-01
 2.8321874999999995E+01    -4.3716537507325365E-01
 2.8378124999999997E+01    -4.4024981039288436E-01
 2.8434374999999996E+01    -4.4287207212290969E-01
 2.8490624999999998E+01    -4.4501897241368327E-01
 2.8546874999999996E+01    -4.4667732341555777E-01
 2.8603124999999995E+01    -4.4783393727888587E-01
 2.8659374999999997E+01    -4.4847590833149353E-01
 2.8715624999999996E+01    -4.4860073353436675E-01
 2.8771874999999998E+01    -4.4821910406454968E-01
 2.8828124999999996E+01    -4.4734256150225132E-01
 2.8884374999999995E+01    -4.4598264742768068E-01
 2.8940624999999997E+01    -4.4415090342104668E-01
 2.8996874999999996E+01    -4.4185887106255811E-01
 2.9053124999999998E+01    -4.3911809193242407E-01
 2.9109374999999996E+01    -4.3594010761085378E-01
 2.9165624999999995E+01    -4.3233645967805573E-01
 2.9221874999999997E+01    -4.2831868971423886E-01
 2.9278124999999996E+01    -4.2389833929961257E-01
 2.9334374999999998E+01    -4.1908695001438528E-01
 2.9390624999999996E+01    -4.1389606343876656E-01
 2.9446874999999995E+01    -4.0833722115296511E-01
 2.9503124999999997E+01    -4.0242196473718933E-01
 2.9559374999999996E+01    -3.9616183577164915E-01
 2.9615624999999998E+01    -3.8956837583655241E-01
 2.9671874999999996E+01    -3.8265312651210937E-01
 2.9728124999999995E+01    -3.7542762937852819E-01
 2.9784374999999997E+01    -3.6790342601601728E-01
 2.9840624999999996E+01    -3.6009205800478672E-01
 2.9896874999999998E+01    -3.5200506692504463E-01
 2.9953124999999996E+01    -3.4365399435700072E-01
 3.0009374999999995E+01    -3.3505038188086372E-01
 3.0065624999999997E+01    -3.2620577107684151E-01
 3.0121874999999996E+01    -3.1713170352514480E-01
 3.0178124999999998E+01    -3.0783972080598093E-01
 3.0234374999999996E+01    -2.9834136449956017E-01
 3.0290624999999995E+01    -2.8864817618609090E-01
 3.0346874999999997E+01    -2.7877169744578156E-01
 3.0403124999999996E+01    -2.6872346985884216E-01
 3.0459374999999998E+01    -2.5851503500548040E-01
 3.0515624999999996E+01    -2.4815793446590667E-01
 3.0571874999999995E+01    -2.3766370982032917E-01
 3.0628124999999997E+01    -2.2704390264895613E-01
 3.0684374999999996E+01    -2.1631005453199798E-01
 3.0740624999999998E+01    -2.0547370704966225E-01
 3.0796874999999996E+01    -1.9454640178215921E-01
 3.0853124999999995E+01    -1.8353968030969725E-01
 3.0909374999999997E+01    -1.7246508421248455E-01
 3.0965624999999996E+01    -1.6133415507073143E-01
 3.1021874999999998E+01    -1.5015843446464544E-01
 3.1078124999999996E+01    -1.3894946397443708E-01
 3.1134374999999995E+01    -1.2771878518031440E-01
 3.1190624999999997E+01    -1.1647793966248574E-01
 3.1246874999999996E+01    -1.0523846900116157E-01
 3.1303124999999998E+01    -9.4011914776549216E-02
 3.1359374999999996E+01    -8.2809818568859203E-02
 3.1415624999999995E+01    -7.1643721958299683E-02
 3.1471874999999997E+01    -6.0525166525078951E-02
 3.1528124999999996E+01    -4.9465693849407376E-02
 3.1584374999999998E+01    -3.8476845511492573E-02
 3.1640624999999996E+01    -2.7570163091544746E-02
 3.1696874999999995E+01    -1.6757188169772171E-02
 3.1753124999999997E+01    -6.0494623263832297E-03
 3.1809374999999996E+01     4.5414728584118706E-03
 3.1865624999999998E+01     1.5004075804405465E-02
 3.1921874999999996E+01     2.5326804931387288E-02
 3.1978124999999995E+01     3.5498118659148988E-02
 3.2034374999999997E+01     4.5506475407482344E-02
 3.2090625000000003E+01     5.5340333596178307E-02
 3.2146875000000001E+01     6.4988151645026151E-02
 3.2203125000000000E+01     7.4438387973818090E-02
 3.2259374999999999E+01     8.3679501002345211E-02
 3.2315624999999997E+01     9.2699949150398545E-02
 3.2371875000000003E+01     1.0148819083777032E-01
 3.2428125000000001E+01     1.1003268448424931E-01
 3.2484375000000000E+01     1.1832188850962755E-01
 3.2540624999999999E+01     1.2634426133369636E-01
 3.2596874999999997E+01     1.3408826137624655E-01
 3.2653125000000003E+01     1.4154234705707019E-01
 3.2709375000000001E+01     1.4869497679595642E-01
 3.2765625000000000E+01     1.5553552865935272E-01
 3.2821874999999999E+01     1.6206350445657688E-01
 3.2878124999999997E+01     1.6828467785089304E-01
 3.2934375000000003E+01     1.7420491596891494E-01
 3.2990625000000001E+01     1.7983008593725419E-01
 3.3046875000000000E+01     1.8516605488252472E-01
 3.3103124999999999E+01     1.9021868993133953E-01
 3.3159374999999997E+01     1.9499385821031176E-01
 3.3215625000000003E+01     1.9949742684605498E-01
 3.3271875000000001E+01     2.0373526296518121E-01
 3.3328125000000000E+01     2.0771323369430417E-01
 3.3384374999999999E+01     2.1143720616003686E-01
 3.3440624999999997E+01     2.1491304748899234E-01
 3.3496875000000003E+01     2.1814662480778418E-01
 3.3553125000000001E+01     2.2114380524302468E-01
 3.3609375000000000E+01     2.2391045592132727E-01
 3.3665624999999999E+01     2.2645244396930500E-01
 3.3721874999999997E+01     2.2877563651357105E-01
 3.3778125000000003E+01     2.3088590068073878E-01
 3.3834375000000001E+01     2.3278910359742067E-01
 3.3890625000000000E+01     2.3449111239023016E-01
 3.3946874999999999E+01     2.3599779418578015E-01
 3.4003124999999997E+01     2.3731501611068412E-01
 3.4059375000000003E+01     2.3844864529155477E-01
 3.4115625000000001E+01     2.3940454885500534E-01
 3.4171875000000000E+01     2.4018859392764888E-01
 3.4228124999999999E+01     2.4080664763609858E-01
 3.4284374999999997E+01     2.4126457710696733E-01
 3.4340625000000003E+01     2.4156824946686839E-01
 3.4396875000000001E+01     2.4172353184241491E-01
 3.4453125000000000E+01     2.4173629136021971E-01
 3.4509374999999999E+01     2.4161239514689617E-01
 3.4565624999999997E+01     2.4135771032905717E-01
 3.4621875000000003E+01     2.4097810403331588E-01
 3.4678125000000001E+01     2.4047944338628544E-01
 3.4734375000000000E+01     2.3986759551457884E-01
 3.4790624999999999E+01     2.3914842754480917E-01
 3.4846874999999997E+01     2.3832780660358960E-01
 3.4903125000000003E+01     2.3741159981753315E-01
 3.4959375000000001E+01     2.3640567431325302E-01
 3.5015625000000000E+01     2.3531589721736229E-01
 3.5071874999999999E+01     2.3414813565647388E-01
 3.5128124999999997E+01     2.3290825675720103E-01
 3.5184375000000003E+01     2.3160212764615656E-01
 3.5240625000000001E+01     2.3023561544995400E-01
 3.5296875000000000E+01     2.2881458729520615E-01
 3.5353124999999999E+01     2.2734491030852630E-01
 3.5409374999999997E+01     2.2583245161652726E-01
 3.5465625000000003E+01     2.2428307834582217E-01
 3.5521875000000001E+01     2.2270265762302438E-01
 3.5578125000000000E+01     2.2109705657474682E-01
 3.5634374999999999E+01     2.1947214232760259E-01
 3.5690624999999997E+01     2.1783378200820472E-01
 3.5746875000000003E+01     2.1618784274316616E-01
 3.5803125000000001E+01     2.1454019165910035E-01
 3.5859375000000000E+01     2.1289669588262028E-01
 3.5915624999999999E+01     2.1126322254033891E-01
 3.5971874999999997E+01     2.0964563875886943E-01
 3.6028125000000003E+01     2.0804981166482467E-01
 3.6084375000000001E+01     2.0648160838481810E-01
 3.6140625000000000E+01     2.0494689604546262E-01
 3.6196874999999999E+01     2.0345154177337144E-01
 3.6253124999999997E+01     2.0200141269515751E-01
 3.6309374999999996E+01     2.0060237593743391E-01
 3.6365625000000001E+01     1.9926029862681371E-01
 3.6421875000000000E+01     1.9798104788991019E-01
 3.6478124999999999E+01     1.9677049085333631E-01
 3.6534374999999997E+01     1.9563449464370516E-01
 3.6590624999999996E+01     1.9457892638762983E-01
 3.6646875000000001E+01     1.9360965321172333E-01
 3.6703125000000000E+01     1.9273254224259895E-01
 3.6759374999999999E+01     1.9195346060686963E-01
 3.6815624999999997E+01     1.9127827543114853E-01
 3.6871874999999996E+01     1.9071164568395710E-01
 3.6928125000000001E+01     1.9025269075741627E-01
 3.6984375000000000E+01     1.8989894330065321E-01
 3.7040624999999999E+01     1.8964793583233833E-01
 3.7096874999999997E+01     1.8949720087114197E-01
 3.7153124999999996E+01     1.8944427093573449E-01
 3.7209375000000001E+01     1.8948667854478646E-01
 3.7265625000000000E+01     1.8962195621696820E-01
 3.7321874999999999E+01     1.8984763647095015E-01
 3.7378124999999997E+01     1.9016125182540278E-01
 3.7434374999999996E+01     1.9056033479899648E-01
 3.7490625000000001E+01     1.9104241791040172E-01
 3.7546875000000000E+01     1.9160503367828882E-01
 3.7603124999999999E+01     1.9224571462132822E-01
 3.7659374999999997E+01     1.9296199325819041E-01
 3.7715624999999996E+01     1.9375140210754577E-01
 3.7771875000000001E+01     1.9461147368806483E-01
 3.7828125000000000E+01     1.9553974051841780E-01
 3.7884374999999999E+01     1.9653373511727520E-01
 3.7940624999999997E+01     1.9759099000330749E-01
 3.7996874999999996E+01     1.9870903769518505E-01
 3.8053125000000001E+01     1.9988541071157850E-01
 3.8109375000000000E+01     2.0111764157115791E-01
 3.8165624999999999E+01     2.0240326279259385E-01
 3.8221874999999997E+01     2.0373980689455679E-01
 3.8278124999999996E+01     2.0512480639571715E-01
 3.8334375000000001E+01     2.0655579381474548E-01
 3.8390625000000000E+01     2.0803030167031183E-01
 3.8446874999999999E+01     2.0954586248108692E-01
 3.8503124999999997E+01     2.1110000876574106E-01
 3.8559374999999996E+01     2.1269027304294474E-01
 3.8615625000000001E+01     2.1431418783136849E-01
 3.8671875000000000E+01     2.1596928564968243E-01
 3.8728124999999999E+01     2.1765309901655711E-01
 3.8784374999999997E+01     2.1936316045066301E-01
 3.8840624999999996E+01     2.2109700247067052E-01
 3.8896875000000001E+01     2.2285215759525026E-01
 3.8953125000000000E+01     2.2462615834307231E-01
 3.9009374999999999E+01     2.2641653723280714E-01
 3.9065624999999997E+01     2.2822082678312539E-01
 3.9121874999999996E+01     2.3003655951269728E-01
 3.9178125000000001E+01     2.3186126794019365E-01
 3.9234375000000000E+01     2.3369248458428421E-01
 3.9290624999999999E+01     2.3552774196363988E-01
 3.9346874999999997E+01     2.3736457259693089E-01
 3.9403124999999996E+01     2.3920050900282780E-01
 3.9459375000000001E+01     2.4103308370000115E-01
 3.9515625000000000E+01     2.4285982920712093E-01
 3.9571874999999999E+01     2.4467827804285791E-01
 3.9628124999999997E+01     2.4648596272588236E-01
 3.9684374999999996E+01     2.4828041577486470E-01
 3.9740625000000001E+01     2.5005916970847569E-01
 3.9796875000000000E+01     2.5181975704538528E-01
 3.9853124999999999E+01     2.5355971030426400E-01
 3.9909374999999997E+01     2.5527656200378240E-01
 3.9965624999999996E+01     2.5696784466261086E-01
 4.0021875000000001E+01     2.5863109079942004E-01
 4.0078125000000000E+01     2.6026383293287980E-01
 4.0134374999999999E+01     2.6186360358166100E-01
 4.0190624999999997E+01     2.6342793526443381E-01
 4.0246874999999996E+01     2.6495436049986892E-01
 4.0303125000000001E+01     2.6644041180663669E-01
 4.0359375000000000E+01     2.6788362170340729E-01
 4.0415624999999999E+01     2.6928152270885142E-01
 4.0471874999999997E+01     2.7063164734163936E-01
 4.0528124999999996E+01     2.7193152812044152E-01
 4.0584375000000001E+01     2.7317869756392860E-01
 4.0640625000000000E+01     2.7437068819077060E-01
 4.0696874999999999E+01     2.7550503251963820E-01
 4.0753124999999997E+01     2.7657926306920178E-01
 4.0809374999999996E+01     2.7759091235813166E-01
 4.0865625000000001E+01     2.7853751290509848E-01
 4.0921875000000000E+01     2.7941659722877243E-01
 4.0978124999999999E+01     2.8022569784782403E-01
 4.1034374999999997E+01     2.8096234728092362E-01
 4.1090624999999996E+01     2.8162407804674194E-01
 4.1146875000000001E+01     2.8220842266394897E-01
 4.1203125000000000E+01     2.8271291365121531E-01
 4.1259374999999999E+01     2.8313508352721151E-01
 4.1315624999999997E+01     2.8347246481060789E-01
 4.1371874999999996E+01     2.8372259002007488E-01
 4.1428125000000001E+01     2.8388299167428288E-01
 4.1484375000000000E+01     2.8395120229190240E-01
 4.1540624999999999E+01     2.8392475439160358E-01
 4.1596874999999997E+01     2.8380118049205716E-01
 4.1653124999999996E+01     2.8357801311193354E-01
 4.1709375000000001E+01     2.8325278476990295E-01
 4.1765625000000000E+01     2.8282302798463593E-01
 4.1821874999999999E+01     2.8228627527480288E-01
 4.1878124999999997E+01     2.8164005915907431E-01
 4.1934374999999996E+01     2.8088191215612052E-01
 4.1990625000000001E+01     2.8000936678461186E-01
 4.2046875000000000E+01     2.7901995556321896E-01
 4.2103124999999999E+01     2.7791121101061217E-01
 4.2159374999999997E+01     2.7668066564546190E-01
 4.2215624999999996E+01     2.7532585198643855E-01
 4.2271875000000001E+01     2.7384430255221232E-01
 4.2328125000000000E+01     2.7223354986145415E-01
 4.2384374999999999E+01     2.7049112643283413E-01
 4.2440624999999997E+01     2.6861456478502271E-01
 4.2496874999999996E+01     2.6660139743669037E-01
 4.2553125000000001E+01     2.6444915690650722E-01
 4.2609375000000000E+01     2.6215537571314418E-01
 4.2665624999999999E+01     2.5971758637527148E-01
 4.2721874999999997E+01     2.5713332141155953E-01
 4.2778124999999996E+01     2.5440011334067875E-01
 4.2834375000000001E+01     2.5151549468129913E-01
 4.2890625000000000E+01     2.4847699795209188E-01
 4.2946874999999999E+01     2.4528215567172706E-01
 4.3003124999999997E+01     2.4192850035887509E-01
 4.3059374999999996E+01     2.3841356453220633E-01
 4.3115625000000001E+01     2.3473488071039084E-01
 4.3171875000000000E+01     2.3088998141209996E-01
 4.3228124999999999E+01     2.2687639915600358E-01
 4.3284374999999997E+01     2.2269166646077204E-01
 4.3340624999999996E+01     2.1833331584507601E-01
 4.3396875000000001E+01     2.1379887982758519E-01
 4.3453125000000000E+01     2.0908589092697105E-01
 4.3509374999999999E+01     2.0419188166190366E-01
 4.3565624999999997E+01     1.9911438455105332E-01
 4.3621874999999996E+01     1.9385093211309040E-01
 4.3678125000000001E+01     1.8839905686668476E-01
 4.3734375000000000E+01     1.8275629133050808E-01
 4.3790624999999999E+01     1.7692016802323016E-01
 4.3846874999999997E+01     1.7088821946352142E-01
 4.3903124999999996E+01     1.6465797817005226E-01
 4.3959375000000001E+01     1.5822697666149232E-01
 4.4015625000000000E+01     1.5159274745651360E-01
 4.4071874999999999E+01     1.4475282307378579E-01
 4.4128124999999997E+01     1.3770473603197919E-01
 4.4184374999999996E+01     1.3044601884976437E-01
 4.4240625000000001E+01     1.2297420404581066E-01
 4.4296875000000000E+01     1.1528682413879048E-01
 4.4353124999999999E+01     1.0738141164737323E-01
 4.4409374999999997E+01     9.9255499090229404E-02
 4.4465624999999996E+01     9.0906618986029378E-02
 4.4521875000000001E+01     8.2332303853442493E-02
 4.4578125000000000E+01     7.3530086211141363E-02
 4.4634374999999999E+01     6.4497498577795312E-02
 4.4690624999999997E+01     5.5232073472074726E-02
 4.4746874999999996E+01     4.5731343412650102E-02
 4.4803125000000001E+01     3.5992840918190577E-02
 4.4859375000000000E+01     2.6014098507369021E-02
 4.4915624999999999E+01     1.5792648698854668E-02
 4.4971874999999997E+01     5.3260240113179331E-03
