#                  time                       real
 1.8749999999999999E-02     3.5672348007412876E-04
 5.6249999999999994E-02     8.6581568832696338E-04
 9.3750000000000000E-02     1.0929149525685810E-03
 1.3124999999999998E-01     1.0180056227449019E-03
 1.6874999999999998E-01     6.1275141341350008E-04
 2.0624999999999999E-01    -1.5709484936720573E-04
 2.4374999999999997E-01    -1.3285994020249608E-03
 2.8125000000000000E-01    -2.9380589823815488E-03
 3.1874999999999998E-01    -5.0171382941987331E-03
 3.5624999999999996E-01    -7.5889802389657824E-03
 3.9374999999999999E-01    -1.0664544544640484E-02
 4.3124999999999997E-01    -1.4239423481950828E-02
 4.6874999999999994E-01    -1.8291360816962633E-02
 5.0624999999999998E-01    -2.2778663170867915E-02
 5.4375000000000007E-01    -2.7639643589374166E-02
 5.8125000000000004E-01    -3.2793178179975319E-02
 6.1875000000000002E-01    -3.8140391594329609E-02
 6.5625000000000000E-01    -4.3567419794194762E-02
 6.9374999999999998E-01    -4.8949133048289462E-02
 7.3125000000000007E-01    -5.4153642555102424E-02
 7.6875000000000004E-01    -5.9047364292120597E-02
 8.0625000000000002E-01    -6.3500376941966918E-02
 8.4375000000000000E-01    -6.7391789550548475E-02
 8.8124999999999998E-01    -7.0614830459305389E-02
 9.1874999999999996E-01    -7.3081382425039379E-02
 9.5625000000000004E-01    -7.4725718912270603E-02
 9.9375000000000002E-01    -7.5507241379670173E-02
 1.0312500000000000E+00    -7.5709451367599684E-02
 1.0687500000000001E+00    -7.5878853092055151E-02
 1.1062500000000000E+00    -7.6024637926609920E-02
 1.1437500000000000E+00    -7.6144033611647705E-02
 1.1812499999999999E+00    -7.6234252757384172E-02
 1.2187500000000000E+00    -7.6292489057097956E-02
 1.2562500000000001E+00    -7.6315913713361133E-02
 1.2937500000000000E+00    -7.6301672042567492E-02
 1.3312500000000000E+00    -7.6246880221393518E-02
 1.3687499999999999E+00    -7.6148622138616881E-02
 1.4062500000000000E+00    -7.6003946316978627E-02
 1.4437500000000001E+00    -7.5809862872482925E-02
 1.4812500000000000E+00    -7.5563340482712710E-02
 1.5187500000000000E+00    -7.5261303341367339E-02
 1.5562499999999999E+00    -7.4900628083353016E-02
 1.5937500000000000E+00    -7.4478140673393589E-02
 1.6312500000000001E+00    -7.3990613261374030E-02
 1.6687500000000000E+00    -7.3434761019611119E-02
 1.7062500000000000E+00    -7.2807238991130008E-02
 1.7437499999999999E+00    -7.2104638994098372E-02
 1.7812500000000000E+00    -7.1323486646138273E-02
 1.8187499999999999E+00    -7.0460238593744839E-02
 1.8562500000000000E+00    -6.9511280057024699E-02
 1.8937500000000000E+00    -6.8472922829051763E-02
 1.9312499999999999E+00    -6.7341403903094288E-02
 1.9687500000000000E+00    -6.6112884940630431E-02
 2.0062499999999996E+00    -6.4783405303860980E-02
 2.0437499999999997E+00    -6.3332817025468974E-02
 2.0812499999999998E+00    -6.1701402783009417E-02
 2.1187499999999999E+00    -5.9823449242573989E-02
 2.1562499999999996E+00    -5.7633208712117440E-02
 2.1937499999999996E+00    -5.5064921006979226E-02
 2.2312499999999997E+00    -5.2052836835715446E-02
 2.2687499999999998E+00    -4.8531242629107782E-02
 2.3062499999999999E+00    -4.4434486638583987E-02
 2.3437499999999996E+00    -3.9697006022539644E-02
 2.3812499999999996E+00    -3.4253354521932192E-02
 2.4187499999999997E+00    -2.8038230203097828E-02
 2.4562499999999998E+00    -2.0986502620512999E-02
 2.4937499999999999E+00    -1.3033238631074097E-02
 2.5312499999999996E+00    -4.1137259814890276E-03
 2.5687499999999996E+00     5.8365063004251205E-03
 2.6062499999999997E+00     1.6881671742910200E-02
 2.6437499999999998E+00     2.9085715555488723E-02
 2.6812499999999999E+00     4.2512310085529761E-02
 2.7187499999999996E+00     5.7224857583523504E-02
 2.7562499999999996E+00     7.3286501134772045E-02
 2.7937499999999997E+00     9.0760144440081791E-02
 2.8312499999999998E+00     1.0970848089831212E-01
 2.8687499999999999E+00     1.3019403216244821E-01
 2.9062499999999996E+00     1.5227919601305606E-01
 2.9437499999999996E+00     1.7602630302418526E-01
 2.9812499999999997E+00     2.0149768109181002E-01
 3.0187499999999998E+00     2.2874883091398787E-01
 3.0562499999999999E+00     2.5767679948616157E-01
 3.0937499999999996E+00     2.8802025126544678E-01
 3.1312499999999996E+00     3.1951122517122832E-01
 3.1687499999999997E+00     3.5188206794840643E-01
 3.2062499999999998E+00     3.8486545738938294E-01
 3.2437499999999999E+00     4.1819440956035009E-01
 3.2812499999999996E+00     4.5160226862091751E-01
 3.3187499999999996E+00     4.8482267809206725E-01
 3.3562499999999997E+00     5.1758953280383369E-01
 3.3937499999999998E+00     5.4963691129804859E-01
 3.4312499999999999E+00     5.8069898922622032E-01
 3.4687499999999996E+00     6.1050993530719366E-01
 3.5062499999999996E+00     6.3880379270710574E-01
 3.5437499999999997E+00     6.6531435024989383E-01
 3.5812499999999998E+00     6.8977500958495896E-01
 3.6187499999999995E+00     7.1191865619600236E-01
 3.6562499999999996E+00     7.3147754373724982E-01
 3.6937499999999996E+00     7.4818320238398384E-01
 3.7312499999999997E+00     7.6176638240361827E-01
 3.7687499999999998E+00     7.7195704371358209E-01
 3.8062499999999995E+00     7.7848440056158164E-01
 3.8437499999999996E+00     7.8107702751422192E-01
 3.8812499999999996E+00     7.7946302869851802E-01
 3.9187499999999997E+00     7.7337026693475663E-01
 3.9562499999999998E+00     7.6252664347093990E-01
 3.9937499999999995E+00     7.4666041311804476E-01
 4.0312500000000000E+00     7.2555617911032755E-01
 4.0687499999999996E+00     6.9936960630490330E-01
 4.1062499999999993E+00     6.6840859170917966E-01
 4.1437499999999998E+00     6.3298292728715888E-01
 4.1812499999999995E+00     5.9340394474541724E-01
 4.2187500000000000E+00     5.4998452011150156E-01
 4.2562499999999996E+00     5.0303899989118750E-01
 4.2937499999999993E+00     4.5288306143568435E-01
 4.3312499999999998E+00     3.9983352376239134E-01
 4.3687499999999995E+00     3.4420812663356576E-01
 4.4062500000000000E+00     2.8632529536400386E-01
 4.4437499999999996E+00     2.2650390696624470E-01
 4.4812499999999993E+00     1.6506307032723749E-01
 4.5187499999999998E+00     1.0232192964566285E-01
 4.5562499999999995E+00     3.8599496797503512E-02
 4.5937500000000000E+00    -2.5785485003028703E-02
 4.6312499999999996E+00    -9.0514646677613692E-02
 4.6687499999999993E+00    -1.5527007049166250E-01
 4.7062499999999998E+00    -2.1973434310485973E-01
 4.7437499999999995E+00    -2.8359058947066240E-01
 4.7812500000000000E+00    -3.4652249296501580E-01
 4.8187499999999996E+00    -4.0821430708566314E-01
 4.8562499999999993E+00    -4.6835086372264495E-01
 4.8937499999999998E+00    -5.2661758245501089E-01
 4.9312499999999995E+00    -5.8270048465537916E-01
 4.9687500000000000E+00    -6.3628621543528052E-01
 5.0062499999999996E+00    -6.8706227716412172E-01
 5.0437499999999993E+00    -7.3478517769163998E-01
 5.0812499999999998E+00    -7.7937961879786555E-01
 5.1187499999999995E+00    -8.2079629908969909E-01
 5.1562500000000000E+00    -8.5898678134137063E-01
 5.1937499999999996E+00    -8.9390354032402763E-01
 5.2312499999999993E+00    -9.2549999939145877E-01
 5.2687499999999998E+00    -9.5373055015186003E-01
 5.3062499999999995E+00    -9.7855054961882371E-01
 5.3437500000000000E+00    -9.9991628956714051E-01
 5.3812499999999996E+00    -1.0177849334872848E+00
 5.4187499999999993E+00    -1.0321144175967663E+00
 5.4562499999999998E+00    -1.0428633138673635E+00
 5.4937499999999995E+00    -1.0499906549722708E+00
 5.5312500000000000E+00    -1.0534557234054636E+00
 5.5687499999999996E+00    -1.0532178096778864E+00
 5.6062499999999993E+00    -1.0492359472871264E+00
 5.6437499999999998E+00    -1.0414686348630027E+00
 5.6812499999999995E+00    -1.0298735582374086E+00
 5.7187500000000000E+00    -1.0144073268755502E+00
 5.7562499999999996E+00    -9.9502523985351865E-01
 5.7937499999999993E+00    -9.7168109614415854E-01
 5.8312499999999998E+00    -9.4432706224716334E-01
 5.8687499999999995E+00    -9.1291360717230918E-01
 5.9062500000000000E+00    -8.7738951061492576E-01
 5.9437499999999996E+00    -8.3770194516683338E-01
 5.9812499999999993E+00    -7.9379662803633222E-01
 6.0187499999999998E+00    -7.4562830688309201E-01
 6.0562499999999995E+00    -6.9338705270749290E-01
 6.0937500000000000E+00    -6.3749855503334807E-01
 6.1312499999999996E+00    -5.7839840255747965E-01
 6.1687499999999993E+00    -5.1652210796542197E-01
 6.2062499999999998E+00    -4.5230536195329490E-01
 6.2437499999999995E+00    -3.8618423255754003E-01
 6.2812500000000000E+00    -3.1859530740181913E-01
 6.3187499999999996E+00    -2.4997578214203214E-01
 6.3562499999999993E+00    -1.8076350261450302E-01
 6.3937499999999998E+00    -1.1139697079811071E-01
 6.4312499999999995E+00    -4.2315325743664554E-02
 6.4687500000000000E+00     2.6041689678638173E-02
 6.5062499999999996E+00     9.3233766698252882E-02
 6.5437499999999993E+00     1.5882006573930588E-01
 6.5812499999999998E+00     2.2235924358602877E-01
 6.6187499999999995E+00     2.8340946997329192E-01
 6.6562500000000000E+00     3.4152843326421778E-01
 6.6937499999999996E+00     3.9627333686166222E-01
 6.7312499999999993E+00     4.4720088954617332E-01
 6.7687499999999998E+00     4.9386729396784823E-01
 6.8062499999999995E+00     5.3582823801029933E-01
 6.8437500000000000E+00     5.7263889369220111E-01
 6.8812499999999996E+00     6.0385392771019808E-01
 6.9187499999999993E+00     6.2902752672476014E-01
 6.9562499999999998E+00     6.4771343915099988E-01
 6.9937499999999995E+00     6.5946503367530307E-01
 7.0312500000000000E+00     6.6392921072602795E-01
 7.0687499999999996E+00     6.6137648404703608E-01
 7.1062499999999993E+00     6.5233173354321439E-01
 7.1437499999999998E+00     6.3732056835024065E-01
 7.1812499999999995E+00     6.1686866747935043E-01
 7.2187499999999991E+00     5.9150185758896656E-01
 7.2562499999999996E+00     5.6174617556275142E-01
 7.2937499999999993E+00     5.2812791586941965E-01
 7.3312499999999998E+00     4.9117366404690854E-01
 7.3687499999999995E+00     4.5141031866741327E-01
 7.4062499999999991E+00     4.0936510472688725E-01
 7.4437499999999996E+00     3.6556558154385854E-01
 7.4812499999999993E+00     3.2053964797567885E-01
 7.5187499999999998E+00     2.7481554712989986E-01
 7.5562499999999995E+00     2.2892187185437277E-01
 7.5937499999999991E+00     1.8338757123725244E-01
 7.6312499999999996E+00     1.3874195725022656E-01
 7.6687499999999993E+00     9.5514709638197401E-02
 7.7062499999999998E+00     5.4235876304345440E-02
 7.7437499999999995E+00     1.5435865858376686E-02
 7.7812499999999991E+00    -2.0354571232661267E-02
 7.8187499999999996E+00    -5.2604376272187114E-02
 7.8562499999999993E+00    -8.0782233513055329E-02
 7.8937499999999998E+00    -1.0435664064153098E-01
 7.9312499999999995E+00    -1.2279599895662652E-01
 7.9687499999999991E+00    -1.3556872203831585E-01
 8.0062499999999996E+00    -1.4214408075028936E-01
 8.0437500000000011E+00    -1.4223594619641677E-01
 8.0812500000000007E+00    -1.3615752473345955E-01
 8.1187500000000004E+00    -1.2431262981788259E-01
 8.1562500000000000E+00    -1.0710566352775824E-01
 8.1937499999999996E+00    -8.4941660453714457E-02
 8.2312500000000011E+00    -5.8226302724225354E-02
 8.2687500000000007E+00    -2.7365906333502412E-02
 8.3062500000000004E+00     7.2326197818392149E-03
 8.3437500000000000E+00     4.5161839689403120E-02
 8.3812499999999996E+00     8.6013878910271027E-02
 8.4187500000000011E+00     1.2938053295882515E-01
 8.4562500000000007E+00     1.7485339392493809E-01
 8.4937500000000004E+00     2.2202399349047450E-01
 8.5312500000000000E+00     2.7048396110178174E-01
 8.5687499999999996E+00     3.1982519606843524E-01
 8.6062500000000011E+00     3.6964005199009120E-01
 8.6437500000000007E+00     4.1952153104448064E-01
 8.6812500000000004E+00     4.6906348428183448E-01
 8.7187500000000000E+00     5.1786081222203728E-01
 8.7562499999999996E+00     5.6550965788063512E-01
 8.7937500000000011E+00     6.1160758208164934E-01
 8.8312500000000007E+00     6.5575370884781181E-01
 8.8687500000000004E+00     6.9754882714704425E-01
 8.9062500000000000E+00     7.3659543469523447E-01
 8.9437499999999996E+00     7.7249771022244162E-01
 8.9812500000000011E+00     8.0486140287087260E-01
 9.0187500000000007E+00     8.3330457883336373E-01
 9.0562500000000004E+00     8.5769817349601829E-01
 9.0937500000000000E+00     8.7816561524888881E-01
 9.1312499999999996E+00     8.9484155243173524E-01
 9.1687500000000011E+00     9.0786046470065007E-01
 9.2062500000000007E+00     9.1735623452637916E-01
 9.2437500000000004E+00     9.2346175136649911E-01
 9.2812500000000000E+00     9.2630856579313359E-01
 9.3187499999999996E+00     9.2602660704784057E-01
 9.3562500000000011E+00     9.2274397296283572E-01
 9.3937500000000007E+00     9.1658679637881091E-01
 9.4312500000000004E+00     9.0767918753253030E-01
 9.4687500000000000E+00     8.9614324774937315E-01
 9.5062499999999996E+00     8.8209914642971210E-01
 9.5437500000000011E+00     8.6566525092631930E-01
 9.5812500000000007E+00     8.4695829752613405E-01
 9.6187500000000004E+00     8.2609359132765636E-01
 9.6562500000000000E+00     8.0318522322378172E-01
 9.6937499999999996E+00     7.7834629328580252E-01
 9.7312500000000011E+00     7.5168913140112614E-01
 9.7687500000000007E+00     7.2332550784824801E-01
 9.8062500000000004E+00     6.9336682841882435E-01
 9.8437500000000000E+00     6.6192431057169698E-01
 9.8812499999999996E+00     6.2910913881721897E-01
 9.9187500000000011E+00     5.9503259901078132E-01
 9.9562500000000007E+00     5.5980619244524199E-01
 9.9937500000000004E+00     5.2354173156338424E-01
 1.0031250000000000E+01     4.8635463098832860E-01
 1.0068750000000000E+01     4.4838210957248442E-01
 1.0106250000000001E+01     4.0977059269438054E-01
 1.0143750000000001E+01     3.7066704550640722E-01
 1.0181250000000000E+01     3.3121895136264645E-01
 1.0218750000000000E+01     2.9157431130648442E-01
 1.0256250000000000E+01     2.5188164201622221E-01
 1.0293750000000001E+01     2.1228997498577828E-01
 1.0331250000000001E+01     1.7294885931520848E-01
 1.0368750000000000E+01     1.3400836997747090E-01
 1.0406250000000000E+01     9.5619122820335994E-02
 1.0443750000000000E+01     5.7932296869402024E-02
 1.0481250000000001E+01     2.1099663743089123E-02
 1.0518750000000001E+01    -1.4726376795180631E-02
 1.0556250000000000E+01    -4.9392756899044779E-02
 1.0593750000000000E+01    -8.2745698788181693E-02
 1.0631250000000000E+01    -1.1463067407283099E-01
 1.0668750000000001E+01    -1.4489236780194115E-01
 1.0706250000000001E+01    -1.7337465103872657E-01
 1.0743750000000000E+01    -1.9992056577991946E-01
 1.0781250000000000E+01    -2.2437232577779412E-01
 1.0818750000000000E+01    -2.4657133628821479E-01
 1.0856250000000001E+01    -2.6635823496506977E-01
 1.0893750000000001E+01    -2.8357295508621688E-01
 1.0931250000000000E+01    -2.9805481108541398E-01
 1.0968750000000000E+01    -3.0964260505583469E-01
 1.1006250000000000E+01    -3.1817501570580625E-01
 1.1043750000000001E+01    -3.2358001363253569E-01
 1.1081250000000001E+01    -3.2600496466904982E-01
 1.1118750000000000E+01    -3.2563031532928249E-01
 1.1156250000000000E+01    -3.2263673477808130E-01
 1.1193750000000000E+01    -3.1720525570381353E-01
 1.1231250000000001E+01    -3.0951739292284991E-01
 1.1268750000000001E+01    -2.9975523753472633E-01
 1.1306250000000000E+01    -2.8810152594198130E-01
 1.1343750000000000E+01    -2.7473968437660057E-01
 1.1381250000000000E+01    -2.5985385065726924E-01
 1.1418750000000001E+01    -2.4362887569612904E-01
 1.1456250000000001E+01    -2.2625030777122990E-01
 1.1493750000000000E+01    -2.0790436279900273E-01
 1.1531250000000000E+01    -1.8877788381758345E-01
 1.1568750000000000E+01    -1.6905829267624484E-01
 1.1606250000000001E+01    -1.4893353657325140E-01
 1.1643750000000001E+01    -1.2859203164825020E-01
 1.1681250000000000E+01    -1.0822260536476952E-01
 1.1718750000000000E+01    -8.8014438955058102E-02
 1.1756250000000000E+01    -6.8157010775534044E-02
 1.1793750000000001E+01    -4.8840041059295423E-02
 1.1831250000000001E+01    -3.0253438266078875E-02
 1.1868750000000000E+01    -1.2587247024611628E-02
 1.1906250000000000E+01     3.9684024648932916E-03
 1.1943750000000000E+01     1.9223343758476341E-02
 1.1981250000000001E+01     3.2987422419947149E-02
 1.2018750000000001E+01     4.5077682477978671E-02
 1.2056250000000000E+01     5.5475473580612514E-02
 1.2093750000000000E+01     6.4326494897621128E-02
 1.2131250000000000E+01     7.1783771475573785E-02
 1.2168750000000001E+01     7.8000542963748726E-02
 1.2206250000000001E+01     8.3130282648468723E-02
 1.2243750000000000E+01     8.7326707864548492E-02
 1.2281250000000000E+01     9.0743781997950329E-02
 1.2318750000000000E+01     9.3535708364966955E-02
 1.2356250000000001E+01     9.5856916323928079E-02
 1.2393750000000001E+01     9.7862040038478995E-02
 1.2431250000000000E+01     9.9705890367307620E-02
 1.2468750000000000E+01     1.0154342040999462E-01
 1.2506250000000000E+01     1.0352968530219250E-01
 1.2543750000000001E+01     1.0581979693655613E-01
 1.2581250000000001E+01     1.0856887439862861E-01
 1.2618750000000000E+01     1.1193199105538326E-01
 1.2656250000000000E+01     1.1606411941885802E-01
 1.2693750000000000E+01     1.2112007512113179E-01
 1.2731250000000001E+01     1.2725446156376946E-01
 1.2768750000000001E+01     1.3462161701962094E-01
 1.2806250000000000E+01     1.4337556613366959E-01
 1.2843750000000000E+01     1.5366997785219039E-01
 1.2881250000000000E+01     1.6565813176238164E-01
 1.2918750000000001E+01     1.7949289460599738E-01
 1.2956250000000001E+01     1.9532670830587934E-01
 1.2993750000000000E+01     2.1331159019270385E-01
 1.3031250000000000E+01     2.3355207755413515E-01
 1.3068750000000000E+01     2.5583941427907519E-01
 1.3106250000000001E+01     2.7983685744464604E-01
 1.3143750000000001E+01     3.0520701932570765E-01
 1.3181250000000000E+01     3.3161231987737477E-01
 1.3218750000000000E+01     3.5871505748520954E-01
 1.3256250000000000E+01     3.8617747048212819E-01
 1.3293750000000001E+01     4.1366178659963360E-01
 1.3331250000000001E+01     4.4083025898562300E-01
 1.3368750000000000E+01     4.6734518904748862E-01
 1.3406250000000000E+01     4.9286893804918769E-01
 1.3443750000000000E+01     5.1706393097978942E-01
 1.3481250000000001E+01     5.3959265759058850E-01
 1.3518750000000001E+01     5.6011767653956190E-01
 1.3556250000000000E+01     5.7830162915898176E-01
 1.3593750000000000E+01     5.9380726935746597E-01
 1.3631250000000000E+01     6.0629751548592270E-01
 1.3668750000000001E+01     6.1543552857902639E-01
 1.3706250000000001E+01     6.2088481923093575E-01
 1.3743750000000000E+01     6.2230938255505164E-01
 1.3781250000000000E+01     6.1937385738994166E-01
 1.3818750000000000E+01     6.1174370242745080E-01
 1.3856250000000001E+01     5.9908537862908273E-01
 1.3893750000000001E+01     5.8106652460192776E-01
 1.3931250000000000E+01     5.5735610997468954E-01
 1.3968750000000000E+01     5.2762455163742217E-01
 1.4006250000000000E+01     4.9154451894954665E-01
 1.4043750000000001E+01     4.4904096191742238E-01
 1.4081250000000001E+01     4.0065497849027309E-01
 1.4118750000000000E+01     3.4702140550001515E-01
 1.4156250000000000E+01     2.8877611330408026E-01
 1.4193750000000000E+01     2.2655574113093668E-01
 1.4231250000000001E+01     1.6099742964240230E-01
 1.4268750000000001E+01     9.2738564053144970E-02
 1.4306250000000000E+01     2.2416536254819503E-02
 1.4343750000000000E+01    -4.9331471117563273E-02
 1.4381250000000000E+01    -1.2186868099014597E-01
 1.4418749999999999E+01    -1.9455890506799545E-01
 1.4456250000000001E+01    -2.6676672313284805E-01
 1.4493750000000000E+01    -3.3785766822982743E-01
 1.4531250000000000E+01    -4.0719842604935386E-01
 1.4568750000000000E+01    -4.7415705321259111E-01
 1.4606249999999999E+01    -5.3810321374331327E-01
 1.4643750000000001E+01    -5.9840842624682633E-01
 1.4681250000000000E+01    -6.5444630694122119E-01
 1.4718750000000000E+01    -7.0559278664031577E-01
 1.4756250000000000E+01    -7.5122627418622501E-01
 1.4793749999999999E+01    -7.9072773585298228E-01
 1.4831250000000001E+01    -8.2348066096654460E-01
 1.4868750000000000E+01    -8.4887088915696929E-01
 1.4906250000000000E+01    -8.6628628444693012E-01
 1.4943750000000000E+01    -8.7511625518240010E-01
 1.4981249999999999E+01    -8.7475113515395841E-01
 1.5018750000000001E+01    -8.6461070195454626E-01
 1.5056250000000000E+01    -8.4478676099166017E-01
 1.5093750000000000E+01    -8.1604238324293332E-01
 1.5131250000000000E+01    -7.7916790412375136E-01
 1.5168749999999999E+01    -7.3495123069537394E-01
 1.5206250000000001E+01    -6.8417757708523752E-01
 1.5243750000000000E+01    -6.2762937550835329E-01
 1.5281250000000000E+01    -5.6608633882733261E-01
 1.5318750000000000E+01    -5.0032564024006421E-01
 1.5356249999999999E+01    -4.3112217158157268E-01
 1.5393750000000001E+01    -3.5924884314035066E-01
 1.5431250000000000E+01    -2.8547689342029114E-01
 1.5468750000000000E+01    -2.1057618527726202E-01
 1.5506250000000000E+01    -1.3531547376798500E-01
 1.5543749999999999E+01    -6.0462639614360290E-02
 1.5581250000000001E+01     1.3215110458037022E-02
 1.5618750000000000E+01     8.4951069606188034E-02
 1.5656250000000000E+01     1.5397887236986846E-01
 1.5693750000000000E+01     2.1953233943118416E-01
 1.5731249999999999E+01     2.8084531342890079E-01
 1.5768750000000001E+01     3.3715147553490188E-01
 1.5806250000000000E+01     3.8768413598514212E-01
 1.5843750000000000E+01     4.3167599653761796E-01
 1.5881250000000000E+01     4.6835888848697682E-01
 1.5918749999999999E+01     4.9696349579599769E-01
 1.5956250000000001E+01     5.1671907830608732E-01
 1.5993750000000000E+01     5.2685321390945483E-01
 1.6031250000000000E+01     5.2674060853395366E-01
 1.6068750000000001E+01     5.1674465829501981E-01
 1.6106249999999999E+01     4.9763086452383543E-01
 1.6143750000000001E+01     4.7016399870441045E-01
 1.6181249999999999E+01     4.3510710735618130E-01
 1.6218750000000000E+01     3.9322172172321446E-01
 1.6256250000000001E+01     3.4526806111969133E-01
 1.6293749999999999E+01     2.9200521303204452E-01
 1.6331250000000001E+01     2.3419127714300905E-01
 1.6368749999999999E+01     1.7258346598654262E-01
 1.6406250000000000E+01     1.0793816123535795E-01
 1.6443750000000001E+01     4.1010930969213301E-02
 1.6481249999999999E+01    -2.7443480917907260E-02
 1.6518750000000001E+01    -9.6671177195215230E-02
 1.6556249999999999E+01    -1.6591912219715976E-01
 1.6593750000000000E+01    -2.3443512781103629E-01
 1.6631250000000001E+01    -3.0146778917347539E-01
 1.6668749999999999E+01    -3.6626635072817315E-01
 1.6706250000000001E+01    -4.2808048758103345E-01
 1.6743749999999999E+01    -4.8615999371806129E-01
 1.6781250000000000E+01    -5.3975437751649646E-01
 1.6818750000000001E+01    -5.8811237566047847E-01
 1.6856249999999999E+01    -6.3048140825165044E-01
 1.6893750000000001E+01    -6.6610700934124001E-01
 1.6931249999999999E+01    -6.9423227671750676E-01
 1.6968750000000000E+01    -7.1409739082393586E-01
 1.7006250000000001E+01    -7.2494038496402791E-01
 1.7043749999999999E+01    -7.2637935917147156E-01
 1.7081250000000001E+01    -7.1896914820623081E-01
 1.7118749999999999E+01    -7.0340286181082989E-01
 1.7156250000000000E+01    -6.8037098715459465E-01
 1.7193750000000001E+01    -6.5056203061029239E-01
 1.7231249999999999E+01    -6.1466321057542417E-01
 1.7268750000000001E+01    -5.7336114723648479E-01
 1.7306249999999999E+01    -5.2734250276903794E-01
 1.7343750000000000E+01    -4.7729453658246074E-01
 1.7381250000000001E+01    -4.2390555266387919E-01
 1.7418749999999999E+01    -3.6786522797621024E-01
 1.7456250000000001E+01    -3.0986482090791079E-01
 1.7493749999999999E+01    -2.5059726628401807E-01
 1.7531250000000000E+01    -1.9075716834672685E-01
 1.7568750000000001E+01    -1.3104070576594026E-01
 1.7606249999999999E+01    -7.2145463777042146E-02
 1.7643750000000001E+01    -1.4770208685193876E-02
 1.7681249999999999E+01     4.0385380126190008E-02
 1.7718750000000000E+01     9.2621005417106328E-02
 1.7756250000000001E+01     1.4123605869153918E-01
 1.7793749999999999E+01     1.8552992132574736E-01
 1.7831250000000001E+01     2.2480224225036910E-01
 1.7868749999999999E+01     2.5835317345435055E-01
 1.7906250000000000E+01     2.8548354477273563E-01
 1.7943750000000001E+01     3.0549496113541830E-01
 1.7981249999999999E+01     3.1768980910848682E-01
 1.8018750000000001E+01     3.2139897952072688E-01
 1.8056249999999999E+01     3.1659359087814914E-01
 1.8093750000000000E+01     3.0388471562159208E-01
 1.8131250000000001E+01     2.8391115032401448E-01
 1.8168749999999999E+01     2.5731129094329191E-01
 1.8206250000000001E+01     2.2472286000387295E-01
 1.8243749999999999E+01     1.8678269122205823E-01
 1.8281250000000000E+01     1.4412658386831440E-01
 1.8318750000000001E+01     9.7389232016635852E-02
 1.8356249999999999E+01     4.7204227659889811E-02
 1.8393750000000001E+01    -5.7958680624609071E-03
 1.8431249999999999E+01    -6.0979394428031700E-02
 1.8468750000000000E+01    -1.1771541209338357E-01
 1.8506250000000001E+01    -1.7537348664761548E-01
 1.8543749999999999E+01    -2.3332344585082934E-01
 1.8581250000000001E+01    -2.9093512129024335E-01
 1.8618749999999999E+01    -3.4757808491489589E-01
 1.8656250000000000E+01    -4.0262139093731664E-01
 1.8693750000000001E+01    -4.5543333395931446E-01
 1.8731249999999999E+01    -5.0538123475968821E-01
 1.8768750000000001E+01    -5.5183126569171348E-01
 1.8806249999999999E+01    -5.9414832769255244E-01
 1.8843750000000000E+01    -6.3169599008670152E-01
 1.8881250000000001E+01    -6.6383650230987790E-01
 1.8918749999999999E+01    -6.8993088318145357E-01
 1.8956250000000001E+01    -7.0933908844698879E-01
 1.8993749999999999E+01    -7.2142025132844056E-01
 1.9031250000000000E+01    -7.2563974678887966E-01
 1.9068750000000001E+01    -7.2217252986885705E-01
 1.9106249999999999E+01    -7.1148326886587210E-01
 1.9143750000000001E+01    -6.9403796538817275E-01
 1.9181249999999999E+01    -6.7030333421346844E-01
 1.9218750000000000E+01    -6.4074696047955704E-01
 1.9256250000000001E+01    -6.0583738287930511E-01
 1.9293749999999999E+01    -5.6604411123528720E-01
 1.9331250000000001E+01    -5.2183759033005239E-01
 1.9368749999999999E+01    -4.7368912321220058E-01
 1.9406250000000000E+01    -4.2207076664171317E-01
 1.9443750000000001E+01    -3.6745520934639586E-01
 1.9481249999999999E+01    -3.1031564090153380E-01
 1.9518750000000001E+01    -2.5112561589491267E-01
 1.9556249999999999E+01    -1.9035891511373870E-01
 1.9593750000000000E+01    -1.2848940320483918E-01
 1.9631250000000001E+01    -6.5990880915505631E-02
 1.9668749999999999E+01    -3.3369298015137640E-03
 1.9706250000000001E+01     5.8999251738700444E-02
 1.9743749999999999E+01     1.2054502012658300E-01
 1.9781250000000000E+01     1.8082846189257015E-01
 1.9818750000000001E+01     2.3937856476066313E-01
 1.9856249999999999E+01     2.9572537272352412E-01
 1.9893750000000001E+01     3.4940010970813878E-01
 1.9931249999999999E+01     3.9993525391227869E-01
 1.9968750000000000E+01     4.4686454416922788E-01
 2.0006250000000001E+01     4.8972343042955857E-01
 2.0043749999999999E+01     5.2822770911445738E-01
 2.0081250000000001E+01     5.6253352875144014E-01
 2.0118749999999999E+01     5.9286354318194268E-01
 2.0156250000000000E+01     6.1944039282606500E-01
 2.0193750000000001E+01     6.4248630934276052E-01
 2.0231249999999999E+01     6.6222274044521612E-01
 2.0268750000000001E+01     6.7887001759301713E-01
 2.0306249999999999E+01     6.9264708498287819E-01
 2.0343750000000000E+01     7.0377130257425857E-01
 2.0381250000000001E+01     7.1245832964318423E-01
 2.0418749999999999E+01     7.1892208934983248E-01
 2.0456250000000001E+01     7.2337480967576240E-01
 2.0493749999999999E+01     7.2602713225262772E-01
 2.0531250000000000E+01     7.2708827823377797E-01
 2.0568750000000001E+01     7.2676625938869754E-01
 2.0606249999999999E+01     7.2526812277826014E-01
 2.0643750000000001E+01     7.2280021833152630E-01
 2.0681249999999999E+01     7.1956847998111018E-01
 2.0718750000000000E+01     7.1577871233596813E-01
 2.0756250000000001E+01     7.1163687586572344E-01
 2.0793749999999999E+01     7.0734936404217763E-01
 2.0831250000000001E+01     7.0312326577148787E-01
 2.0868749999999999E+01     6.9916660583437518E-01
 2.0906250000000000E+01     6.9568855513880257E-01
 2.0943750000000001E+01     6.9289960168591613E-01
 2.0981249999999999E+01     6.9101167261534313E-01
 2.1018750000000001E+01     6.9023156802439067E-01
 2.1056249999999999E+01     6.9061510048778652E-01
 2.1093750000000000E+01     6.9206700918309894E-01
 2.1131250000000001E+01     6.9448664797882786E-01
 2.1168749999999999E+01     6.9777439306070455E-01
 2.1206250000000001E+01     7.0183139298643282E-01
 2.1243749999999999E+01     7.0655930385733856E-01
 2.1281250000000000E+01     7.1186002264829651E-01
 2.1318750000000001E+01     7.1763543159741483E-01
 2.1356249999999999E+01     7.2378716551970113E-01
 2.1393750000000001E+01     7.3021641211793109E-01
 2.1431249999999999E+01     7.3682375302567482E-01
 2.1468750000000000E+01     7.4350905066780537E-01
 2.1506250000000001E+01     7.5017138329478061E-01
 2.1543749999999999E+01     7.5670902793932826E-01
 2.1581250000000001E+01     7.6301948871157377E-01
 2.1618749999999999E+01     7.6899956588901541E-01
 2.1656250000000000E+01     7.7454545971581745E-01
 2.1693750000000001E+01     7.7955290170268476E-01
 2.1731249999999999E+01     7.8391730548376493E-01
 2.1768750000000001E+01     7.8753392889678442E-01
 2.1806249999999999E+01     7.9029803886110117E-01
 2.1843750000000000E+01     7.9210507080137971E-01
 2.1881250000000001E+01     7.9285077478394528E-01
 2.1918749999999999E+01     7.9243134119700365E-01
 2.1956250000000001E+01     7.9074349972593705E-01
 2.1993749999999999E+01     7.8768458656282170E-01
 2.2031250000000000E+01     7.8316505588683583E-01
 2.2068750000000001E+01     7.7717895863565434E-01
 2.2106249999999999E+01     7.6975477428714556E-01
 2.2143750000000001E+01     7.6092158146358058E-01
 2.2181249999999999E+01     7.5070885128687037E-01
 2.2218750000000000E+01     7.3914632626900334E-01
 2.2256250000000001E+01     7.2626389026978189E-01
 2.2293749999999999E+01     7.1209143486700088E-01
 2.2331250000000001E+01     6.9665872727219758E-01
 2.2368749999999999E+01     6.7999528451745994E-01
 2.2406250000000000E+01     6.6213025805312364E-01
 2.2443750000000001E+01     6.4309233216486927E-01
 2.2481249999999999E+01     6.2290963878343308E-01
 2.2518750000000001E+01     6.0160969037086831E-01
 2.2556249999999999E+01     5.7921933167329476E-01
 2.2593750000000000E+01     5.5576471027928953E-01
 2.2631250000000001E+01     5.3127126515654788E-01
 2.2668749999999999E+01     5.0576373168837430E-01
 2.2706250000000001E+01     4.7926616121855004E-01
 2.2743749999999999E+01     4.5180195274799062E-01
 2.2781250000000000E+01     4.2339389421037554E-01
 2.2818750000000001E+01     3.9406421067864272E-01
 2.2856249999999999E+01     3.6383461690372021E-01
 2.2893750000000001E+01     3.3272637174157382E-01
 2.2931249999999999E+01     3.0076033226043630E-01
 2.2968750000000000E+01     2.6795700561236035E-01
 2.3006250000000001E+01     2.3433667416944892E-01
 2.3043749999999999E+01     1.9994549524610986E-01
 2.3081250000000001E+01     1.6489347011055602E-01
 2.3118749999999999E+01     1.2930006293512977E-01
 2.3156250000000000E+01     9.3284612728708499E-02
 2.3193750000000001E+01     5.6966377070240146E-02
 2.3231249999999999E+01     2.0464570372521373E-02
 2.3268750000000001E+01    -1.6101602864059695E-02
 2.3306249999999999E+01    -5.2612919221773864E-02
 2.3343750000000000E+01    -8.8950111292906267E-02
 2.3381250000000001E+01    -1.2499384565698993E-01
 2.3418749999999999E+01    -1.6062470319595887E-01
 2.3456250000000001E+01    -1.9572316105936990E-01
 2.3493749999999999E+01    -2.3016957563924564E-01
 2.3531250000000000E+01    -2.6384416597914062E-01
 2.3568750000000001E+01    -2.9662699711919488E-01
 2.3606249999999999E+01    -3.2839796296423457E-01
 2.3643750000000001E+01    -3.5903676835076470E-01
 2.3681249999999999E+01    -3.8842291007763069E-01
 2.3718750000000000E+01    -4.1643565675080296E-01
 2.3756250000000001E+01    -4.4295402737178441E-01
 2.3793749999999999E+01    -4.6785676866884074E-01
 2.3831250000000001E+01    -4.9102233122748717E-01
 2.3868749999999999E+01    -5.1232884451888139E-01
 2.3906250000000000E+01    -5.3165409094965943E-01
 2.3943750000000001E+01    -5.4887547906223622E-01
 2.3981249999999999E+01    -5.6387001599941688E-01
 2.4018750000000001E+01    -5.7652042789133495E-01
 2.4056249999999999E+01    -5.8685040039284142E-01
 2.4093750000000000E+01    -5.9502456377391488E-01
 2.4131250000000001E+01    -6.0121323365757573E-01
 2.4168749999999999E+01    -6.0558628068643650E-01
 2.4206250000000001E+01    -6.0831314278621140E-01
 2.4243749999999999E+01    -6.0956283082057228E-01
 2.4281250000000000E+01    -6.0950392810433895E-01
 2.4318750000000001E+01    -6.0830458472174331E-01
 2.4356249999999999E+01    -6.0613250803908614E-01
 2.4393750000000001E+01    -6.0315495117830575E-01
 2.4431249999999999E+01    -5.9953870150514144E-01
 2.4468750000000000E+01    -5.9545007136392925E-01
 2.4506250000000001E+01    -5.9105489334750005E-01
 2.4543749999999999E+01    -5.8651852231663915E-01
 2.4581250000000001E+01    -5.8200584617762707E-01
 2.4618749999999999E+01    -5.7768130709157117E-01
 2.4656250000000000E+01    -5.7370893433516013E-01
 2.4693750000000001E+01    -5.7025238947487022E-01
 2.4731249999999999E+01    -5.6747502387641702E-01
 2.4768750000000001E+01    -5.6553994787627659E-01
 2.4806249999999999E+01    -5.6461011022420804E-01
 2.4843750000000000E+01    -5.6484838570151663E-01
 2.4881250000000001E+01    -5.6641766816819572E-01
 2.4918749999999999E+01    -5.6948096573149320E-01
 2.4956250000000001E+01    -5.7420149429541834E-01
 2.4993749999999999E+01    -5.8074276547488146E-01
 2.5031250000000000E+01    -5.8923957754742662E-01
 2.5068750000000001E+01    -5.9963379214128198E-01
 2.5106249999999999E+01    -6.1178884101286501E-01
 2.5143750000000001E+01    -6.2556834636042935E-01
 2.5181249999999999E+01    -6.4083629077444448E-01
 2.5218750000000000E+01    -6.5745693389558291E-01
 2.5256250000000001E+01    -6.7529471216415160E-01
 2.5293749999999999E+01    -6.9421412628053059E-01
 2.5331250000000001E+01    -7.1407962170631578E-01
 2.5368749999999999E+01    -7.3475546800597036E-01
 2.5406250000000000E+01    -7.5610564307761030E-01
 2.5443750000000001E+01    -7.7799372837253578E-01
 2.5481249999999999E+01    -8.0028282108065751E-01
 2.5518750000000001E+01    -8.2283546898400972E-01
 2.5556249999999999E+01    -8.4551363326626028E-01
 2.5593750000000000E+01    -8.6817868401568365E-01
 2.5631250000000001E+01    -8.9069143246416704E-01
 2.5668749999999999E+01    -9.1291220314525634E-01
 2.5706250000000001E+01    -9.3470094810156135E-01
 2.5743749999999999E+01    -9.5591740399195846E-01
 2.5781250000000000E+01    -9.7642129141084866E-01
 2.5818750000000001E+01    -9.9607255391496352E-01
 2.5856249999999999E+01    -1.0147316321591784E+00
 2.5893750000000001E+01    -1.0322597662063591E+00
 2.5931249999999999E+01    -1.0485193165745554E+00
 2.5968750000000000E+01    -1.0633740920459496E+00
 2.6006250000000001E+01    -1.0766897726747939E+00
 2.6043749999999999E+01    -1.0883689554479201E+00
 2.6081250000000001E+01    -1.0984019921501360E+00
 2.6118749999999999E+01    -1.1067946045936694E+00
 2.6156250000000000E+01    -1.1135551523246456E+00
 2.6193750000000001E+01    -1.1186946541318588E+00
 2.6231249999999999E+01    -1.1222267049273802E+00
 2.6268750000000001E+01    -1.1241672864530801E+00
 2.6306249999999999E+01    -1.1245344755997468E+00
 2.6343750000000000E+01    -1.1233480595150902E+00
 2.6381250000000001E+01    -1.1206290717751022E+00
 2.6418749999999999E+01    -1.1163992683583497E+00
 2.6456250000000001E+01    -1.1106805656880390E+00
 2.6493749999999999E+01    -1.1034944653428154E+00
 2.6531250000000000E+01    -1.0948614910132481E+00
 2.6568750000000001E+01    -1.0848006628174387E+00
 2.6606249999999999E+01    -1.0733290322019473E+00
 2.6643750000000001E+01    -1.0604612974570800E+00
 2.6681249999999999E+01    -1.0462095155673470E+00
 2.6718750000000000E+01    -1.0305829209719928E+00
 2.6756250000000001E+01    -1.0135878561536289E+00
 2.6793749999999999E+01    -9.9522781316206688E-01
 2.6831250000000001E+01    -9.7550357957995448E-01
 2.6868749999999999E+01    -9.5441347739040971E-01
 2.6906250000000000E+01    -9.3195367901555937E-01
 2.6943750000000001E+01    -9.0811858169639348E-01
 2.6981249999999999E+01    -8.8290121953378031E-01
 2.7018750000000001E+01    -8.5629640114858430E-01
 2.7056249999999999E+01    -8.2836073583536141E-01
 2.7093750000000000E+01    -7.9921303141201128E-01
 2.7131250000000001E+01    -7.6897504092290336E-01
 2.7168749999999999E+01    -7.3776903962568308E-01
 2.7206250000000001E+01    -7.0571804506692137E-01
 2.7243749999999999E+01    -6.7294597085310237E-01
 2.7281250000000000E+01    -6.3957771791624751E-01
 2.7318750000000001E+01    -6.0573921015538046E-01
 2.7356249999999999E+01    -5.7155738333670625E-01
 2.7393750000000001E+01    -5.3716013712174238E-01
 2.7431249999999999E+01    -5.0267626020165102E-01
 2.7468750000000000E+01    -4.6823533793102512E-01
 2.7506250000000001E+01    -4.3396765077564298E-01
 2.7543749999999999E+01    -4.0000407050801018E-01
 2.7581250000000001E+01    -3.6647595957342582E-01
 2.7618749999999999E+01    -3.3351507754474918E-01
 2.7656250000000000E+01    -3.0125349718820077E-01
 2.7693750000000001E+01    -2.6982353144264598E-01
 2.7731249999999999E+01    -2.3935767160616020E-01
 2.7768750000000001E+01    -2.0998853623839192E-01
 2.7806249999999999E+01    -1.8184882971764535E-01
 2.7843750000000000E+01    -1.5507130901857932E-01
 2.7881250000000001E+01    -1.2978875707432425E-01
 2.7918749999999999E+01    -1.0613396102612460E-01
 2.7956250000000001E+01    -8.4239693716330249E-02
 2.7993749999999999E+01    -6.4238696919211191E-02
 2.8031250000000000E+01    -4.6243569320566662E-02
 2.8068750000000001E+01    -3.0233250012102163E-02
 2.8106249999999999E+01    -1.6132104513581009E-02
 2.8143750000000001E+01    -3.8642600523956213E-03
 2.8181249999999999E+01     6.6462355115609380E-03
 2.8218750000000000E+01     1.5475416165444430E-02
 2.8256250000000001E+01     2.2699400709171043E-02
 2.8293749999999999E+01     2.8394396005743415E-02
 2.8331250000000001E+01     3.2636700302884306E-02
 2.8368749999999999E+01     3.5502706422617616E-02
 2.8406250000000000E+01     3.7068904639923336E-02
 2.8443750000000001E+01     3.7411885104714902E-02
 2.8481249999999999E+01     3.6608339698398877E-02
 2.8518750000000001E+01     3.4735063253310001E-02
 2.8556249999999999E+01     3.1868954097501283E-02
 2.8593750000000000E+01     2.8087013916552037E-02
 2.8631250000000001E+01     2.3466346946975615E-02
 2.8668749999999999E+01     1.8084158531673909E-02
 2.8706250000000001E+01     1.2017753076691326E-02
 2.8743749999999999E+01     5.3445314506120559E-03
 2.8781250000000000E+01    -1.8580121359430420E-03
 2.8818749999999998E+01    -9.5122937419285843E-03
 2.8856249999999999E+01    -1.7540643782162590E-02
 2.8893750000000001E+01    -2.5865311586306401E-02
 2.8931249999999999E+01    -3.4408470443895847E-02
 2.8968750000000000E+01    -4.3092223163464713E-02
 2.9006249999999998E+01    -5.1830654807530158E-02
 2.9043749999999999E+01    -6.0184008276922239E-02
 2.9081250000000001E+01    -6.7898829395878768E-02
 2.9118749999999999E+01    -7.4938123526873679E-02
 2.9156250000000000E+01    -8.1279124155559421E-02
 2.9193749999999998E+01    -8.6910886229586981E-02
 2.9231249999999999E+01    -9.1831436659575383E-02
 2.9268750000000001E+01    -9.6044630046007134E-02
 2.9306249999999999E+01    -9.9556867340046137E-02
 2.9343750000000000E+01    -1.0237383691067488E-01
 2.9381249999999998E+01    -1.0449743179399204E-01
 2.9418749999999999E+01    -1.0592298432276726E-01
 2.9456250000000001E+01    -1.0663694055523312E-01
 2.9493749999999999E+01    -1.0661507270932954E-01
 2.9531250000000000E+01    -1.0582129905057729E-01
 2.9568749999999998E+01    -1.0420714844719917E-01
 2.9606249999999999E+01    -1.0171187240675364E-01
 2.9643750000000001E+01    -9.8263172435418100E-02
 2.9681249999999999E+01    -9.3778476869664354E-02
 2.9718750000000000E+01    -8.8166670959974047E-02
 2.9756249999999998E+01    -8.1330159012786507E-02
 2.9793749999999999E+01    -7.3167119731005828E-02
 2.9831250000000001E+01    -6.3573807057340448E-02
 2.9868749999999999E+01    -5.2446749739759775E-02
 2.9906250000000000E+01    -3.9684713664426850E-02
 2.9943749999999998E+01    -2.5190311058507324E-02
 2.9981249999999999E+01    -8.8711684574014384E-03
