#                  time                       real
 1.8749999999999999E-02    -9.9518680582383022E-03
 5.6249999999999994E-02    -2.8062362423334018E-02
 9.3750000000000000E-02    -4.3849479435673834E-02
 1.3124999999999998E-01    -5.7388384284262427E-02
 1.6874999999999998E-01    -6.8748885329755011E-02
 2.0624999999999999E-01    -7.7997489604525488E-02
 2.4374999999999997E-01    -8.5199783299204926E-02
 2.8125000000000000E-01    -9.0422970064211697E-02
 3.1874999999999998E-01    -9.3738394860136909E-02
 3.5624999999999996E-01    -9.5223886357797119E-02
 3.9374999999999999E-01    -9.4965765708278777E-02
 4.3124999999999997E-01    -9.3060392591449520E-02
 4.6874999999999994E-01    -8.9615149140015435E-02
 5.0624999999999998E-01    -8.4748796681098651E-02
 5.4375000000000007E-01    -7.8591177139281987E-02
 5.8125000000000004E-01    -7.1282268276071023E-02
 6.1875000000000002E-01    -6.2970637666524387E-02
 6.5625000000000000E-01    -5.3811372603940040E-02
 6.9374999999999998E-01    -4.3963590439766102E-02
 7.3125000000000007E-01    -3.3587655024457985E-02
 7.6875000000000004E-01    -2.2842239117798584E-02
 8.0625000000000002E-01    -1.1881379475566771E-02
 8.4375000000000000E-01    -8.5167075222897931E-04
 8.8124999999999998E-01     1.0110263326316751E-02
 9.1874999999999996E-01     2.0879897304433258E-02
 9.5625000000000004E-01     3.1346425636389362E-02
 9.9375000000000002E-01     4.1413799195334562E-02
 1.0312500000000000E+00     5.1169296601762962E-02
 1.0687500000000001E+00     6.0841492518681789E-02
 1.1062500000000000E+00     7.0349609868144744E-02
 1.1437500000000000E+00     7.9605998254708876E-02
 1.1812499999999999E+00     8.8522953825121709E-02
 1.2187500000000000E+00     9.7012727804024562E-02
 1.2562500000000001E+00     1.0498753669775374E-01
 1.2937500000000000E+00     1.1235957433705715E-01
 1.3312500000000000E+00     1.1904102588947259E-01
 1.3687499999999999E+00     1.2494408392433395E-01
 1.4062500000000000E+00     1.2998096655920852E-01
 1.4437500000000001E+00     1.3406393765768224E-01
 1.4812500000000000E+00     1.3710532898706543E-01
 1.5187500000000000E+00     1.3901756418326328E-01
 1.5562499999999999E+00     1.3971318431168747E-01
 1.5937500000000000E+00     1.3910487476066932E-01
 1.6312500000000001E+00     1.3710549316035595E-01
 1.6687500000000000E+00     1.3362809798834729E-01
 1.7062500000000000E+00     1.2858597750543110E-01
 1.7437499999999999E+00     1.2189267866212306E-01
 1.7812500000000000E+00     1.1346203562930512E-01
 1.8187499999999999E+00     1.0320819763261553E-01
 1.8562500000000000E+00     9.1045655806918355E-02
 1.8937500000000000E+00     7.6889268828343849E-02
 1.9312499999999999E+00     6.0654287118688206E-02
 1.9687500000000000E+00     4.2256375438948959E-02
 2.0062499999999996E+00     2.1611937361645652E-02
 2.0437499999999997E+00    -1.2592219161530601E-03
 2.0812499999999998E+00    -2.6084472929791297E-02
 2.1187499999999999E+00    -5.2552767714031112E-02
 2.1562499999999996E+00    -8.0352624077100213E-02
 2.1937499999999996E+00    -1.0917215630641572E-01
 2.2312499999999997E+00    -1.3869911138967581E-01
 2.2687499999999998E+00    -1.6862091167311516E-01
 2.3062499999999999E+00    -1.9862470507261740E-01
 2.3437499999999996E+00    -2.2839742402032936E-01
 2.3812499999999996E+00    -2.5762585422498202E-01
 2.4187499999999997E+00    -2.8599671401185883E-01
 2.4562499999999998E+00    -3.1319674446349438E-01
 2.4937499999999999E+00    -3.3891280979580929E-01
 2.5312499999999996E+00    -3.6283200638782853E-01
 2.5687499999999996E+00    -3.8464177767209201E-01
 2.6062499999999997E+00    -4.0403003075072585E-01
 2.6437499999999998E+00    -4.2068524922138573E-01
 2.6812499999999999E+00    -4.3429659539828291E-01
 2.7187499999999996E+00    -4.4455399403960100E-01
 2.7562499999999996E+00    -4.5114818900094777E-01
 2.7937499999999997E+00    -4.5377076408279121E-01
 2.8312499999999998E+00    -4.5211411986904848E-01
 2.8687499999999999E+00    -4.4587139966992206E-01
 2.9062499999999996E+00    -4.3473635983601483E-01
 2.9437499999999996E+00    -4.1840318268520893E-01
 2.9812499999999997E+00    -3.9656623398384050E-01
 3.0187499999999998E+00    -3.6893622927530029E-01
 3.0562499999999999E+00    -3.3560198288477922E-01
 3.0937499999999996E+00    -2.9703008546834342E-01
 3.1312499999999996E+00    -2.5370257195696549E-01
 3.1687499999999997E+00    -2.0610029487472395E-01
 3.2062499999999998E+00    -1.5470284029686082E-01
 3.2437499999999999E+00    -9.9988543218860360E-02
 3.2812499999999996E+00    -4.2434613986113756E-02
 3.3187499999999996E+00     1.7482617507028363E-02
 3.3562499999999997E+00     7.9287338714630257E-02
 3.3937499999999998E+00     1.4250377745443624E-01
 3.4312499999999999E+00     2.0665562276464061E-01
 3.4687499999999996E+00     2.7126536251408728E-01
 3.5062499999999996E+00     3.3585356420972179E-01
 3.5437499999999997E+00     3.9993813303942638E-01
 3.5812499999999998E+00     4.6303358837922370E-01
 3.6187499999999995E+00     5.2465040610934788E-01
 3.6562499999999996E+00     5.8429447826149150E-01
 3.6937499999999996E+00     6.4146674277026450E-01
 3.7312499999999997E+00     6.9566303342394842E-01
 3.7687499999999998E+00     7.4637419265279070E-01
 3.8062499999999995E+00     7.9308647705456248E-01
 3.8437499999999996E+00     8.3528226758330448E-01
 3.8812499999999996E+00     8.7244107388088765E-01
 3.9187499999999997E+00     9.0404079688102024E-01
 3.9562499999999998E+00     9.2955918790199499E-01
 3.9937499999999995E+00     9.4847541889485321E-01
 4.0312500000000000E+00     9.6036504009561463E-01
 4.0687499999999996E+00     9.6542885671445577E-01
 4.1062499999999993E+00     9.6412659640072085E-01
 4.1437499999999998E+00     9.5692522722987028E-01
 4.1812499999999995E+00     9.4429859559414675E-01
 4.2187500000000000E+00     9.2672739855117892E-01
 4.2562499999999996E+00     9.0469878951063287E-01
 4.2937499999999993E+00     8.7870568673176075E-01
 4.3312499999999998E+00     8.4924586799091650E-01
 4.3687499999999995E+00     8.1682093898237973E-01
 4.4062500000000000E+00     7.8193525873331537E-01
 4.4437499999999996E+00     7.4509489453641076E-01
 4.4812499999999993E+00     7.0680666398905934E-01
 4.5187499999999998E+00     6.6757730500774071E-01
 4.5562499999999995E+00     6.2791279817198420E-01
 4.5937500000000000E+00     5.8831785095768074E-01
 4.6312499999999996E+00     5.4929554130180047E-01
 4.6687499999999993E+00     5.1134710893262303E-01
 4.7062499999999998E+00     4.7497187700612192E-01
 4.7437499999999995E+00     4.4066728351006973E-01
 4.7812500000000000E+00     4.0892900115438913E-01
 4.8187499999999996E+00     3.8025112551248419E-01
 4.8562499999999993E+00     3.5512641348067997E-01
 4.8937499999999998E+00     3.3404655721534054E-01
 4.9312499999999995E+00     3.1750248221583122E-01
 4.9687500000000000E+00     3.0598466186632456E-01
 5.0062499999999996E+00     2.9998272570122647E-01
 5.0437499999999993E+00     2.9974290104846868E-01
 5.0812499999999998E+00     3.0491479145912964E-01
 5.1187499999999995E+00     3.1505905092434378E-01
 5.1562500000000000E+00     3.2973749058978313E-01
 5.1937499999999996E+00     3.4851331810563985E-01
 5.2312499999999993E+00     3.7095133768899091E-01
 5.2687499999999998E+00     3.9661810478348519E-01
 5.3062499999999995E+00     4.2508202567860298E-01
 5.3437500000000000E+00     4.5591338954124022E-01
 5.3812499999999996E+00     4.8868431830872089E-01
 5.4187499999999993E+00     5.2296861912296233E-01
 5.4562499999999998E+00     5.5834152479552246E-01
 5.4937499999999995E+00     5.9437931051054960E-01
 5.5312500000000000E+00     6.3065877985615526E-01
 5.5687499999999996E+00     6.6675662045147033E-01
 5.6062499999999993E+00     7.0224863882959476E-01
 5.6437499999999998E+00     7.3670889549394591E-01
 5.6812499999999995E+00     7.6970877350682176E-01
 5.7187500000000000E+00     8.0081602655987982E-01
 5.7562499999999996E+00     8.2959386385635625E-01
 5.7937499999999993E+00     8.5560013770643628E-01
 5.8312499999999998E+00     8.7838670382878747E-01
 5.8687499999999995E+00     8.9749902244860968E-01
 5.9062500000000000E+00     9.1247605930549014E-01
 5.9437499999999996E+00     9.2285052927307898E-01
 5.9812499999999993E+00     9.2814950204376245E-01
 6.0187499999999998E+00     9.2791093945697511E-01
 6.0562499999999995E+00     9.2202769645246963E-01
 6.0937500000000000E+00     9.1074905508520387E-01
 6.1312499999999996E+00     8.9433966032311862E-01
 6.1687499999999993E+00     8.7306553087722039E-01
 6.2062499999999998E+00     8.4719543113899931E-01
 6.2437499999999995E+00     8.1700195497227202E-01
 6.2812500000000000E+00     7.8276228514537105E-01
 6.3187499999999996E+00     7.4475862363404699E-01
 6.3562499999999993E+00     7.0327831462181845E-01
 6.3937499999999998E+00     6.5861370169543287E-01
 6.4312499999999995E+00     6.1106177269220086E-01
 6.4687500000000000E+00     5.6092365023624879E-01
 6.5062499999999996E+00     5.0850398435486444E-01
 6.5437499999999993E+00     4.5411029731411079E-01
 6.5812499999999998E+00     3.9805232171614696E-01
 6.6187499999999995E+00     3.4064136260138489E-01
 6.6562500000000000E+00     2.8218970415094802E-01
 6.6937499999999996E+00     2.2301007257407218E-01
 6.7312499999999993E+00     1.6341515949816657E-01
 6.7687499999999998E+00     1.0371720492635386E-01
 6.8062499999999995E+00     4.4227635587460221E-02
 6.8437500000000000E+00    -1.4743246921746301E-02
 6.8812499999999996E+00    -7.2886533740566903E-02
 6.9187499999999993E+00    -1.2989493648578601E-01
 6.9562499999999998E+00    -1.8546297771745723E-01
 6.9937499999999995E+00    -2.3928714467649231E-01
 7.0312500000000000E+00    -2.9108721674113741E-01
 7.0687499999999996E+00    -3.4072613283914688E-01
 7.1062499999999993E+00    -3.8812643506550848E-01
 7.1437499999999998E+00    -4.3321270509726395E-01
 7.1812499999999995E+00    -4.7591113379367056E-01
 7.2187499999999991E+00    -5.1614923994080575E-01
 7.2562499999999996E+00    -5.5385556820570325E-01
 7.2937499999999993E+00    -5.8895936569120111E-01
 7.3312499999999998E+00    -6.2139023659346915E-01
 7.3687499999999995E+00    -6.5107777507548192E-01
 7.4062499999999991E+00    -6.7795117772317748E-01
 7.4437499999999996E+00    -7.0193883896797060E-01
 7.4812499999999993E+00    -7.2296793569410045E-01
 7.5187499999999998E+00    -7.4096401084033936E-01
 7.5562499999999995E+00    -7.5585056993793054E-01
 7.5937499999999991E+00    -7.6754870880913328E-01
 7.6312499999999996E+00    -7.7597679452092905E-01
 7.6687499999999993E+00    -7.8105022445214356E-01
 7.7062499999999998E+00    -7.8268128923977398E-01
 7.7437499999999995E+00    -7.8077916373064238E-01
 7.7812499999999991E+00    -7.7525004538253639E-01
 7.8187499999999996E+00    -7.6599745167678313E-01
 7.8562499999999993E+00    -7.5292267732009488E-01
 7.8937499999999998E+00    -7.3592539914168975E-01
 7.9312499999999995E+00    -7.1490440294136759E-01
 7.9687499999999991E+00    -6.8975839379430248E-01
 8.0062499999999996E+00    -6.6038720224487191E-01
 8.0437500000000011E+00    -6.2681461089386348E-01
 8.0812500000000007E+00    -5.8936668602094966E-01
 8.1187500000000004E+00    -5.4841752841119940E-01
 8.1562500000000000E+00    -5.0434450805087594E-01
 8.1937499999999996E+00    -4.5752839175035204E-01
 8.2312500000000011E+00    -4.0835327384960285E-01
 8.2687500000000007E+00    -3.5720635076261947E-01
 8.3062500000000004E+00    -3.0447758621911730E-01
 8.3437500000000000E+00    -2.5055931393666908E-01
 8.3812499999999996E+00    -1.9584581929001810E-01
 8.4187500000000011E+00    -1.4073293292553365E-01
 8.4562500000000007E+00    -8.5617658851735112E-02
 8.4937500000000004E+00    -3.0897848793584353E-02
 8.5312500000000000E+00     2.3028075317429897E-02
 8.5687499999999996E+00     7.5761357133486223E-02
 8.6062500000000011E+00     1.2690311254851658E-01
 8.6437500000000007E+00     1.7605452360978180E-01
 8.6812500000000004E+00     2.2281703738275099E-01
 8.7187500000000000E+00     2.6679258627470603E-01
 8.7562499999999996E+00     3.0758384265988614E-01
 8.7937500000000011E+00     3.4479451464715211E-01
 8.8312500000000007E+00     3.7802968177210705E-01
 8.8687500000000004E+00     4.0689615979647231E-01
 8.9062500000000000E+00     4.3100287348566735E-01
 8.9437499999999996E+00     4.4996120637967002E-01
 8.9812500000000011E+00     4.6338528863518791E-01
 9.0187500000000007E+00     4.7090665873544468E-01
 9.0562500000000004E+00     4.7249283810947451E-01
 9.0937500000000000E+00     4.6844716666945729E-01
 9.1312499999999996E+00     4.5908989023797386E-01
 9.1687500000000011E+00     4.4474315796786734E-01
 9.2062500000000007E+00     4.2573040043236238E-01
 9.2437500000000004E+00     4.0237564637507095E-01
 9.2812500000000000E+00     3.7500281919219153E-01
 9.3187499999999996E+00     3.4393505487287934E-01
 9.3562500000000011E+00     3.0949407974269050E-01
 9.3937500000000007E+00     2.7199967966861593E-01
 9.4312500000000004E+00     2.3176928344987285E-01
 9.4687500000000000E+00     1.8911767313547415E-01
 9.5062499999999996E+00     1.4435682413606316E-01
 9.5437500000000011E+00     9.7795869206542319E-02
 9.5812500000000007E+00     4.9741173361354141E-02
 9.6187500000000004E+00     4.9650192444057953E-04
 9.6562500000000000E+00    -4.9636738709843191E-02
 9.6937499999999996E+00    -1.0035920858929490E-01
 9.7312500000000011E+00    -1.5137330981288827E-01
 9.7687500000000007E+00    -2.0238284761588607E-01
 9.8062500000000004E+00    -2.5309269105196358E-01
 9.8437500000000000E+00    -3.0320844375708905E-01
 9.8812499999999996E+00    -3.5243613163933951E-01
 9.9187500000000011E+00    -4.0048191098226360E-01
 9.9562500000000007E+00    -4.4705179757785779E-01
 9.9937500000000004E+00    -4.9185141523756337E-01
 1.0031250000000000E+01    -5.3461322554290525E-01
 1.0068750000000000E+01    -5.7525142960119280E-01
 1.0106250000000001E+01    -6.1375366793185104E-01
 1.0143750000000001E+01    -6.5010657986462506E-01
 1.0181250000000000E+01    -6.8429541360192103E-01
 1.0218750000000000E+01    -7.1630385443864353E-01
 1.0256250000000000E+01    -7.4611385303941069E-01
 1.0293750000000001E+01    -7.7370545697222837E-01
 1.0331250000000001E+01    -7.9905665010993743E-01
 1.0368750000000000E+01    -8.2214320573577271E-01
 1.0406250000000000E+01    -8.4293856018275259E-01
 1.0443750000000000E+01    -8.6141371454803917E-01
 1.0481250000000001E+01    -8.7753717239864648E-01
 1.0518750000000001E+01    -8.9127492137009701E-01
 1.0556250000000000E+01    -9.0259046610442772E-01
 1.0593750000000000E+01    -9.1144491903879288E-01
 1.0631250000000000E+01    -9.1779715411771412E-01
 1.0668750000000001E+01    -9.2160402656161278E-01
 1.0706250000000001E+01    -9.2282065941391311E-01
 1.0743750000000000E+01    -9.2140079477652215E-01
 1.0781250000000000E+01    -9.1729720453743735E-01
 1.0818750000000000E+01    -9.1046215214253334E-01
 1.0856250000000001E+01    -9.0084789374982688E-01
 1.0893750000000001E+01    -8.8840720414036178E-01
 1.0931250000000000E+01    -8.7309391026895944E-01
 1.0968750000000000E+01    -8.5486341354168749E-01
 1.1006250000000000E+01    -8.3367343098127933E-01
 1.1043750000000001E+01    -8.0956892913826373E-01
 1.1081250000000001E+01    -7.8280548604648981E-01
 1.1118750000000000E+01    -7.5367308779955244E-01
 1.1156250000000000E+01    -7.2246505584523901E-01
 1.1193750000000000E+01    -6.8947810622408090E-01
 1.1231250000000001E+01    -6.5501229738027045E-01
 1.1268750000000001E+01    -6.1937087625546905E-01
 1.1306250000000000E+01    -5.8286003637333539E-01
 1.1343750000000000E+01    -5.4578860452375033E-01
 1.1381250000000000E+01    -5.0846767437647045E-01
 1.1418750000000001E+01    -4.7121020590859464E-01
 1.1456250000000001E+01    -4.3433060901786946E-01
 1.1493750000000000E+01    -3.9814432827669949E-01
 1.1531250000000000E+01    -3.6296744366550299E-01
 1.1568750000000000E+01    -3.2911629953203703E-01
 1.1606250000000001E+01    -2.9690717117863319E-01
 1.1643750000000001E+01    -2.6665597558705506E-01
 1.1681250000000000E+01    -2.3867803002592169E-01
 1.1718750000000000E+01    -2.1328785978722281E-01
 1.1756250000000000E+01    -1.9079905416400175E-01
 1.1793750000000001E+01    -1.7152416806924925E-01
 1.1831250000000001E+01    -1.5577466542700941E-01
 1.1868750000000000E+01    -1.4386089962793208E-01
 1.1906250000000000E+01    -1.3609212589242367E-01
 1.1943750000000000E+01    -1.3277654026102004E-01
 1.1981250000000001E+01    -1.3422134005195413E-01
 1.2018750000000001E+01    -1.4071755369003361E-01
 1.2056250000000000E+01    -1.5220469087970956E-01
 1.2093750000000000E+01    -1.6827083044551031E-01
 1.2131250000000000E+01    -1.8848813378363732E-01
 1.2168750000000001E+01    -2.1242815812205984E-01
 1.2206250000000001E+01    -2.3966191865724989E-01
 1.2243750000000000E+01    -2.6975994405883097E-01
 1.2281250000000000E+01    -3.0229232214862212E-01
 1.2318750000000000E+01    -3.3682873244008127E-01
 1.2356250000000001E+01    -3.7293846220617943E-01
 1.2393750000000001E+01    -4.1019040291817727E-01
 1.2431250000000000E+01    -4.4815302434932403E-01
 1.2468750000000000E+01    -4.8639432444477021E-01
 1.2506250000000000E+01    -5.2448175428945443E-01
 1.2543750000000001E+01    -5.6198211920431318E-01
 1.2581250000000001E+01    -5.9846145917574622E-01
 1.2618750000000000E+01    -6.3348491442329191E-01
 1.2656250000000000E+01    -6.6661658480806452E-01
 1.2693750000000000E+01    -6.9741939475784731E-01
 1.2731250000000001E+01    -7.2545497811293691E-01
 1.2768750000000001E+01    -7.5028359937434363E-01
 1.2806250000000000E+01    -7.7146412880672832E-01
 1.2843750000000000E+01    -7.8855408826936979E-01
 1.2881250000000000E+01    -8.0110978217124496E-01
 1.2918750000000001E+01    -8.0868652341069380E-01
 1.2956250000000001E+01    -8.1083895768243230E-01
 1.2993750000000000E+01    -8.0712148156095409E-01
 1.3031250000000000E+01    -7.9716716573462143E-01
 1.3068750000000000E+01    -7.8113124849077109E-01
 1.3106250000000001E+01    -7.5938298141694127E-01
 1.3143750000000001E+01    -7.3229399836951525E-01
 1.3181250000000000E+01    -7.0023801715731593E-01
 1.3218750000000000E+01    -6.6359106772800569E-01
 1.3256250000000000E+01    -6.2273161457360671E-01
 1.3293750000000001E+01    -5.7804057679210852E-01
 1.3331250000000001E+01    -5.2990125596206261E-01
 1.3368750000000000E+01    -4.7869918652055876E-01
 1.3406250000000000E+01    -4.2482192552705317E-01
 1.3443750000000000E+01    -3.6865879872934321E-01
 1.3481250000000001E+01    -3.1060061815815859E-01
 1.3518750000000001E+01    -2.5103938364062783E-01
 1.3556250000000000E+01    -1.9036797725639698E-01
 1.3593750000000000E+01    -1.2897985643510196E-01
 1.3631250000000000E+01    -6.7268748578595494E-02
 1.3668750000000001E+01    -5.6283481228921652E-03
 1.3706250000000001E+01     5.5547983970545535E-02
 1.3743750000000000E+01     1.1586751812386382E-01
 1.3781250000000000E+01     1.7493845005114525E-01
 1.3818750000000000E+01     2.3237018714390639E-01
 1.3856250000000001E+01     2.8777362104709880E-01
 1.3893750000000001E+01     3.4076137705192827E-01
 1.3931250000000000E+01     3.9094802790228611E-01
 1.3968750000000000E+01     4.3795025706056728E-01
 1.4006250000000000E+01     4.8138732644119031E-01
 1.4043750000000001E+01     5.2100668820286955E-01
 1.4081250000000001E+01     5.5686671295479984E-01
 1.4118750000000000E+01     5.8907411451947955E-01
 1.4156250000000000E+01     6.1773718138912503E-01
 1.4193750000000000E+01     6.4296541896886206E-01
 1.4231250000000001E+01     6.6486917137503332E-01
 1.4268750000000001E+01     6.8355923706511179E-01
 1.4306250000000000E+01     6.9914649310882926E-01
 1.4343750000000000E+01     7.1174154294121328E-01
 1.4381250000000000E+01     7.2145440195077648E-01
 1.4418749999999999E+01     7.2839423419215177E-01
 1.4456250000000001E+01     7.3266915179014558E-01
 1.4493750000000000E+01     7.3438608614360612E-01
 1.4531250000000000E+01     7.3365073680513115E-01
 1.4568750000000000E+01     7.3056759994173093E-01
 1.4606249999999999E+01     7.2524007370535137E-01
 1.4643750000000001E+01     7.1777063290393839E-01
 1.4681250000000000E+01     7.0826106041222914E-01
 1.4718750000000000E+01     6.9681271822720159E-01
 1.4756250000000000E+01     6.8352683742958997E-01
 1.4793749999999999E+01     6.6850480402019818E-01
 1.4831250000000001E+01     6.5184841704274765E-01
 1.4868750000000000E+01     6.3366009683002056E-01
 1.4906250000000000E+01     6.1404302466989369E-01
 1.4943750000000000E+01     5.9310120051214033E-01
 1.4981249999999999E+01     5.7093941212646793E-01
 1.5018750000000001E+01     5.4766507190464075E-01
 1.5056250000000000E+01     5.2343103182434803E-01
 1.5093750000000000E+01     4.9843530783351897E-01
 1.5131250000000000E+01     4.7287773874332784E-01
 1.5168749999999999E+01     4.4695771484700980E-01
 1.5206250000000001E+01     4.2087391911836236E-01
 1.5243750000000000E+01     3.9482414012136652E-01
 1.5281250000000000E+01     3.6900516224596580E-01
 1.5318750000000000E+01     3.4361273215786992E-01
 1.5356249999999999E+01     3.1884159513207588E-01
 1.5393750000000001E+01     2.9488559143335985E-01
 1.5431250000000000E+01     2.7193780104326104E-01
 1.5468750000000000E+01     2.5019072454679581E-01
 1.5506250000000000E+01     2.2983648850919136E-01
 1.5543749999999999E+01     2.1106706478890458E-01
 1.5581250000000001E+01     1.9407449457793977E-01
 1.5618750000000000E+01     1.7905110924014778E-01
 1.5656250000000000E+01     1.6618974103796991E-01
 1.5693750000000000E+01     1.5568391750934849E-01
 1.5731249999999999E+01     1.4772803358974773E-01
 1.5768750000000001E+01     1.4251749566538524E-01
 1.5806250000000000E+01     1.4024883175281413E-01
 1.5843750000000000E+01     1.4111976212506244E-01
 1.5881250000000000E+01     1.4532922515294924E-01
 1.5918749999999999E+01     1.5307735408550580E-01
 1.5956250000000001E+01     1.6456540208401346E-01
 1.5993750000000000E+01     1.7999561509416062E-01
 1.6031250000000000E+01     1.9951304463454939E-01
 1.6068750000000001E+01     2.2287767987943888E-01
 1.6106249999999999E+01     2.4969248638606120E-01
 1.6143750000000001E+01     2.7955993077766284E-01
 1.6181249999999999E+01     3.1208211722325208E-01
 1.6218750000000000E+01     3.4686048959410126E-01
 1.6256250000000001E+01     3.8349556819315056E-01
 1.6293749999999999E+01     4.2158672354205401E-01
 1.6331250000000001E+01     4.6073198802767046E-01
 1.6368749999999999E+01     5.0052790520680968E-01
 1.6406250000000000E+01     5.4056941619331045E-01
 1.6443750000000001E+01     5.8044978263868263E-01
 1.6481249999999999E+01     6.1976054611962339E-01
 1.6518750000000001E+01     6.5809152398318504E-01
 1.6556249999999999E+01     6.9503084161979345E-01
 1.6593750000000000E+01     7.3016500056691136E-01
 1.6631250000000001E+01     7.6307898075580471E-01
 1.6668749999999999E+01     7.9335637372616508E-01
 1.6706250000000001E+01     8.2057954203191263E-01
 1.6743749999999999E+01     8.4432979874527625E-01
 1.6781250000000000E+01     8.6418760036753972E-01
 1.6818750000000001E+01     8.7973274692545500E-01
 1.6856249999999999E+01     8.9054458472129194E-01
 1.6893750000000001E+01     8.9620220995860012E-01
 1.6931249999999999E+01     8.9628467478891560E-01
 1.6968750000000000E+01     8.9037120042662565E-01
 1.7006250000000001E+01     8.7804210967437757E-01
 1.7043749999999999E+01     8.5911761693651856E-01
 1.7081250000000001E+01     8.3400532871173338E-01
 1.7118749999999999E+01     8.0320226929054228E-01
 1.7156250000000000E+01     7.6720691635531080E-01
 1.7193750000000001E+01     7.2651939371032226E-01
 1.7231249999999999E+01     6.8164159243447542E-01
 1.7268750000000001E+01     6.3307721695951491E-01
 1.7306249999999999E+01     5.8133175797276970E-01
 1.7343750000000000E+01     5.2691239917238120E-01
 1.7381250000000001E+01     4.7032786898471696E-01
 1.7418749999999999E+01     4.1208825087366130E-01
 1.7456250000000001E+01     3.5270476664941042E-01
 1.7493749999999999E+01     2.9268954635226929E-01
 1.7531250000000000E+01     2.3255539621711338E-01
 1.7568750000000001E+01     1.7281557342387416E-01
 1.7606249999999999E+01     1.1398357334097484E-01
 1.7643750000000001E+01     5.6572932247792022E-02
 1.7681249999999999E+01     1.0970464329367064E-03
 1.7718750000000000E+01    -5.1930992685854764E-02
 1.7756250000000001E+01    -1.0199854813473806E-01
 1.7793749999999999E+01    -1.4859357192632669E-01
 1.7831250000000001E+01    -1.9120472382271153E-01
 1.7868749999999999E+01    -2.2932147225732755E-01
 1.7906250000000000E+01    -2.6243417410449699E-01
 1.7943750000000001E+01    -2.9003412915220261E-01
 1.7981249999999999E+01    -3.1161360502376251E-01
 1.8018750000000001E+01    -3.2668630260984632E-01
 1.8056249999999999E+01    -3.3523772932876283E-01
 1.8093750000000000E+01    -3.3772510059248156E-01
 1.8131250000000001E+01    -3.3462676395620278E-01
 1.8168749999999999E+01    -3.2642154793811601E-01
 1.8206250000000001E+01    -3.1358859914300202E-01
 1.8243749999999999E+01    -2.9660724114498338E-01
 1.8281250000000000E+01    -2.7595685890789690E-01
 1.8318750000000001E+01    -2.5211681040431055E-01
 1.8356249999999999E+01    -2.2556636519518777E-01
 1.8393750000000001E+01    -1.9678466820319335E-01
 1.8431249999999999E+01    -1.6625072582018519E-01
 1.8468750000000000E+01    -1.3444341081880906E-01
 1.8506250000000001E+01    -1.0184148221178564E-01
 1.8543749999999999E+01    -6.8923616103919755E-02
 1.8581250000000001E+01    -3.6168443585240670E-02
 1.8618749999999999E+01    -4.0545917059762859E-03
 1.8656250000000000E+01     2.6939276523664533E-02
 1.8693750000000001E+01     5.6334427384928699E-02
 1.8731249999999999E+01     8.3652031546949376E-02
 1.8768750000000001E+01     1.0841315393903975E-01
 1.8806249999999999E+01     1.3013876355867005E-01
 1.8843750000000000E+01     1.4834976833308294E-01
 1.8881250000000001E+01     1.6256707966504302E-01
 1.8918749999999999E+01     1.7231171020397335E-01
 1.8956250000000001E+01     1.7710490658743805E-01
 1.8993749999999999E+01     1.7646831637323901E-01
 1.9031250000000000E+01     1.7001113778167465E-01
 1.9068750000000001E+01     1.5792144298141209E-01
 1.9106249999999999E+01     1.4062412018881365E-01
 1.9143750000000001E+01     1.1854587933731008E-01
 1.9181249999999999E+01     9.2114628905377680E-02
 1.9218750000000000E+01     6.1759497904466623E-02
 1.9256250000000001E+01     2.7910802291261267E-02
 1.9293749999999999E+01    -9.0000462142959276E-03
 1.9331250000000001E+01    -4.8540688142633397E-02
 1.9368749999999999E+01    -9.0278018035240409E-02
 1.9406250000000000E+01    -1.3377843499367001E-01
 1.9443750000000001E+01    -1.7860813551585311E-01
 1.9481249999999999E+01    -2.2433344072555741E-01
 1.9518750000000001E+01    -2.7052114865260324E-01
 1.9556249999999999E+01    -3.1673890054770165E-01
 1.9593750000000000E+01    -3.6255554822714675E-01
 1.9631250000000001E+01    -4.0754150717038184E-01
 1.9668749999999999E+01    -4.5126907771526542E-01
 1.9706250000000001E+01    -4.9331271453791947E-01
 1.9743749999999999E+01    -5.3324922312334622E-01
 1.9781250000000000E+01    -5.7065786167023747E-01
 1.9818750000000001E+01    -6.0512032837924057E-01
 1.9856249999999999E+01    -6.3622061781524042E-01
 1.9893750000000001E+01    -6.6354473628262745E-01
 1.9931249999999999E+01    -6.8668027488054550E-01
 1.9968750000000000E+01    -7.0521584970153450E-01
 2.0006250000000001E+01    -7.1874102930669326E-01
 2.0043749999999999E+01    -7.2704792475397217E-01
 2.0081250000000001E+01    -7.3042494724481855E-01
 2.0118749999999999E+01    -7.2923346849148474E-01
 2.0156250000000000E+01    -7.2383242485168542E-01
 2.0193750000000001E+01    -7.1457790459207782E-01
 2.0231249999999999E+01    -7.0182289984211144E-01
 2.0268750000000001E+01    -6.8591722396111066E-01
 2.0306249999999999E+01    -6.6720758324687557E-01
 2.0343750000000000E+01    -6.4603778239019971E-01
 2.0381250000000001E+01    -6.2274903646151147E-01
 2.0418749999999999E+01    -5.9768035872290659E-01
 2.0456250000000001E+01    -5.7116899303950974E-01
 2.0493749999999999E+01    -5.4355086167600331E-01
 2.0531250000000000E+01    -5.1516100318445401E-01
 2.0568750000000001E+01    -4.8633398022293783E-01
 2.0606249999999999E+01    -4.5740424281522002E-01
 2.0643750000000001E+01    -4.2870643818734128E-01
 2.0681249999999999E+01    -4.0057566344532464E-01
 2.0718750000000000E+01    -3.7334766168616629E-01
 2.0756250000000001E+01    -3.4735896550049011E-01
 2.0793749999999999E+01    -3.2294699418809625E-01
 2.0831250000000001E+01    -3.0045011241965280E-01
 2.0868749999999999E+01    -2.8020765865192976E-01
 2.0906250000000000E+01    -2.6255995148787281E-01
 2.0943750000000001E+01    -2.4784828152524671E-01
 2.0981249999999999E+01    -2.3641489521071343E-01
 2.1018750000000001E+01    -2.2859109764901714E-01
 2.1056249999999999E+01    -2.2443591218253264E-01
 2.1093750000000000E+01    -2.2373606472227889E-01
 2.1131250000000001E+01    -2.2626729394518177E-01
 2.1168749999999999E+01    -2.3180622243971236E-01
 2.1206250000000001E+01    -2.4013035326228133E-01
 2.1243749999999999E+01    -2.5101806593432674E-01
 2.1281250000000000E+01    -2.6424860734576960E-01
 2.1318750000000001E+01    -2.7960207306998908E-01
 2.1356249999999999E+01    -2.9685937487300545E-01
 2.1393750000000001E+01    -3.1580219074001070E-01
 2.1431249999999999E+01    -3.3621289456773318E-01
 2.1468750000000000E+01    -3.5787446379226279E-01
 2.1506250000000001E+01    -3.8057036462943422E-01
 2.1543749999999999E+01    -4.0408441626107272E-01
 2.1581250000000001E+01    -4.2820063713319767E-01
 2.1618749999999999E+01    -4.5270307843158114E-01
 2.1656250000000000E+01    -4.7737565161972484E-01
 2.1693750000000001E+01    -5.0200195848875784E-01
 2.1731249999999999E+01    -5.2636513328683865E-01
 2.1768750000000001E+01    -5.5024770698000758E-01
 2.1806249999999999E+01    -5.7343150338814364E-01
 2.1843750000000000E+01    -5.9569757573478110E-01
 2.1881250000000001E+01    -6.1682619002443506E-01
 2.1918749999999999E+01    -6.3659685869190386E-01
 2.1956250000000001E+01    -6.5478842434008611E-01
 2.1993749999999999E+01    -6.7117918938513854E-01
 2.2031250000000000E+01    -6.8557502694045203E-01
 2.2068750000000001E+01    -6.9796740042779282E-01
 2.2106249999999999E+01    -7.0842359361566387E-01
 2.2143750000000001E+01    -7.1701137162785422E-01
 2.2181249999999999E+01    -7.2379895503262925E-01
 2.2218750000000000E+01    -7.2885517731753824E-01
 2.2256250000000001E+01    -7.3224959334436879E-01
 2.2293749999999999E+01    -7.3405253511500235E-01
 2.2331250000000001E+01    -7.3433511606293689E-01
 2.2368749999999999E+01    -7.3316918921973528E-01
 2.2406250000000000E+01    -7.3062726769144870E-01
 2.2443750000000001E+01    -7.2678241778053154E-01
 2.2481249999999999E+01    -7.2170813581219140E-01
 2.2518750000000001E+01    -7.1547821939470535E-01
 2.2556249999999999E+01    -7.0816664266038920E-01
 2.2593750000000000E+01    -6.9984744323679460E-01
 2.2631250000000001E+01    -6.9059462653335246E-01
 2.2668749999999999E+01    -6.8048209062632448E-01
 2.2706250000000001E+01    -6.6958357278425074E-01
 2.2743749999999999E+01    -6.5797261665622275E-01
 2.2781250000000000E+01    -6.4572255746495044E-01
 2.2818750000000001E+01    -6.3290652128532199E-01
 2.2856249999999999E+01    -6.1959743368817610E-01
 2.2893750000000001E+01    -6.0586803269741640E-01
 2.2931249999999999E+01    -5.9179088112224654E-01
 2.2968750000000000E+01    -5.7743837383219299E-01
 2.3006250000000001E+01    -5.6288265518541514E-01
 2.3043749999999999E+01    -5.4816816906081867E-01
 2.3081250000000001E+01    -5.3327169643970784E-01
 2.3118749999999999E+01    -5.1815963424248401E-01
 2.3156250000000000E+01    -5.0279810815517678E-01
 2.3193750000000001E+01    -4.8715293617736011E-01
 2.3231249999999999E+01    -4.7118959150252610E-01
 2.3268750000000001E+01    -4.5487316645626008E-01
 2.3306249999999999E+01    -4.3816833880723199E-01
 2.3343750000000000E+01    -4.2103934129924420E-01
 2.3381250000000001E+01    -4.0344993481901692E-01
 2.3418749999999999E+01    -3.8536338528041991E-01
 2.3456250000000001E+01    -3.6674244411336054E-01
 2.3493749999999999E+01    -3.4754933220944367E-01
 2.3531250000000000E+01    -3.2774572728963658E-01
 2.3568750000000001E+01    -3.0729275489668101E-01
 2.3606249999999999E+01    -2.8615098353866880E-01
 2.3643750000000001E+01    -2.6428042487675396E-01
 2.3681249999999999E+01    -2.4164054021275816E-01
 2.3718750000000000E+01    -2.1819025484775334E-01
 2.3756250000000001E+01    -1.9388798211181726E-01
 2.3793749999999999E+01    -1.6869165897541205E-01
 2.3831250000000001E+01    -1.4255879512104733E-01
 2.3868749999999999E+01    -1.1544653716504601E-01
 2.3906250000000000E+01    -8.7311749368815431E-02
 2.3943750000000001E+01    -5.8111111673376757E-02
 2.3981249999999999E+01    -2.7801235246307392E-02
 2.4018750000000001E+01     3.6560579256696745E-03
 2.4056249999999999E+01     3.6180351080911395E-02
 2.4093750000000000E+01     6.9572479199358009E-02
 2.4131250000000001E+01     1.0362762134240952E-01
 2.4168749999999999E+01     1.3814031796865994E-01
 2.4206250000000001E+01     1.7290435365922055E-01
 2.4243749999999999E+01     2.0771265438487851E-01
 2.4281250000000000E+01     2.4235720126361379E-01
 2.4318750000000001E+01     2.7662896247723795E-01
 2.4356249999999999E+01     3.1031784476591984E-01
 2.4393750000000001E+01     3.4321266569089870E-01
 2.4431249999999999E+01     3.7510114763104568E-01
 2.4468750000000000E+01     4.0576993423300145E-01
 2.4506250000000001E+01     4.3500462973824616E-01
 2.4543749999999999E+01     4.6258986123570672E-01
 2.4581250000000001E+01     4.8830936341173276E-01
 2.4618749999999999E+01     5.1194608477666526E-01
 2.4656250000000000E+01     5.3328231363852896E-01
 2.4693750000000001E+01     5.5209982128643842E-01
 2.4731249999999999E+01     5.6818001897526327E-01
 2.4768750000000001E+01     5.8130412442540258E-01
 2.4806249999999999E+01     5.9125333274124348E-01
 2.4843750000000000E+01     5.9780898599711296E-01
 2.4881250000000001E+01     6.0075273533452667E-01
 2.4918749999999999E+01     5.9986668934948595E-01
 2.4956250000000001E+01     5.9493354289873368E-01
 2.4993749999999999E+01     5.8573668126648659E-01
 2.5031250000000000E+01     5.7211003186928600E-01
 2.5068750000000001E+01     5.5421924360099495E-01
 2.5106249999999999E+01     5.3236577998348888E-01
 2.5143750000000001E+01     5.0685230800072079E-01
 2.5181249999999999E+01     4.7798226568584051E-01
 2.5218750000000000E+01     4.4605981827649444E-01
 2.5256250000000001E+01     4.1138981021718668E-01
 2.5293749999999999E+01     3.7427771785069558E-01
 2.5331250000000001E+01     3.3502960673583110E-01
 2.5368749999999999E+01     2.9395209644473053E-01
 2.5406250000000000E+01     2.5135233451267547E-01
 2.5443750000000001E+01     2.0753798001022467E-01
 2.5481249999999999E+01     1.6281719603814435E-01
 2.5518750000000001E+01     1.1749864935541300E-01
 2.5556249999999999E+01     7.1891514372320109E-02
 2.5593750000000000E+01     2.6305477903175108E-02
 2.5631250000000001E+01    -1.8949259593450521E-02
 2.5668749999999999E+01    -6.3561991020435402E-02
 2.5706250000000001E+01    -1.0722152283911224E-01
 2.5743749999999999E+01    -1.4961621331494696E-01
 2.5781250000000000E+01    -1.9043403322752384E-01
 2.5818750000000001E+01    -2.2936265261540925E-01
 2.5856249999999999E+01    -2.6608955584592325E-01
 2.5893750000000001E+01    -3.0030218557901800E-01
 2.5931249999999999E+01    -3.3168811407165266E-01
 2.5968750000000000E+01    -3.5993523783428405E-01
 2.6006250000000001E+01    -3.8473235661257343E-01
 2.6043749999999999E+01    -4.0589362789134731E-01
 2.6081250000000001E+01    -4.2353961966886056E-01
 2.6118749999999999E+01    -4.3783800099410614E-01
 2.6156250000000000E+01    -4.4895774967009761E-01
 2.6193750000000001E+01    -4.5706926606247422E-01
 2.6231249999999999E+01    -4.6234444264307784E-01
 2.6268750000000001E+01    -4.6495668547569236E-01
 2.6306249999999999E+01    -4.6508088632949535E-01
 2.6343750000000000E+01    -4.6289334660993520E-01
 2.6381250000000001E+01    -4.5857165665992000E-01
 2.6418749999999999E+01    -4.5229453605515901E-01
 2.6456250000000001E+01    -4.4424164217555850E-01
 2.6493749999999999E+01    -4.3459335549691225E-01
 2.6531250000000000E+01    -4.2353055067453299E-01
 2.6568750000000001E+01    -4.1123436258699309E-01
 2.6606249999999999E+01    -3.9788595611540040E-01
 2.6643750000000001E+01    -3.8366630762538201E-01
 2.6681249999999999E+01    -3.6875600498876698E-01
 2.6718750000000000E+01    -3.5333507163467781E-01
 2.6756250000000001E+01    -3.3758281866109874E-01
 2.6793749999999999E+01    -3.2167772756493129E-01
 2.6831250000000001E+01    -3.0579736474509611E-01
 2.6868749999999999E+01    -2.9011832766408663E-01
 2.6906250000000000E+01    -2.7481622146353690E-01
 2.6943750000000001E+01    -2.6006566394464803E-01
 2.6981249999999999E+01    -2.4604031615169200E-01
 2.7018750000000001E+01    -2.3290874351121194E-01
 2.7056249999999999E+01    -2.2074226752523707E-01
 2.7093750000000000E+01    -2.0951504956668354E-01
 2.7131250000000001E+01    -1.9919639906099332E-01
 2.7168749999999999E+01    -1.8975505554364117E-01
 2.7206250000000001E+01    -1.8115928038769560E-01
 2.7243749999999999E+01    -1.7337694757238648E-01
 2.7281250000000000E+01    -1.6637563126989066E-01
 2.7318750000000001E+01    -1.6012268838837979E-01
 2.7356249999999999E+01    -1.5458533458027049E-01
 2.7393750000000001E+01    -1.4973071259234227E-01
 2.7431249999999999E+01    -1.4552595218709113E-01
 2.7468750000000000E+01    -1.4193822119327515E-01
 2.7506250000000001E+01    -1.3893476754118833E-01
 2.7543749999999999E+01    -1.3648295240005101E-01
 2.7581250000000001E+01    -1.3455027475873438E-01
 2.7618749999999999E+01    -1.3310438797618152E-01
 2.7656250000000000E+01    -1.3211310897534034E-01
 2.7693750000000001E+01    -1.3154442086648546E-01
 2.7731249999999999E+01    -1.3136646986525560E-01
 2.7768750000000001E+01    -1.3154755742115232E-01
 2.7806249999999999E+01    -1.3205612849694620E-01
 2.7843750000000000E+01    -1.3286075694169155E-01
 2.7881250000000001E+01    -1.3393012888270744E-01
 2.7918749999999999E+01    -1.3523302502704368E-01
 2.7956250000000001E+01    -1.3673830271229373E-01
 2.7993749999999999E+01    -1.3841487848099163E-01
 2.8031250000000000E+01    -1.4023425751597873E-01
 2.8068750000000001E+01    -1.4218489708728049E-01
 2.8106249999999999E+01    -1.4426217517525042E-01
 2.8143750000000001E+01    -1.4646149820881244E-01
 2.8181249999999999E+01    -1.4877827430623541E-01
 2.8218750000000000E+01    -1.5120790894222452E-01
 2.8256250000000001E+01    -1.5374580238813051E-01
 2.8293749999999999E+01    -1.5638734863016829E-01
 2.8331250000000001E+01    -1.5912793547059192E-01
 2.8368749999999999E+01    -1.6196294552321364E-01
 2.8406250000000000E+01    -1.6488775782662338E-01
 2.8443750000000001E+01    -1.6789774981517552E-01
 2.8481249999999999E+01    -1.7098829940845553E-01
 2.8518750000000001E+01    -1.7415478700387177E-01
 2.8556249999999999E+01    -1.7739259718352521E-01
 2.8593750000000000E+01    -1.8069711997494811E-01
 2.8631250000000001E+01    -1.8406375153513119E-01
 2.8668749999999999E+01    -1.8748789415779213E-01
 2.8706250000000001E+01    -1.9096495553470189E-01
 2.8743749999999999E+01    -1.9449034723245126E-01
 2.8781250000000000E+01    -1.9805948237595311E-01
 2.8818749999999998E+01    -2.0166777255883167E-01
 2.8856249999999999E+01    -2.0531062402820668E-01
 2.8893750000000001E+01    -2.0898343321703353E-01
 2.8931249999999999E+01    -2.1268158172068036E-01
 2.8968750000000000E+01    -2.1640043083562283E-01
 2.9006249999999998E+01    -2.2010053330954282E-01
 2.9043749999999999E+01    -2.2215731495550189E-01
 2.9081250000000001E+01    -2.2164944914914336E-01
 2.9118749999999999E+01    -2.1858904786761812E-01
 2.9156250000000000E+01    -2.1306647715140944E-01
 2.9193749999999998E+01    -2.0524682998946925E-01
 2.9231249999999999E+01    -1.9536299739593427E-01
 2.9268750000000001E+01    -1.8370565995278110E-01
 2.9306249999999999E+01    -1.7061069649593741E-01
 2.9343750000000000E+01    -1.5644465627824564E-01
 2.9381249999999998E+01    -1.4158905623520870E-01
 2.9418749999999999E+01    -1.2642433822478563E-01
 2.9456250000000001E+01    -1.1131434711424162E-01
 2.9493749999999999E+01    -9.6592166988149597E-02
 2.9531250000000000E+01    -8.2548080171875524E-02
 2.9568749999999998E+01    -6.9420295734149665E-02
 2.9606249999999999E+01    -5.7388936861006296E-02
 2.9643750000000001E+01    -4.6573588515699482E-02
 2.9681249999999999E+01    -3.7034498522524925E-02
 2.9718750000000000E+01    -2.8777308393309393E-02
 2.9756249999999998E+01    -2.1760977365746385E-02
 2.9793749999999999E+01    -1.5908366856490171E-02
 2.9831250000000001E+01    -1.1118784859296960E-02
 2.9868749999999999E+01    -7.2816614184403440E-03
 2.9906250000000000E+01    -4.2904458222504790E-03
 2.9943749999999998E+01    -2.0557895686840878E-03
 2.9981249999999999E+01    -5.1710928235954088E-04
