#                  time                       real
 1.5625000000000000E-02    -3.7391056891394156E-03
 4.6875000000000000E-02    -2.8575053465936629E-02
 7.8125000000000000E-02    -7.4843014733726301E-02
 1.0937500000000000E-01    -1.4097057308736466E-01
 1.4062500000000000E-01    -2.2562790968052293E-01
 1.7187500000000000E-01    -3.2737420836694048E-01
 2.0312500000000000E-01    -4.4431252676721683E-01
 2.3437500000000000E-01    -5.7378253662379164E-01
 2.6562500000000000E-01    -7.1212706913468082E-01
 2.9687500000000000E-01    -8.5457299200304315E-01
 3.2812500000000000E-01    -9.9526706104951879E-01
 3.5937500000000000E-01    -1.1274997108703932E+00
 3.9062500000000000E-01    -1.2441311057775308E+00
 4.2187500000000000E-01    -1.3382027468389188E+00
 4.5312500000000000E-01    -1.4036768100176236E+00
 4.8437500000000000E-01    -1.4362016667599666E+00
 5.1562500000000000E-01    -1.4337683096734819E+00
 5.4687500000000000E-01    -1.3971136372489332E+00
 5.7812500000000000E-01    -1.3297545733894351E+00
 6.0937500000000000E-01    -1.2376037712400323E+00
 6.4062500000000000E-01    -1.1282105519438801E+00
 6.7187500000000000E-01    -1.0097635525396429E+00
 7.0312500000000000E-01    -8.9005292814486403E-01
 7.3437500000000000E-01    -7.7559658474343285E-01
 7.6562500000000000E-01    -6.7108317269305795E-01
 7.9687500000000000E-01    -5.7919338273263987E-01
 8.2812500000000000E-01    -5.0076374373983323E-01
 8.5937500000000000E-01    -4.3518608226546485E-01
 8.9062500000000000E-01    -3.8090895890167220E-01
 9.2187500000000000E-01    -3.3592293302585235E-01
 9.5312500000000000E-01    -2.9815284363955108E-01
 9.8437500000000000E-01    -2.6572664425565218E-01
 1.0156250000000000E+00    -2.3717330757570160E-01
 1.0468750000000000E+00    -2.1154396954156751E-01
 1.0781250000000000E+00    -1.8860313638734311E-01
 1.1093750000000000E+00    -1.6815439204878355E-01
 1.1406250000000000E+00    -1.4994056895179497E-01
 1.1718750000000000E+00    -1.3368702201031260E-01
 1.2031250000000000E+00    -1.1912603760009456E-01
 1.2343750000000000E+00    -1.0600956217853591E-01
 1.2656250000000000E+00    -9.4114857379384534E-02
 1.2968750000000000E+00    -8.3246006880810436E-02
 1.3281250000000000E+00    -7.3233109482703007E-02
 1.3593750000000000E+00    -6.3930289755460126E-02
 1.3906250000000000E+00    -5.5213208091387994E-02
 1.4218750000000000E+00    -4.6976467442944037E-02
 1.4531250000000000E+00    -3.9131136249516280E-02
 1.4843750000000000E+00    -3.1602497912173629E-02
 1.5156250000000000E+00    -2.4328071803007962E-02
 1.5468750000000000E+00    -1.7255913042745211E-02
 1.5781250000000000E+00    -1.0343177720908470E-02
 1.6093750000000000E+00    -3.5549301794312498E-03
 1.6406250000000000E+00     3.1368348248319551E-03
 1.6718750000000000E+00     9.7539824974157384E-03
 1.7031250000000000E+00     1.6312866663797145E-02
 1.7343750000000000E+00     2.2824819878147610E-02
 1.7656250000000000E+00     2.9296525278180701E-02
 1.7968750000000000E+00     3.5730287652935636E-02
 1.8281250000000000E+00     4.2124218577327066E-02
 1.8593750000000000E+00     4.8472348162341194E-02
 1.8906250000000000E+00     5.4764673988937876E-02
 1.9218750000000000E+00     6.0987156139658279E-02
 1.9531250000000000E+00     6.7121665881903575E-02
 1.9843750000000000E+00     7.3145894464723069E-02
 2.0156250000000000E+00     7.9033227629346003E-02
 2.0468750000000000E+00     8.4752590767105673E-02
 2.0781250000000000E+00     9.0268269150853203E-02
 2.1093750000000000E+00     9.5539707287036604E-02
 2.1406250000000000E+00     1.0052129114597651E-01
 2.1718750000000000E+00     1.0516211679812541E-01
 2.2031250000000000E+00     1.0940574877910547E-01
 2.2343750000000000E+00     1.1318997128520771E-01
 2.2656250000000000E+00     1.1644653503138128E-01
 2.2968750000000000E+00     1.1910090223902542E-01
 2.3281250000000000E+00     1.2107199171866839E-01
 2.3593750000000000E+00     1.2227192532510760E-01
 2.3906250000000000E+00     1.2260577614272601E-01
 2.4218750000000000E+00     1.2197131755303191E-01
 2.4531250000000000E+00     1.2025877080156350E-01
 2.4843750000000000E+00     1.1735054677092316E-01
 2.5156250000000000E+00     1.1312097534844343E-01
 2.5468750000000000E+00     1.0743601303212354E-01
 2.5781250000000000E+00     1.0015291625177783E-01
 2.6093750000000000E+00     9.1119864332313158E-02
 2.6406250000000000E+00     8.0175512181465278E-02
 2.6718750000000000E+00     6.7148448799195778E-02
 2.7031250000000000E+00     5.1856533830521793E-02
 2.7343750000000000E+00     3.4106080999103519E-02
 2.7656250000000000E+00     1.3690854920308804E-02
 2.7968750000000000E+00    -9.6091526906509680E-03
 2.8281250000000000E+00    -3.6029198886268321E-02
 2.8593750000000000E+00    -6.5821541782972226E-02
 2.8906250000000000E+00    -9.9257479667538548E-02
 2.9218750000000000E+00    -1.3662966336425911E-01
 2.9531250000000000E+00    -1.7825463013893109E-01
 2.9843750000000000E+00    -2.2447544913836501E-01
 3.0156250000000000E+00    -2.7566428202847881E-01
 3.0468750000000000E+00    -3.3222453732009882E-01
 3.0781250000000000E+00    -3.9459211833333357E-01
 3.1093750000000000E+00    -4.6323501324630295E-01
 3.1406250000000000E+00    -5.3865012476224094E-01
 3.1718750000000000E+00    -6.2135575113278951E-01
 3.2031250000000000E+00    -7.1187746326264478E-01
 3.2343750000000000E+00    -8.1072421885551571E-01
 3.2656250000000000E+00    -9.1835036305323670E-01
 3.2968750000000000E+00    -1.0350976846457209E+00
 3.3281250000000000E+00    -1.1611100886786609E+00
 3.3593750000000000E+00    -1.2962122574232180E+00
 3.3906250000000000E+00    -1.4397441862553113E+00
 3.4218750000000000E+00    -1.5903480756935078E+00
 3.4531250000000000E+00    -1.7457161531697785E+00
 3.4843750000000000E+00    -1.9023308227300362E+00
 3.5156250000000000E+00    -2.0552620122709553E+00
 3.5468750000000000E+00    -2.1981226197929469E+00
 3.5781250000000000E+00    -2.3233021090248416E+00
 3.6093750000000000E+00    -2.4225731572779443E+00
 3.6406250000000000E+00    -2.4880761911360851E+00
 3.6718750000000000E+00    -2.5135409820357197E+00
 3.7031250000000000E+00    -2.4954580184424207E+00
 3.7343750000000000E+00    -2.4338502511207536E+00
 3.7656250000000000E+00    -2.3323808348824882E+00
 3.7968750000000000E+00    -2.1977477022424812E+00
 3.8281250000000000E+00    -2.0385584879569616E+00
 3.8593750000000000E+00    -1.8640264940084457E+00
 3.8906250000000000E+00    -1.6828215401589661E+00
 3.9218750000000000E+00    -1.5022838864349579E+00
 3.9531250000000000E+00    -1.3280510765329390E+00
 3.9843750000000000E+00    -1.1640292536603556E+00
 4.0156250000000000E+00    -1.0125887551148982E+00
 4.0468750000000000E+00    -8.7486644187708473E-01
 4.0781250000000000E+00    -7.5108767290735434E-01
 4.1093750000000000E+00    -6.4085657877458957E-01
 4.1406250000000000E+00    -5.4339222291026712E-01
 4.1718750000000000E+00    -4.5770697356371243E-01
 4.2031250000000000E+00    -3.8273325550923837E-01
 4.2343750000000000E+00    -3.1740860919500713E-01
 4.2656250000000000E+00    -2.6072926152420522E-01
 4.2968750000000000E+00    -2.1178105659908422E-01
 4.3281250000000000E+00    -1.6975471326411981E-01
 4.3593750000000000E+00    -1.3395053563037862E-01
 4.3906250000000000E+00    -1.0377613797419610E-01
 4.4218750000000000E+00    -7.8739514402613633E-02
 4.4531250000000000E+00    -5.8438863956497208E-02
 4.4843750000000000E+00    -4.2549924405511780E-02
 4.5156250000000000E+00    -3.0811124805388574E-02
 4.5468750000000000E+00    -2.3006603729863132E-02
 4.5781250000000000E+00    -1.8951177203649257E-02
 4.6093750000000000E+00    -1.8479395335061558E-02
 4.6406250000000000E+00    -2.1411479784566236E-02
 4.6718750000000000E+00    -2.7526532440507401E-02
 4.7031250000000000E+00    -3.6539067207920869E-02
 4.7343750000000000E+00    -4.8077940639414084E-02
 4.7656250000000000E+00    -6.1670902551977644E-02
 4.7968750000000000E+00    -7.6738709695880841E-02
 4.8281250000000000E+00    -9.2602895649533251E-02
 4.8593750000000000E+00    -1.0851041567213272E-01
 4.8906250000000000E+00    -1.2367614473571598E-01
 4.9218750000000000E+00    -1.3734063827252777E-01
 4.9531250000000000E+00    -1.4883632531369598E-01
 4.9843750000000000E+00    -1.5765167639456840E-01
 5.0156250000000000E+00    -1.6348139685792992E-01
 5.0468750000000000E+00    -1.6625238627237521E-01
 5.0781250000000000E+00    -1.6611997423260288E-01
 5.1093750000000000E+00    -1.6343539189507700E-01
 5.1406250000000000E+00    -1.5869144145579303E-01
 5.1718750000000000E+00    -1.5245701712668039E-01
 5.2031250000000000E+00    -1.4531170223325790E-01
 5.2343750000000000E+00    -1.3778953447395401E-01
 5.2656250000000000E+00    -1.3033740285733891E-01
 5.2968750000000000E+00    -1.2328975005346710E-01
 5.3281250000000000E+00    -1.1685826005084600E-01
 5.3593750000000000E+00    -1.1113341676370289E-01
 5.3906250000000000E+00    -1.0609416864640085E-01
 5.4218750000000000E+00    -1.0162212044090277E-01
 5.4531250000000000E+00    -9.7517330576000316E-02
 5.4843750000000000E+00    -9.3513615977709352E-02
 5.5156250000000000E+00    -8.9292052998855051E-02
 5.5468750000000000E+00    -8.4492009834809118E-02
 5.5781250000000000E+00    -7.8719519994450357E-02
 5.6093750000000000E+00    -7.1553118906423685E-02
 5.6406250000000000E+00    -6.2547447392726996E-02
 5.6718750000000000E+00    -5.1235012654967702E-02
 5.7031250000000000E+00    -3.7126523067291937E-02
 5.7343750000000000E+00    -1.9710205087675015E-02
 5.7656250000000000E+00     1.5495096512637956E-03
 5.7968750000000000E+00     2.7213555450432060E-02
 5.8281250000000000E+00     5.7869690555036365E-02
 5.8593750000000000E+00     9.4133444844709799E-02
 5.8906250000000000E+00     1.3664809839694808E-01
 5.9218750000000000E+00     1.8608312505359703E-01
 5.9531250000000000E+00     2.4313037158728026E-01
 5.9843750000000000E+00     3.0849701086077808E-01
 6.0156250000000000E+00     3.8289399408137292E-01
 6.0468750000000000E+00     4.6701832318036263E-01
 6.0781250000000000E+00     5.6152696863512341E-01
 6.1093750000000000E+00     6.6699969006178328E-01
 6.1406250000000000E+00     7.8388743567961039E-01
 6.1718750000000000E+00     9.1244253183663160E-01
 6.2031250000000000E+00     1.0526267697955407E+00
 6.2343750000000000E+00     1.2039941695875953E+00
 6.2656250000000000E+00     1.3655472896645680E+00
 6.2968750000000000E+00     1.5355703301069348E+00
 6.3281250000000000E+00     1.7114499389459628E+00
 6.3593750000000000E+00     1.8895063128316854E+00
 6.3906250000000000E+00     2.0648725779006862E+00
 6.4218750000000000E+00     2.2314769450364325E+00
 6.4531250000000000E+00     2.3821935023514751E+00
 6.4843750000000000E+00     2.5092234573560654E+00
 6.5156250000000000E+00     2.6047373875675923E+00
 6.5468750000000000E+00     2.6617443414484057E+00
 6.5781250000000000E+00     2.6750648979240590E+00
 6.6093750000000000E+00     2.6422040588683338E+00
 6.6406250000000000E+00     2.5638917704896986E+00
 6.6718750000000000E+00     2.4441177659741280E+00
 6.7031250000000000E+00     2.2896254727013137E+00
 6.7343750000000000E+00     2.1089909451047828E+00
 6.7656250000000000E+00     1.9115234178795486E+00
 6.7968750000000000E+00     1.7062394405731012E+00
 6.8281250000000000E+00     1.5010918764876715E+00
 6.8593750000000000E+00     1.3025343187905789E+00
 6.8906250000000000E+00     1.1153851667200443E+00
 6.9218750000000000E+00     9.4289721267587645E-01
 6.9531250000000000E+00     7.8697020073576662E-01
 6.9843750000000000E+00     6.4841715039212189E-01
 7.0156250000000000E+00     5.2722870746434625E-01
 7.0468750000000000E+00     4.2280536064750218E-01
 7.0781250000000000E+00     3.3414576570329890E-01
 7.1093750000000000E+00     2.5999096817039785E-01
 7.1406250000000000E+00     1.9893025912293688E-01
 7.1718750000000000E+00     1.4947657458459090E-01
 7.2031250000000000E+00     1.1011937584138372E-01
 7.2343750000000000E+00     7.9361961137568118E-02
 7.2656250000000000E+00     5.5748827378419144E-02
 7.2968750000000000E+00     3.7887342805351762E-02
 7.3281250000000000E+00     2.4466716837912596E-02
 7.3593750000000000E+00     1.4276079976535450E-02
 7.3906250000000000E+00     6.2224264202344276E-03
 7.4218750000000000E+00    -6.5173529859992611E-04
 7.4531250000000000E+00    -7.1518740876175694E-03
 7.4843750000000000E+00    -1.3917361440966860E-02
 7.5156250000000000E+00    -2.1411307659946428E-02
 7.5468750000000000E+00    -2.9915769121322835E-02
 7.5781250000000000E+00    -3.9533633856765830E-02
 7.6093750000000000E+00    -5.0198251468653338E-02
 7.6406250000000000E+00    -6.1691533592437425E-02
 7.6718750000000000E+00    -7.3670744517283893E-02
 7.7031250000000000E+00    -8.5703441535537106E-02
 7.7343750000000000E+00    -9.7308978078914005E-02
 7.7656250000000000E+00    -1.0800374565240993E-01
 7.7968750000000000E+00    -1.1734616268511641E-01
 7.8281250000000000E+00    -1.2497669754187198E-01
 7.8593750000000000E+00    -1.3064830202638977E-01
 7.8906250000000000E+00    -1.3424370525631307E-01
 7.9218750000000000E+00    -1.3577793771596516E-01
 7.9531250000000000E+00    -1.3538677808463812E-01
 7.9843750000000000E+00    -1.3330394512671848E-01
 8.0156250000000000E+00    -1.2983127144729240E-01
 8.0468750000000000E+00    -1.2530653138624179E-01
 8.0781250000000000E+00    -1.2007310370771149E-01
 8.1093750000000000E+00    -1.1445452370224371E-01
 8.1406250000000000E+00    -1.0873560539648379E-01
 8.1718750000000000E+00    -1.0315053382960271E-01
 8.2031250000000000E+00    -9.7877354846087367E-02
 8.2343750000000000E+00    -9.3037701342944507E-02
 8.2656250000000000E+00    -8.8700359541037971E-02
 8.2968750000000000E+00    -8.4887308120025429E-02
 8.3281250000000000E+00    -8.1581054025448088E-02
 8.3593750000000000E+00    -7.8732351729030786E-02
 8.3906250000000000E+00    -7.6267663233212879E-02
 8.4218750000000000E+00    -7.4095955743618491E-02
 8.4531250000000000E+00    -7.2114625363911250E-02
 8.4843750000000000E+00    -7.0214475405362187E-02
 8.5156250000000000E+00    -6.8283772176140900E-02
 8.5468750000000000E+00    -6.6211458270229270E-02
 8.5781250000000000E+00    -6.3889632942994601E-02
 8.6093750000000000E+00    -6.1215419733507977E-02
 8.6406250000000000E+00    -5.8092340045733534E-02
 8.6718750000000000E+00    -5.4431303144903950E-02
 8.7031250000000000E+00    -5.0151311570872673E-02
 8.7343750000000000E+00    -4.5179968594067269E-02
 8.7656250000000000E+00    -3.9453862274122314E-02
 8.7968750000000000E+00    -3.2918889385613888E-02
 8.8281250000000000E+00    -2.5530571878617486E-02
 8.8593750000000000E+00    -1.7254408244278895E-02
 8.8906250000000000E+00    -8.0662916261659487E-03
 8.9218750000000000E+00     2.0469847472041535E-03
 8.9531250000000000E+00     1.3087126563025343E-02
 8.9843750000000000E+00     2.5043647070776727E-02
 9.0156250000000000E+00     3.7893104918461096E-02
 9.0468750000000000E+00     5.1598305385273130E-02
 9.0781250000000000E+00     6.6107513458717682E-02
 9.1093750000000000E+00     8.1353465208261116E-02
 9.1406250000000000E+00     9.7248800216786335E-02
 9.1718750000000000E+00     1.1368648662453940E-01
 9.2031250000000000E+00     1.3054277919259830E-01
 9.2343750000000000E+00     1.4767744814132133E-01
 9.2656250000000000E+00     1.6493452622390303E-01
 9.2968750000000000E+00     1.8214368406386655E-01
 9.3281250000000000E+00     1.9912227082537104E-01
 9.3593750000000000E+00     2.1567805969983289E-01
 9.3906250000000000E+00     2.3161272760011070E-01
 9.4218750000000000E+00     2.4672608010919397E-01
 9.4531250000000000E+00     2.6082100802938607E-01
 9.4843750000000000E+00     2.7370913105770628E-01
 9.5156250000000000E+00     2.8521704565412931E-01
 9.5468750000000000E+00     2.9519304425151083E-01
 9.5781250000000000E+00     3.0351410510691634E-01
 9.6093750000000000E+00     3.1009285778626827E-01
 9.6406250000000000E+00     3.1488410055258120E-01
 9.6718750000000000E+00     3.1789028119481771E-01
 9.7031250000000000E+00     3.1916516610449752E-01
 9.7343750000000000E+00     3.1881475444524315E-01
 9.7656250000000000E+00     3.1699442033014963E-01
 9.7968750000000000E+00     3.1390139088787850E-01
 9.8281250000000000E+00     3.0976209832750473E-01
 9.8593750000000000E+00     3.0481473216140409E-01
 9.8906250000000000E+00     2.9928839380173744E-01
 9.9218750000000000E+00     2.9338138346514830E-01
 9.9531250000000000E+00     2.8724195505891292E-01
 9.9843750000000000E+00     2.8095497497510302E-01
 1.0015625000000000E+01     2.7453711002363973E-01
 1.0046875000000000E+01     2.6794156767529015E-01
 1.0078125000000000E+01     2.6107146297994666E-01
 1.0109375000000000E+01     2.5379918779693555E-01
 1.0140625000000000E+01     2.4598820157418638E-01
 1.0171875000000000E+01     2.3751364170573561E-01
 1.0203125000000000E+01     2.2827892469601507E-01
 1.0234375000000000E+01     2.1822671948502792E-01
 1.0265625000000000E+01     2.0734392473409444E-01
 1.0296875000000000E+01     1.9566127790035517E-01
 1.0328125000000000E+01     1.8324882979480639E-01
 1.0359375000000000E+01     1.7020873928874994E-01
 1.0390625000000000E+01     1.5666676944048638E-01
 1.0421875000000000E+01     1.4276361681345262E-01
 1.0453125000000000E+01     1.2864688632157834E-01
 1.0484375000000000E+01     1.1446421034538358E-01
 1.0515625000000000E+01     1.0035774626630495E-01
 1.0546875000000000E+01     8.6460087877203620E-02
 1.0578125000000000E+01     7.2891492948766679E-02
 1.0609375000000000E+01     5.9758251921094109E-02
 1.0640625000000000E+01     4.7151988198805506E-02
 1.0671875000000000E+01     3.5149675960883246E-02
 1.0703125000000000E+01     2.3814175772494357E-02
 1.0734375000000000E+01     1.3195113159724357E-02
 1.0765625000000000E+01     3.3299546571757240E-03
 1.0796875000000000E+01    -5.7548342832520107E-03
 1.0828125000000000E+01    -1.4042637098986267E-02
 1.0859375000000000E+01    -2.1525602258606082E-02
 1.0890625000000000E+01    -2.8203668952812708E-02
 1.0921875000000000E+01    -3.4083725703591319E-02
 1.0953125000000000E+01    -3.9178910717494096E-02
 1.0984375000000000E+01    -4.3508051200550457E-02
 1.1015625000000000E+01    -4.7095229783278597E-02
 1.1046875000000000E+01    -4.9969459314583860E-02
 1.1078125000000000E+01    -5.2164442275006620E-02
 1.1109375000000000E+01    -5.3718387704577167E-02
 1.1140625000000000E+01    -5.4673856674777394E-02
 1.1171875000000000E+01    -5.5077606848651234E-02
 1.1203125000000000E+01    -5.4980407482050499E-02
 1.1234375000000000E+01    -5.4436798249925818E-02
 1.1265625000000000E+01    -5.3504768436445214E-02
 1.1296875000000000E+01    -5.2245337179595217E-02
 1.1328125000000000E+01    -5.0722020431138000E-02
 1.1359375000000000E+01    -4.9000175861327308E-02
 1.1390625000000000E+01    -4.7146258130393859E-02
 1.1421875000000000E+01    -4.5227087652976498E-02
 1.1453125000000000E+01    -4.3308658685206017E-02
 1.1484375000000000E+01    -4.1454969842781159E-02
 1.1515625000000000E+01    -3.9727037787546715E-02
 1.1546875000000000E+01    -3.8181977569479324E-02
 1.1578125000000000E+01    -3.6872102089732753E-02
 1.1609375000000000E+01    -3.5844038945171061E-02
 1.1640625000000000E+01    -3.5137883812631734E-02
 1.1671875000000000E+01    -3.4786417919208362E-02
 1.1703125000000000E+01    -3.4814418776182146E-02
 1.1734375000000000E+01    -3.5238090894601670E-02
 1.1765625000000000E+01    -3.6064637964145579E-02
 1.1796875000000000E+01    -3.7291990804295613E-02
 1.1828125000000000E+01    -3.8908697047597515E-02
 1.1859375000000000E+01    -4.0893969850455916E-02
 1.1890625000000000E+01    -4.3217884904257028E-02
 1.1921875000000000E+01    -4.5841708615038432E-02
 1.1953125000000000E+01    -4.8718336393815967E-02
 1.1984375000000000E+01    -5.1792819181771955E-02
 1.2015625000000000E+01    -5.5002958922743171E-02
 1.2046875000000000E+01    -5.8279959633843387E-02
 1.2078125000000000E+01    -6.1549129615034052E-02
 1.2109375000000000E+01    -6.4730641509688422E-02
 1.2140625000000000E+01    -6.7740369519353236E-02
 1.2171875000000000E+01    -7.0490836121579387E-02
 1.2203125000000000E+01    -7.2892313120850399E-02
 1.2234375000000000E+01    -7.4854132743430599E-02
 1.2265625000000000E+01    -7.6286272686401202E-02
 1.2296875000000000E+01    -7.7101283387174563E-02
 1.2328125000000000E+01    -7.7216624966619074E-02
 1.2359375000000000E+01    -7.6557473760708789E-02
 1.2390625000000000E+01    -7.5060042232728941E-02
 1.2421875000000000E+01    -7.2675429190073609E-02
 1.2453125000000000E+01    -6.9373977219136934E-02
 1.2484375000000000E+01    -6.5150058704688624E-02
 1.2515625000000000E+01    -6.0027138772674189E-02
 1.2546875000000000E+01    -5.4062872248216924E-02
 1.2578125000000000E+01    -4.7353883856023293E-02
 1.2609375000000000E+01    -4.0039761856411289E-02
 1.2640625000000000E+01    -3.2305676160551196E-02
 1.2671875000000000E+01    -2.4382930995875535E-02
 1.2703125000000000E+01    -1.6546705727248305E-02
 1.2734375000000000E+01    -9.1102587699611205E-03
 1.2765625000000000E+01    -2.4150047362486954E-03
 1.2796875000000000E+01     3.1838452452418882E-03
 1.2828125000000000E+01     7.3359522697831322E-03
 1.2859375000000000E+01     9.7181212106244117E-03
 1.2890625000000000E+01     1.0058808567799424E-02
 1.2921875000000000E+01     8.1628601507112361E-03
 1.2953125000000000E+01     3.9339855397321367E-03
 1.2984375000000000E+01    -2.6077207260395241E-03
 1.3015625000000000E+01    -1.1315706770281774E-02
 1.3046875000000000E+01    -2.1916217253153795E-02
 1.3078125000000000E+01    -3.4017766885241912E-02
 1.3109375000000000E+01    -4.7130519018846698E-02
 1.3140625000000000E+01    -6.0694020049874051E-02
 1.3171875000000000E+01    -7.4110688260447838E-02
 1.3203125000000000E+01    -8.6781765975858710E-02
 1.3234375000000000E+01    -9.8142235780023290E-02
 1.3265625000000000E+01    -1.0769151428565529E-01
 1.3296875000000000E+01    -1.1501751598188975E-01
 1.3328125000000000E+01    -1.1981276793219234E-01
 1.3359375000000000E+01    -1.2188240566724029E-01
 1.3390625000000000E+01    -1.2114480974577463E-01
 1.3421875000000000E+01    -1.1762614545200881E-01
 1.3453125000000000E+01    -1.1145013284098851E-01
 1.3484375000000000E+01    -1.0282421265857994E-01
 1.3515625000000000E+01    -9.2023195035634317E-02
 1.3546875000000000E+01    -7.9371660483694276E-02
 1.3578125000000000E+01    -6.5226719466143640E-02
 1.3609375000000000E+01    -4.9962906400260861E-02
 1.3640625000000000E+01    -3.3960704988818709E-02
 1.3671875000000000E+01    -1.7599303267099044E-02
 1.3703125000000000E+01    -1.2534318961346775E-03
 1.3734375000000000E+01     1.4706001554700768E-02
 1.3765625000000000E+01     2.9909771216421441E-02
 1.3796875000000000E+01     4.3987797021542915E-02
 1.3828125000000000E+01     5.6567078330962195E-02
 1.3859375000000000E+01     6.7270567454554522E-02
 1.3890625000000000E+01     7.5717050274540385E-02
 1.3921875000000000E+01     8.1521840598453049E-02
 1.3953125000000000E+01     8.4297994165347195E-02
 1.3984375000000000E+01     8.3657776548426585E-02
 1.4015625000000000E+01     7.9214226402552268E-02
 1.4046875000000000E+01     7.0582793351039327E-02
 1.4078125000000000E+01     5.7383162803262944E-02
 1.4109375000000000E+01     3.9241487992192653E-02
 1.4140625000000000E+01     1.5793325396312518E-02
 1.4171875000000000E+01    -1.3312384901607133E-02
 1.4203125000000000E+01    -4.8407931451038021E-02
 1.4234375000000000E+01    -8.9799670507830054E-02
 1.4265625000000000E+01    -1.3775873539739708E-01
 1.4296875000000000E+01    -1.9250927964759471E-01
 1.4328125000000000E+01    -2.5421395120488499E-01
 1.4359375000000000E+01    -3.2295635133503880E-01
 1.4390625000000000E+01    -3.9872032577917060E-01
 1.4421875000000000E+01    -4.8136608989165353E-01
 1.4453125000000000E+01    -5.7060343363596622E-01
 1.4484375000000000E+01    -6.6596262197994016E-01
 1.4515625000000000E+01    -7.6676413797190368E-01
 1.4546875000000000E+01    -8.7208913746694683E-01
 1.4578125000000000E+01    -9.8075339845102216E-01
 1.4609375000000000E+01    -1.0912886059799236E+00
 1.4640625000000000E+01    -1.2019358858010922E+00
 1.4671875000000000E+01    -1.3106573437791946E+00
 1.4703125000000000E+01    -1.4151716182648229E+00
 1.4734375000000000E+01    -1.5130186494490647E+00
 1.4765625000000000E+01    -1.6016565635720816E+00
 1.4796875000000000E+01    -1.6785895064866814E+00
 1.4828125000000000E+01    -1.7415196258675885E+00
 1.4859375000000000E+01    -1.7885100280611335E+00
 1.4890625000000000E+01    -1.8181399327846139E+00
 1.4921875000000000E+01    -1.8296303040760287E+00
 1.4953125000000000E+01    -1.8229195788280710E+00
 1.4984375000000000E+01    -1.7986753394049684E+00
 1.5015625000000000E+01    -1.7582379140722253E+00
 1.5046875000000000E+01    -1.7035034986227244E+00
 1.5078125000000000E+01    -1.6367643706422970E+00
 1.5109375000000000E+01    -1.5605295236619303E+00
 1.5140625000000000E+01    -1.4773494627600721E+00
 1.5171875000000000E+01    -1.3896645953217246E+00
 1.5203125000000000E+01    -1.2996894976630640E+00
 1.5234375000000000E+01    -1.2093375923010377E+00
 1.5265625000000000E+01    -1.1201842516039089E+00
 1.5296875000000000E+01    -1.0334620204275611E+00
 1.5328125000000000E+01    -9.5007964966891378E-01
 1.5359375000000000E+01    -8.7065651341546946E-01
 1.5390625000000000E+01    -7.9556507281933153E-01
 1.5421875000000000E+01    -7.2497570675607725E-01
 1.5453125000000000E+01    -6.5889997314327187E-01
 1.5484375000000000E+01    -5.9722990940849086E-01
 1.5515625000000000E+01    -5.3977220194683495E-01
 1.5546875000000000E+01    -4.8627693709658359E-01
 1.5578125000000000E+01    -4.3646123305806273E-01
 1.5609375000000000E+01    -3.9002840719680282E-01
 1.5640625000000000E+01    -3.4668351845561829E-01
 1.5671875000000000E+01    -3.0614618911109498E-01
 1.5703125000000000E+01    -2.6816158594301598E-01
 1.5734375000000000E+01    -2.3251034435914311E-01
 1.5765625000000000E+01    -1.9901805486275967E-01
 1.5796875000000000E+01    -1.6756469912589006E-01
 1.5828125000000000E+01    -1.3809412584946446E-01
 1.5859375000000000E+01    -1.1062331034735827E-01
 1.5890625000000000E+01    -8.5250783257133006E-02
 1.5921875000000000E+01    -6.2163386229075031E-02
 1.5953125000000000E+01    -4.1643026364142771E-02
 1.5984375000000000E+01    -2.4067433471022050E-02
 1.6015625000000000E+01    -9.9019865498062958E-03
 1.6046875000000000E+01     3.0990168546582214E-04
 1.6078125000000000E+01     5.9606031753535313E-03
 1.6109375000000000E+01     6.3955535552980593E-03
 1.6140625000000000E+01     9.3254220063619469E-04
 1.6171875000000000E+01    -1.1118561822303599E-02
 1.6203125000000000E+01    -3.0436981720303052E-02
 1.6234375000000000E+01    -5.7673904284753594E-02
 1.6265625000000000E+01    -9.3437178416612435E-02
 1.6296875000000000E+01    -1.3827731739544441E-01
 1.6328125000000000E+01    -1.9267377254732665E-01
 1.6359375000000000E+01    -2.5702013002317425E-01
 1.6390625000000000E+01    -3.3160674909259552E-01
 1.6421875000000000E+01    -4.1659937063836489E-01
 1.6453125000000000E+01    -5.1201234676110197E-01
 1.6484375000000000E+01    -6.1767537897676150E-01
 1.6515625000000000E+01    -7.3319305258213929E-01
 1.6546875000000000E+01    -8.5789711475785846E-01
 1.6578125000000000E+01    -9.9079249765844857E-01
 1.6609375000000000E+01    -1.1304996835899248E+00
 1.6640625000000000E+01    -1.2751982660266286E+00
 1.6671875000000000E+01    -1.4225794870753909E+00
 1.6703125000000000E+01    -1.5698189063017896E+00
 1.6734375000000000E+01    -1.7135835678093216E+00
 1.6765625000000000E+01    -1.8500899540597142E+00
 1.6796875000000000E+01    -1.9752280114304404E+00
 1.6828125000000000E+01    -2.0847607875174528E+00
 1.6859375000000000E+01    -2.1745975096377639E+00
 1.6890625000000000E+01    -2.2411207720292605E+00
 1.6921875000000000E+01    -2.2815291738349739E+00
 1.6953125000000000E+01    -2.2941413742979537E+00
 1.6984375000000000E+01    -2.2786033121123719E+00
 1.7015625000000000E+01    -2.2359521815500498E+00
 1.7046875000000000E+01    -2.1685178400319494E+00
 1.7078125000000000E+01    -2.0796770380408129E+00
 1.7109375000000000E+01    -1.9735066318938375E+00
 1.7140625000000000E+01    -1.8543986251883673E+00
 1.7171875000000000E+01    -1.7266985143247404E+00
 1.7203125000000000E+01    -1.5944123027560744E+00
 1.7234375000000000E+01    -1.4610045758923249E+00
 1.7265625000000000E+01    -1.3292883393871668E+00
 1.7296875000000000E+01    -1.2013921442667936E+00
 1.7328125000000000E+01    -1.0787828025872195E+00
 1.7359375000000000E+01    -9.6232139580788090E-01
 1.7390625000000000E+01    -8.5233377581999537E-01
 1.7421875000000000E+01    -7.4868194358587881E-01
 1.7453125000000000E+01    -6.5082787960559318E-01
 1.7484375000000000E+01    -5.5788571844982826E-01
 1.7515625000000000E+01    -4.6866134191763215E-01
 1.7546875000000000E+01    -3.8168060495891704E-01
 1.7578125000000000E+01    -2.9520875589726403E-01
 1.7609375000000000E+01    -2.0726445681005251E-01
 1.7640625000000000E+01    -1.1563242542876505E-01
 1.7671875000000000E+01    -1.7879351461282916E-02
 1.7703125000000000E+01     8.8621395424389543E-02
 1.7734375000000000E+01     2.0664946018769395E-01
 1.7765625000000000E+01     3.3907291884626867E-01
 1.7796875000000000E+01     4.8874816061586551E-01
 1.7828125000000000E+01     6.5836969556071967E-01
 1.7859375000000000E+01     8.5025160334828698E-01
 1.7890625000000000E+01     1.0660189810943450E+00
 1.7921875000000000E+01     1.3061868763683475E+00
 1.7953125000000000E+01     1.5696101792534962E+00
 1.7984375000000000E+01     1.8528085754956058E+00
 1.8015625000000000E+01     2.1492172667799063E+00
 1.8046875000000000E+01     2.4484981435570643E+00
 1.8078125000000000E+01     2.7361674541241214E+00
 1.8109375000000000E+01     2.9939210626983028E+00
 1.8140625000000000E+01     3.2010754126218086E+00
 1.8171875000000000E+01     3.3373501159203336E+00
 1.8203125000000000E+01     3.3867015959162696E+00
 1.8234375000000000E+01     3.3412081505816542E+00
 1.8265625000000000E+01     3.2035198737483084E+00
 1.8296875000000000E+01     2.9867056756549761E+00
 1.8328125000000000E+01     2.7114179081183432E+00
 1.8359375000000000E+01     2.4015036079037011E+00
 1.8390625000000000E+01     2.0797119715983436E+00
 1.8421875000000000E+01     1.7647331946070195E+00
 1.8453125000000000E+01     1.4699392978241690E+00
 1.8484375000000000E+01     1.2034997635440279E+00
 1.8515625000000000E+01     9.6927739563805915E-01
 1.8546875000000000E+01     7.6797881357146214E-01
 1.8578125000000000E+01     5.9823268020856513E-01
 1.8609375000000000E+01     4.5745262698572475E-01
 1.8640625000000000E+01     3.4245976290940106E-01
 1.8671875000000000E+01     2.4989638624430366E-01
 1.8703125000000000E+01     1.7648001173272940E-01
 1.8734375000000000E+01     1.1914475888736782E-01
 1.8765625000000000E+01     7.5107912320359127E-02
 1.8796875000000000E+01     4.1889307335333033E-02
 1.8828125000000000E+01     1.7302588771773406E-02
 1.8859375000000000E+01    -5.6908194133769956E-04
 1.8890625000000000E+01    -1.3404842054937999E-02
 1.8921875000000000E+01    -2.2680487230242703E-02
 1.8953125000000000E+01    -2.9702382532284299E-02
 1.8984375000000000E+01    -3.5639191824228630E-02
 1.9015625000000000E+01    -4.1550477526382204E-02
 1.9046875000000000E+01    -4.8411701818554226E-02
 1.9078125000000000E+01    -5.7135444394794906E-02
 1.9109375000000000E+01    -6.8588810055705440E-02
 1.9140625000000000E+01    -8.3607073405758667E-02
 1.9171875000000000E+01    -1.0300362169271404E-01
 1.9203125000000000E+01    -1.2757622345198763E-01
 1.9234375000000000E+01    -1.5810957665874920E-01
 1.9265625000000000E+01    -1.9537397846920038E-01
 1.9296875000000000E+01    -2.4011981067151261E-01
 1.9328125000000000E+01    -2.9306735223635288E-01
 1.9359375000000000E+01    -3.5489121701427429E-01
 1.9390625000000000E+01    -4.2619848091230028E-01
 1.9421875000000000E+01    -5.0749933049127161E-01
 1.9453125000000000E+01    -5.9916887498012550E-01
 1.9484375000000000E+01    -7.0139868771514946E-01
 1.9515625000000000E+01    -8.1413679645892012E-01
 1.9546875000000000E+01    -9.3701539817782176E-01
 1.9578125000000000E+01    -1.0692667713786059E+00
 1.9609375000000000E+01    -1.2096299910323951E+00
 1.9640625000000000E+01    -1.3562544127452023E+00
 1.9671875000000000E+01    -1.5066106584759216E+00
 1.9703125000000000E+01    -1.6574258351168583E+00
 1.9734375000000000E+01    -1.8046661083178464E+00
 1.9765625000000000E+01    -1.9435946766468581E+00
 1.9796875000000000E+01    -2.0689336173144519E+00
 1.9828125000000000E+01    -2.1751502424221067E+00
 1.9859375000000000E+01    -2.2568694389760648E+00
 1.9890625000000000E+01    -2.3093830075425843E+00
 1.9921875000000000E+01    -2.3291909484451425E+00
 1.9953125000000000E+01    -2.3144799193168941E+00
 1.9984375000000000E+01    -2.2654355120566718E+00
 2.0015625000000000E+01    -2.1843077985684962E+00
 2.0046875000000000E+01    -2.0752017019129347E+00
 2.0078125000000000E+01    -1.9436287800962107E+00
 2.0109375000000000E+01    -1.7959111779972377E+00
 2.0140625000000000E+01    -1.6385528759979713E+00
 2.0171875000000000E+01    -1.4776831575722986E+00
 2.0203125000000000E+01    -1.3186421277628120E+00
 2.0234375000000000E+01    -1.1657348361424282E+00
 2.0265625000000000E+01    -1.0221437575220225E+00
 2.0296875000000000E+01    -8.8996659160301883E-01
 2.0328125000000000E+01    -7.7033795175009245E-01
 2.0359375000000000E+01    -6.6359570461160389E-01
 2.0390625000000000E+01    -5.6946062225117722E-01
 2.0421875000000000E+01    -4.8720763119772448E-01
 2.0453125000000000E+01    -4.1581581930383732E-01
 2.0484375000000000E+01    -3.5409296295276554E-01
 2.0515625000000000E+01    -3.0077616563467902E-01
 2.0546875000000000E+01    -2.5459561654466423E-01
 2.0578125000000000E+01    -2.1431928281019733E-01
 2.0609375000000000E+01    -1.7878175986614692E-01
 2.0640625000000000E+01    -1.4689928501880786E-01
 2.0671875000000000E+01    -1.1767457373863147E-01
 2.0703125000000000E+01    -9.0194547622189800E-02
 2.0734375000000000E+01    -6.3623399337488826E-02
 2.0765625000000000E+01    -3.7192862209684173E-02
 2.0796875000000000E+01    -1.0191060506087576E-02
 2.0828125000000000E+01     1.8049074312253804E-02
 2.0859375000000000E+01     4.8161126231717852E-02
 2.0890625000000000E+01     8.0755758016141516E-02
 2.0921875000000000E+01     1.1643013048358127E-01
 2.0953125000000000E+01     1.5577583177801174E-01
 2.0984375000000000E+01     1.9938494100925908E-01
 2.1015625000000000E+01     2.4785375547126470E-01
 2.1046875000000000E+01     3.0178355009365271E-01
 2.1078125000000000E+01     3.6177751034401184E-01
 2.1109375000000000E+01     4.2843268512376564E-01
 2.1140625000000000E+01     5.0232544988004779E-01
 2.1171875000000000E+01     5.8398857176190377E-01
 2.1203125000000000E+01     6.7387757443989704E-01
 2.1234375000000000E+01     7.7232380187438998E-01
 2.1265625000000000E+01     8.7947154018310691E-01
 2.1296875000000000E+01     9.9519703663938142E-01
 2.1328125000000000E+01     1.1190086387443658E+00
 2.1359375000000000E+01     1.2499300641582760E+00
 2.1390625000000000E+01     1.3863735422962318E+00
 2.1421875000000000E+01     1.5260166061673814E+00
 2.1453125000000000E+01     1.6657054436511158E+00
 2.1484375000000000E+01     1.8014175368357856E+00
 2.1515625000000000E+01     1.9283235956248959E+00
 2.1546875000000000E+01     2.0409882885972870E+00
 2.1578125000000000E+01     2.1337348184888949E+00
 2.1609375000000000E+01     2.2011659196182105E+00
 2.1640625000000000E+01     2.2387860519972604E+00
 2.1671875000000000E+01     2.2436195500268417E+00
 2.1703125000000000E+01     2.2146892392501947E+00
 2.1734375000000000E+01     2.1532307734492173E+00
 2.1765625000000000E+01     2.0625757962611870E+00
 2.1796875000000000E+01     1.9477243466051548E+00
 2.1828125000000000E+01     1.8147086245799473E+00
 2.1859375000000000E+01     1.6698933079672713E+00
 2.1890625000000000E+01     1.5193497629539587E+00
 2.1921875000000000E+01     1.3683951647294768E+00
 2.1953125000000000E+01     1.2213284610082054E+00
 2.1984375000000000E+01     1.0813463333178692E+00
 2.2015625000000000E+01     9.5059489547084697E-01
 2.2046875000000000E+01     8.3030602921678964E-01
 2.2078125000000000E+01     7.2097385496993605E-01
 2.2109375000000000E+01     6.2253895885217847E-01
 2.2140625000000000E+01     5.3456003280044506E-01
 2.2171875000000000E+01     4.5636185403075713E-01
 2.2203125000000000E+01     3.8715461166724369E-01
 2.2234375000000000E+01     3.2612327576261291E-01
 2.2265625000000000E+01     2.7248808884026804E-01
 2.2296875000000000E+01     2.2553912256859404E-01
 2.2328125000000000E+01     1.8464942148229657E-01
 2.2359375000000000E+01     1.4927237109998837E-01
 2.2390625000000000E+01     1.1892929137543579E-01
 2.2421875000000000E+01     9.3192754817217921E-02
 2.2453125000000000E+01     7.1669923383482992E-02
 2.2484375000000000E+01     5.3988642699943634E-02
 2.2515625000000000E+01     3.9787508727093274E-02
 2.2546875000000000E+01     2.8709910223223049E-02
 2.2578125000000000E+01     2.0401275117444176E-02
 2.2609375000000000E+01     1.4508399208705608E-02
 2.2640625000000000E+01     1.0679717094243323E-02
 2.2671875000000000E+01     8.5655642053175385E-03
 2.2703125000000000E+01     7.8177607559294007E-03
 2.2734375000000000E+01     8.0881376296499507E-03
 2.2765625000000000E+01     9.0258687058553146E-03
 2.2796875000000000E+01     1.0273651062333853E-02
 2.2828125000000000E+01     1.1462882032144451E-02
 2.2859375000000000E+01     1.2208030628573950E-02
 2.2890625000000000E+01     1.2100405945428066E-02
 2.2921875000000000E+01     1.0701502738441443E-02
 2.2953125000000000E+01     7.5360682870820005E-03
 2.2984375000000000E+01     2.0849956423912913E-03
 2.3015625000000000E+01    -6.2218852657696666E-03
 2.3046875000000000E+01    -1.8013068667506491E-02
 2.3078125000000000E+01    -3.3982638561712658E-02
 2.3109375000000000E+01    -5.4897465763376417E-02
 2.3140625000000000E+01    -8.1604196559949133E-02
 2.3171875000000000E+01    -1.1503576515531720E-01
 2.3203125000000000E+01    -1.5621694228963545E-01
 2.3234375000000000E+01    -2.0626807589331730E-01
 2.3265625000000000E+01    -2.6640562236137927E-01
 2.3296875000000000E+01    -3.3793722166892470E-01
 2.3328125000000000E+01    -4.2224782386675652E-01
 2.3359375000000000E+01    -5.2077159806131879E-01
 2.3390625000000000E+01    -6.3494192528829452E-01
 2.3421875000000000E+01    -7.6610864586953942E-01
 2.3453125000000000E+01    -9.1540806987178469E-01
 2.3484375000000000E+01    -1.0835677260836472E+00
 2.3515625000000000E+01    -1.2706260273951371E+00
 2.3546875000000000E+01    -1.4755501680777461E+00
 2.3578125000000000E+01    -1.6957490701361559E+00
 2.3609375000000000E+01    -1.9265096570626374E+00
 2.3640625000000000E+01    -2.1604415965086496E+00
 2.3671875000000000E+01    -2.3870982504529867E+00
 2.3703125000000000E+01    -2.5930301067608261E+00
 2.3734375000000000E+01    -2.7625672481036054E+00
 2.3765625000000000E+01    -2.8795335773901276E+00
 2.3796875000000000E+01    -2.9297983303962929E+00
 2.3828125000000000E+01    -2.9041156574311042E+00
 2.3859375000000000E+01    -2.8003239046291224E+00
 2.3890625000000000E+01    -2.6239983784044871E+00
 2.3921875000000000E+01    -2.3872067011512557E+00
 2.3953125000000000E+01    -2.1058258571740507E+00
 2.3984375000000000E+01    -1.7964268058270441E+00
 2.4015625000000000E+01    -1.4720644161201437E+00
 2.4046875000000000E+01    -1.1372113279740894E+00
 2.4078125000000000E+01    -8.0515897423176885E-01
 2.4109375000000000E+01    -4.8628315912739861E-01
 2.4140625000000000E+01    -1.8681407474616915E-01
 2.4171875000000000E+01     8.9949410571468963E-02
 2.4203125000000000E+01     3.4247383186019020E-01
 2.4234375000000000E+01     5.7007451700706735E-01
 2.4265625000000000E+01     7.7229984711540134E-01
 2.4296875000000000E+01     9.4859215928882001E-01
 2.4328125000000000E+01     1.0981733530684108E+00
 2.4359375000000000E+01     1.2200981593472835E+00
 2.4390625000000000E+01     1.3134200308979720E+00
 2.4421875000000000E+01     1.3774174878176255E+00
 2.4453125000000000E+01     1.4118319776964201E+00
 2.4484375000000000E+01     1.4170736941874771E+00
 2.4515625000000000E+01     1.3943610111475073E+00
 2.4546875000000000E+01     1.3457723673006965E+00
 2.4578125000000000E+01     1.2742048857841415E+00
 2.4609375000000000E+01     1.1832489088840110E+00
 2.4640625000000000E+01     1.0769992240156421E+00
 2.4671875000000000E+01     9.5983044239649540E-01
 2.4703125000000000E+01     8.3616569082408665E-01
 2.4734375000000000E+01     7.1026560985344545E-01
 2.4765625000000000E+01     5.8606019123199893E-01
 2.4796875000000000E+01     4.6704056228452878E-01
 2.4828125000000000E+01     3.5622216746063085E-01
 2.4859375000000000E+01     2.5618507295192894E-01
 2.4890625000000000E+01     1.6919118860275861E-01
 2.4921875000000000E+01     9.7371911006665812E-02
 2.4953125000000000E+01     4.2973069008976864E-02
 2.4984375000000000E+01     8.6373342910123427E-03
