#                  time                       real
 1.5625000000000000E-02    -1.3432441927051208E-02
 4.6875000000000000E-02    -6.4002292180395881E-02
 7.8125000000000000E-02    -1.4449466600301386E-01
 1.0937500000000000E-01    -2.5355852770339682E-01
 1.4062500000000000E-01    -3.9014759085530182E-01
 1.7187500000000000E-01    -5.5295757825595349E-01
 2.0312500000000000E-01    -7.3983078541392067E-01
 2.3437500000000000E-01    -9.4717072026225879E-01
 2.6562500000000000E-01    -1.1694327707232164E+00
 2.9687500000000000E-01    -1.3987809249943020E+00
 3.2812500000000000E-01    -1.6250186691986497E+00
 3.5937500000000000E-01    -1.8359032340518451E+00
 3.9062500000000000E-01    -2.0179229976567981E+00
 4.2187500000000000E-01    -2.1575475025139093E+00
 4.5312500000000000E-01    -2.2428484343419557E+00
 4.8437500000000000E-01    -2.2652573440797830E+00
 5.1562500000000000E-01    -2.2211131418315682E+00
 5.4687500000000000E-01    -2.1126134199074125E+00
 5.7812500000000000E-01    -1.9478614622341226E+00
 6.0937500000000000E-01    -1.7398980608809429E+00
 6.4062500000000000E-01    -1.5048709958205169E+00
 6.7187500000000000E-01    -1.2597322640998168E+00
 7.0312500000000000E-01    -1.0199741077842102E+00
 7.3437500000000000E-01    -7.9787724934131499E-01
 7.6562500000000000E-01    -6.0157083153212187E-01
 7.9687500000000000E-01    -4.3496415924572340E-01
 8.2812500000000000E-01    -2.9839004352104576E-01
 8.5937500000000000E-01    -1.8966332124993285E-01
 8.9062500000000000E-01    -1.0523139232092599E-01
 9.2187500000000000E-01    -4.1160196858625972E-02
 9.5312500000000000E-01     6.1848317342754252E-03
 9.8437500000000000E-01     3.9786680484337644E-02
 1.0156250000000000E+00     6.2239758987637228E-02
 1.0468750000000000E+00     7.7480252236257707E-02
 1.0781250000000000E+00     8.8015238776186486E-02
 1.1093750000000000E+00     9.5380668969482607E-02
 1.1406250000000000E+00     1.0057999780542085E-01
 1.1718750000000000E+00     1.0427028344187728E-01
 1.2031250000000000E+00     1.0688356822218026E-01
 1.2343750000000000E+00     1.0870591735996755E-01
 1.2656250000000000E+00     1.0992878282924236E-01
 1.2968750000000000E+00     1.1068230367612568E-01
 1.3281250000000000E+00     1.1105683718528306E-01
 1.3593750000000000E+00     1.1111683989684693E-01
 1.3906250000000000E+00     1.1090979096163092E-01
 1.4218750000000000E+00     1.1047191528964871E-01
 1.4531250000000000E+00     1.0983185144386785E-01
 1.4843750000000000E+00     1.0901300837355304E-01
 1.5156250000000000E+00     1.0803509307382023E-01
 1.5468750000000000E+00     1.0691512031084299E-01
 1.5781250000000000E+00     1.0566810428450907E-01
 1.6093750000000000E+00     1.0430755991054017E-01
 1.6406250000000000E+00     1.0284589477073428E-01
 1.6718750000000000E+00     1.0129474282555713E-01
 1.7031250000000000E+00     9.9665271895864507E-02
 1.7343750000000000E+00     9.7968484877526643E-02
 1.7656250000000000E+00     9.6215527175217488E-02
 1.7968750000000000E+00     9.4418008285031940E-02
 1.8281250000000000E+00     9.2588342772352880E-02
 1.8593750000000000E+00     9.0740114386202025E-02
 1.8906250000000000E+00     8.8888466282243631E-02
 1.9218750000000000E+00     8.7050520007577278E-02
 1.9531250000000000E+00     8.5245825848925552E-02
 1.9843750000000000E+00     8.3496847250759065E-02
 2.0156250000000000E+00     8.1829482194023417E-02
 2.0468750000000000E+00     8.0273624654298173E-02
 2.0781250000000000E+00     7.8863769494412872E-02
 2.1093750000000000E+00     7.7639664384652113E-02
 2.1406250000000000E+00     7.6647012565410594E-02
 2.1718750000000000E+00     7.5938230470094306E-02
 2.2031250000000000E+00     7.5573264396252393E-02
 2.2343750000000000E+00     7.5620470541703760E-02
 2.2656250000000000E+00     7.6157562792199526E-02
 2.2968750000000000E+00     7.7272632625158183E-02
 2.3281250000000000E+00     7.9065245345143975E-02
 2.3593750000000000E+00     8.1647616527323497E-02
 2.3906250000000000E+00     8.5145871925578917E-02
 2.4218750000000000E+00     8.9701393078149685E-02
 2.4531250000000000E+00     9.5472249229950859E-02
 2.4843750000000000E+00     1.0263471373378844E-01
 2.5156250000000000E+00     1.1138485942364938E-01
 2.5468750000000000E+00     1.2194022206259694E-01
 2.5781250000000000E+00     1.3454151313720403E-01
 2.6093750000000000E+00     1.4945435200120699E-01
 2.6406250000000000E+00     1.6697097127201244E-01
 2.6718750000000000E+00     1.8741182655288863E-01
 2.7031250000000000E+00     2.1112700937444034E-01
 2.7343750000000000E+00     2.3849731720676287E-01
 2.7656250000000000E+00     2.6993477180185527E-01
 2.7968750000000000E+00     3.0588229088309338E-01
 2.8281250000000000E+00     3.4681210058168455E-01
 2.8593750000000000E+00     3.9322231766815369E-01
 2.8906250000000000E+00     4.4563092096046314E-01
 2.9218750000000000E+00     5.0456605980365654E-01
 2.9531250000000000E+00     5.7055130670138077E-01
 2.9843750000000000E+00     6.4408405227552501E-01
 3.0156250000000000E+00     7.2560478403292150E-01
 3.0468750000000000E+00     8.1545454250192217E-01
 3.0781250000000000E+00     9.1381752850217635E-01
 3.1093750000000000E+00     1.0206458625703507E+00
 3.1406250000000000E+00     1.1355642338578298E+00
 3.1718750000000000E+00     1.2577541609017293E+00
 3.2031250000000000E+00     1.3858215267140863E+00
 3.2343750000000000E+00     1.5176576891858400E+00
 3.2656250000000000E+00     1.6503142317854655E+00
 3.2968750000000000E+00     1.7799237338998326E+00
 3.3281250000000000E+00     1.9017112257591080E+00
 3.3593750000000000E+00     2.0101477137063206E+00
 3.3906250000000000E+00     2.0992898912863298E+00
 3.4218750000000000E+00     2.1633201467665639E+00
 3.4531250000000000E+00     2.1972452386261745E+00
 3.4843750000000000E+00     2.1976411555935718E+00
 3.5156250000000000E+00     2.1632735965126639E+00
 3.5468750000000000E+00     2.0954147972932522E+00
 3.5781250000000000E+00     1.9977411195574117E+00
 3.6093750000000000E+00     1.8758183291403474E+00
 3.6406250000000000E+00     1.7363108370964122E+00
 3.6718750000000000E+00     1.5861255458620647E+00
 3.7031250000000000E+00     1.4316888550368998E+00
 3.7343750000000000E+00     1.2784743756794412E+00
 3.7656250000000000E+00     1.1307984887368907E+00
 3.7968750000000000E+00     9.9182730009932296E-01
 3.8281250000000000E+00     8.6371057415545693E-01
 3.8593750000000000E+00     7.4776732420585457E-01
 3.8906250000000000E+00     6.4467362794792638E-01
 3.9218750000000000E+00     5.5462883997910384E-01
 3.9531250000000000E+00     4.7749366390965842E-01
 3.9843750000000000E+00     4.1290193189975843E-01
 4.0156250000000000E+00     3.6035026799213760E-01
 4.0468750000000000E+00     3.1926930779832435E-01
 4.0781250000000000E+00     2.8907901784476780E-01
 4.1093750000000000E+00     2.6922989970574229E-01
 4.1406250000000000E+00     2.5923162725087662E-01
 4.1718750000000000E+00     2.5867071948269249E-01
 4.2031250000000000E+00     2.6721892211733334E-01
 4.2343750000000000E+00     2.8463389451523730E-01
 4.2656250000000000E+00     3.1075353974006548E-01
 4.2968750000000000E+00     3.4548492202873410E-01
 4.3281250000000000E+00     3.8878826400409289E-01
 4.3593750000000000E+00     4.4065607519242300E-01
 4.3906250000000000E+00     5.0108708520809198E-01
 4.4218750000000000E+00     5.7005437771171108E-01
 4.4531250000000000E+00     6.4746698375300826E-01
 4.4843750000000000E+00     7.3312424953442779E-01
 4.5156250000000000E+00     8.2666262517702460E-01
 4.5468750000000000E+00     9.2749524072633449E-01
 4.5781250000000000E+00     1.0347477283203277E+00
 4.6093750000000000E+00     1.1471947539963907E+00
 4.6406250000000000E+00     1.2631911359564387E+00
 4.6718750000000000E+00     1.3806201903572495E+00
 4.7031250000000000E+00     1.4968696756565065E+00
 4.7343750000000000E+00     1.6088493904852739E+00
 4.7656250000000000E+00     1.7130665720072518E+00
 4.7968750000000000E+00     1.8057720669770501E+00
 4.8281250000000000E+00     1.8831817129758877E+00
 4.8593750000000000E+00     1.9417630860017117E+00
 4.8906250000000000E+00     1.9785595986801612E+00
 4.9218750000000000E+00     1.9915065242799730E+00
 4.9531250000000000E+00     1.9796835098248462E+00
 4.9843750000000000E+00     1.9434516019142949E+00
 5.0156250000000000E+00     1.8844418414644903E+00
 5.0468750000000000E+00     1.8053929541070017E+00
 5.0781250000000000E+00     1.7098680598546729E+00
 5.1093750000000000E+00     1.6019038585775314E+00
 5.1406250000000000E+00     1.4856534110036079E+00
 5.1718750000000000E+00     1.3650751056726365E+00
 5.2031250000000000E+00     1.2437012182436979E+00
 5.2343750000000000E+00     1.1244975315917924E+00
 5.2656250000000000E+00     1.0098073644804035E+00
 5.2968750000000000E+00     9.0136232242363645E-01
 5.3281250000000000E+00     8.0033818380932997E-01
 5.3593750000000000E+00     7.0743567269892915E-01
 5.3906250000000000E+00     6.2297002773624754E-01
 5.4218750000000000E+00     5.4695824236441692E-01
 5.4531250000000000E+00     4.7919736479131519E-01
 5.4843750000000000E+00     4.1933074254370040E-01
 5.5156250000000000E+00     3.6690148656576488E-01
 5.5468750000000000E+00     3.2139387226262217E-01
 5.5781250000000000E+00     2.8226413259678179E-01
 5.6093750000000000E+00     2.4896236613873282E-01
 5.6406250000000000E+00     2.2094726871256926E-01
 5.6718750000000000E+00     1.9769523461414748E-01
 5.7031250000000000E+00     1.7870514914648450E-01
 5.7343750000000000E+00     1.6349996026648825E-01
 5.7656250000000000E+00     1.5162590155934755E-01
 5.7968750000000000E+00     1.4265005471892150E-01
 5.8281250000000000E+00     1.3615679168272415E-01
 5.8593750000000000E+00     1.3174352442394677E-01
 5.8906250000000000E+00     1.2901611192461215E-01
 5.9218750000000000E+00     1.2758422621406451E-01
 5.9531250000000000E+00     1.2705695985077101E-01
 5.9843750000000000E+00     1.2703896359083733E-01
 6.0156250000000000E+00     1.2712743339377941E-01
 6.0468750000000000E+00     1.2691031869173355E-01
 6.0781250000000000E+00     1.2596619692753544E-01
 6.1093750000000000E+00     1.2386634934369456E-01
 6.1406250000000000E+00     1.2017967355862960E-01
 6.1718750000000000E+00     1.1448116784228947E-01
 6.2031250000000000E+00     1.0636479907573168E-01
 6.2343750000000000E+00     9.5461584894844451E-02
 6.2656250000000000E+00     8.1463621615520523E-02
 6.2968750000000000E+00     6.4154483997054132E-02
 6.3281250000000000E+00     4.3445787751835746E-02
 6.3593750000000000E+00     1.9418595160352908E-02
 6.3906250000000000E+00    -7.6333685347553110E-03
 6.4218750000000000E+00    -3.7164049623332099E-02
 6.4531250000000000E+00    -6.8347008053349201E-02
 6.4843750000000000E+00    -1.0006938880559327E-01
 6.5156250000000000E+00    -1.3095914869402456E-01
 6.5468750000000000E+00    -1.5945444951414156E-01
 6.5781250000000000E+00    -1.8391748775393282E-01
 6.6093750000000000E+00    -2.0278429013744231E-01
 6.6406250000000000E+00    -2.1472970239690750E-01
 6.6718750000000000E+00    -2.1881754292723035E-01
 6.7031250000000000E+00    -2.1460445901705327E-01
 6.7343750000000000E+00    -2.0217455252397759E-01
 6.7656250000000000E+00    -1.8209803930065521E-01
 6.7968750000000000E+00    -1.5532513164600037E-01
 6.8281250000000000E+00    -1.2303947632200310E-01
 6.8593750000000000E+00    -8.6499310701933285E-02
 6.8906250000000000E+00    -4.6892749920549245E-02
 6.9218750000000000E+00    -5.2252749568844920E-03
 6.9531250000000000E+00     3.7756336859971124E-02
 6.9843750000000000E+00     8.1603222007776616E-02
 7.0156250000000000E+00     1.2617176689570059E-01
 7.0468750000000000E+00     1.7160579823236538E-01
 7.0781250000000000E+00     2.1829998566488856E-01
 7.1093750000000000E+00     2.6684952726358391E-01
 7.1406250000000000E+00     3.1798983209635989E-01
 7.1718750000000000E+00     3.7252899210025903E-01
 7.2031250000000000E+00     4.3127551717930612E-01
 7.2343750000000000E+00     4.9496399695525728E-01
 7.2656250000000000E+00     5.6418178317403544E-01
 7.2968750000000000E+00     6.3930013572745670E-01
 7.3281250000000000E+00     7.2041328801544280E-01
 7.3593750000000000E+00     8.0728848052041546E-01
 7.3906250000000000E+00     8.9932931287837592E-01
 7.4218750000000000E+00     9.9555406344459541E-01
 7.4531250000000000E+00     1.0945902418239613E+00
 7.4843750000000000E+00     1.1946867662558003E+00
 7.5156250000000000E+00     1.2937457330506816E+00
 7.5468750000000000E+00     1.3893764141565947E+00
 7.5781250000000000E+00     1.4789742937567107E+00
 7.6093750000000000E+00     1.5598269741655415E+00
 7.6406250000000000E+00     1.6292461431347360E+00
 7.6718750000000000E+00     1.6847204230263837E+00
 7.7031250000000000E+00     1.7240783908393769E+00
 7.7343750000000000E+00     1.7456456516397960E+00
 7.7656250000000000E+00     1.7483763385639230E+00
 7.7968750000000000E+00     1.7319395107168940E+00
 7.8281250000000000E+00     1.6967455417415218E+00
 7.8593750000000000E+00     1.6439062665451525E+00
 7.8906250000000000E+00     1.5751334436530351E+00
 7.9218750000000000E+00     1.4925901769980490E+00
 7.9531250000000000E+00     1.3987166669106925E+00
 7.9843750000000000E+00     1.2960535245155871E+00
 8.0156250000000000E+00     1.1870829943634909E+00
 8.0468750000000000E+00     1.0741022475325139E+00
 8.0781250000000000E+00     9.5913550461005781E-01
 8.1093750000000000E+00     8.4388500994286664E-01
 8.1406250000000000E+00     7.2971598948630290E-01
 8.1718750000000000E+00     6.1766805449650342E-01
 8.2031250000000000E+00     5.0848480528407169E-01
 8.2343750000000000E+00     4.0265406409373761E-01
 8.2656250000000000E+00     3.0045259313627587E-01
 8.2968750000000000E+00     2.0199081684808709E-01
 8.3281250000000000E+00     1.0725462625338422E-01
 8.3593750000000000E+00     1.6142622844555081E-02
 8.3906250000000000E+00    -7.1501893197911850E-02
 8.4218750000000000E+00    -1.5586424930241588E-01
 8.4531250000000000E+00    -2.3713671905166067E-01
 8.4843750000000000E+00    -3.1550131993491470E-01
 8.5156250000000000E+00    -3.9111651725045415E-01
 8.5468750000000000E+00    -4.6410728336939533E-01
 8.5781250000000000E+00    -5.3455802970869770E-01
 8.6093750000000000E+00    -6.0250801688443656E-01
 8.6406250000000000E+00    -6.6794893894567675E-01
 8.6718750000000000E+00    -7.3082445855345024E-01
 8.7031250000000000E+00    -7.9103153379045410E-01
 8.7343750000000000E+00    -8.4842341914975927E-01
 8.7656250000000000E+00    -9.0281424054423942E-01
 8.7968750000000000E+00    -9.5398503629364817E-01
 8.8281250000000000E+00    -1.0016911244991593E+00
 8.8593750000000000E+00    -1.0456706058909231E+00
 8.8906250000000000E+00    -1.0856537465689766E+00
 8.9218750000000000E+00    -1.1213729159398922E+00
 8.9531250000000000E+00    -1.1525726923835702E+00
 8.9843750000000000E+00    -1.1790197043972488E+00
 9.0156250000000000E+00    -1.2005117590481051E+00
 9.0468750000000000E+00    -1.2168858307905577E+00
 9.0781250000000000E+00    -1.2280245458744186E+00
 9.1093750000000000E+00    -1.2338612761854759E+00
 9.1406250000000000E+00    -1.2343884497169539E+00
 9.1718750000000000E+00    -1.2296574893949512E+00
 9.2031250000000000E+00    -1.2197740734495275E+00
 9.2343750000000000E+00    -1.2048962858297587E+00
 9.2656250000000000E+00    -1.1852316314373601E+00
 9.2968750000000000E+00    -1.1610332773971517E+00
 9.3281250000000000E+00    -1.1325959638691316E+00
 9.3593750000000000E+00    -1.1002519427223629E+00
 9.3906250000000000E+00    -1.0643671816498865E+00
 9.4218750000000000E+00    -1.0253379233185611E+00
 9.4531250000000000E+00    -9.8358752785511272E-01
 9.4843750000000000E+00    -9.3956336907806892E-01
 9.5156250000000000E+00    -8.9373341829659914E-01
 9.5468750000000000E+00    -8.4658205302568623E-01
 9.5781250000000000E+00    -7.9860459189209099E-01
 9.6093750000000000E+00    -7.5030010363351141E-01
 9.6406250000000000E+00    -7.0216219065124774E-01
 9.6718750000000000E+00    -6.5466772527218575E-01
 9.7031250000000000E+00    -6.0826392403108398E-01
 9.7343750000000000E+00    -5.6335465416180630E-01
 9.7656250000000000E+00    -5.2028739791872547E-01
 9.7968750000000000E+00    -4.7934271316110300E-01
 9.8281250000000000E+00    -4.4072813509806108E-01
 9.8593750000000000E+00    -4.0457808703469017E-01
 9.8906250000000000E+00    -3.7096043666224254E-01
 9.9218750000000000E+00    -3.3988898181402810E-01
 9.9531250000000000E+00    -3.1133974149033850E-01
 9.9843750000000000E+00    -2.8526796348706696E-01
 1.0015625000000000E+01    -2.6162265252599376E-01
 1.0046875000000000E+01    -2.4035627047060107E-01
 1.0078125000000000E+01    -2.2142875916402774E-01
 1.0109375000000000E+01    -2.0480661574760378E-01
 1.0140625000000000E+01    -1.9045885472890470E-01
 1.0171875000000000E+01    -1.7835203352571721E-01
 1.0203125000000000E+01    -1.6844615832519266E-01
 1.0234375000000000E+01    -1.6069252454896496E-01
 1.0265625000000000E+01    -1.5503373219640781E-01
 1.0296875000000000E+01    -1.5140550276358683E-01
 1.0328125000000000E+01    -1.4973960899130384E-01
 1.0359375000000000E+01    -1.4996718224262909E-01
 1.0390625000000000E+01    -1.5202179159506315E-01
 1.0421875000000000E+01    -1.5584189314009353E-01
 1.0453125000000000E+01    -1.6137245196730829E-01
 1.0484375000000000E+01    -1.6856570120993439E-01
 1.0515625000000000E+01    -1.7738110904249660E-01
 1.0546875000000000E+01    -1.8778468016489952E-01
 1.0578125000000000E+01    -1.9974773564222997E-01
 1.0609375000000000E+01    -2.1324530794536431E-01
 1.0640625000000000E+01    -2.2825426848203106E-01
 1.0671875000000000E+01    -2.4475128133237209E-01
 1.0703125000000000E+01    -2.6271065463301957E-01
 1.0734375000000000E+01    -2.8210214290487506E-01
 1.0765625000000000E+01    -3.0288874072299060E-01
 1.0796875000000000E+01    -3.2502450057970311E-01
 1.0828125000000000E+01    -3.4845240517796566E-01
 1.0859375000000000E+01    -3.7310232606608801E-01
 1.0890625000000000E+01    -3.9888910578545467E-01
 1.0921875000000000E+01    -4.2571080883967527E-01
 1.0953125000000000E+01    -4.5344719707804737E-01
 1.0984375000000000E+01    -4.8195849672237479E-01
 1.1015625000000000E+01    -5.1108453632429374E-01
 1.1046875000000000E+01    -5.4064434628885616E-01
 1.1078125000000000E+01    -5.7043631987065080E-01
 1.1109375000000000E+01    -6.0023904110450421E-01
 1.1140625000000000E+01    -6.2981288512008593E-01
 1.1171875000000000E+01    -6.5890248873026902E-01
 1.1203125000000000E+01    -6.8724017215180899E-01
 1.1234375000000000E+01    -7.1455036461517962E-01
 1.1265625000000000E+01    -7.4055504649812787E-01
 1.1296875000000000E+01    -7.6498016856907236E-01
 1.1328125000000000E+01    -7.8756294645823188E-01
 1.1359375000000000E+01    -8.0805985878660747E-01
 1.1390625000000000E+01    -8.2625311105637667E-01
 1.1421875000000000E+01    -8.4194909564588261E-01
 1.1453125000000000E+01    -8.5499369617647281E-01
 1.1484375000000000E+01    -8.6528334631135229E-01
 1.1515625000000000E+01    -8.7277053577209940E-01
 1.1546875000000000E+01    -8.7746799074491599E-01
 1.1578125000000000E+01    -8.7945115742473567E-01
 1.1609375000000000E+01    -8.7885874676484832E-01
 1.1640625000000000E+01    -8.7589123499827104E-01
 1.1671875000000000E+01    -8.7080735153642519E-01
 1.1703125000000000E+01    -8.6391871643354323E-01
 1.1734375000000000E+01    -8.5558290337081278E-01
 1.1765625000000000E+01    -8.4619529091059476E-01
 1.1796875000000000E+01    -8.3618011708369910E-01
 1.1828125000000000E+01    -8.2598116673548461E-01
 1.1859375000000000E+01    -8.1605249848969263E-01
 1.1890625000000000E+01    -8.0684956376176975E-01
 1.1921875000000000E+01    -7.9882099200074563E-01
 1.1953125000000000E+01    -7.9240122382552336E-01
 1.1984375000000000E+01    -7.8800407658834470E-01
 1.2015625000000000E+01    -7.8601723365102749E-01
 1.2046875000000000E+01    -7.8679756587088068E-01
 1.2078125000000000E+01    -7.9066712578919085E-01
 1.2109375000000000E+01    -7.9790960397241584E-01
 1.2140625000000000E+01    -8.0876700334246654E-01
 1.2171875000000000E+01    -8.2343627052737101E-01
 1.2203125000000000E+01    -8.4206562224260084E-01
 1.2234375000000000E+01    -8.6475031871324992E-01
 1.2265625000000000E+01    -8.9152766519390592E-01
 1.2296875000000000E+01    -9.2237106796791413E-01
 1.2328125000000000E+01    -9.5718303541403560E-01
 1.2359375000000000E+01    -9.9578710177133201E-01
 1.2390625000000000E+01    -1.0379187660209881E+00
 1.2421875000000000E+01    -1.0832156859392392E+00
 1.2453125000000000E+01    -1.1312075517822249E+00
 1.2484375000000000E+01    -1.1813062860073089E+00
 1.2515625000000000E+01    -1.2327974697576336E+00
 1.2546875000000000E+01    -1.2848341691474259E+00
 1.2578125000000000E+01    -1.3364345975569984E+00
 1.2609375000000000E+01    -1.3864852616137495E+00
 1.2640625000000000E+01    -1.4337513398334034E+00
 1.2671875000000000E+01    -1.4768959634450973E+00
 1.2703125000000000E+01    -1.5145097360375601E+00
 1.2734375000000000E+01    -1.5451511848791193E+00
 1.2765625000000000E+01    -1.5673978634611452E+00
 1.2796875000000000E+01    -1.5799065674246764E+00
 1.2828125000000000E+01    -1.5814797123877211E+00
 1.2859375000000000E+01    -1.5711335628814225E+00
 1.2890625000000000E+01    -1.5481629629346751E+00
 1.2921875000000000E+01    -1.5121967663204965E+00
 1.2953125000000000E+01    -1.4632384872592687E+00
 1.2984375000000000E+01    -1.4016878320086332E+00
 1.3015625000000000E+01    -1.3283405845115048E+00
 1.3046875000000000E+01    -1.2443664944565427E+00
 1.3078125000000000E+01    -1.1512669533083848E+00
 1.3109375000000000E+01    -1.0508159668677737E+00
 1.3140625000000000E+01    -9.4498900095906457E-01
 1.3171875000000000E+01    -8.3588465228007125E-01
 1.3203125000000000E+01    -7.2564394258646436E-01
 1.3234375000000000E+01    -6.1637163975093667E-01
 1.3265625000000000E+01    -5.1006365635585604E-01
 1.3296875000000000E+01    -4.0854439212716964E-01
 1.3328125000000000E+01    -3.1341773057931477E-01
 1.3359375000000000E+01    -2.2603486828879368E-01
 1.3390625000000000E+01    -1.4748076038627231E-01
 1.3421875000000000E+01    -7.8578487554355841E-02
 1.3453125000000000E+01    -1.9907685582690200E-02
 1.3484375000000000E+01     2.8169590579709310E-02
 1.3515625000000000E+01     6.5483239325711956E-02
 1.3546875000000000E+01     9.2035922511819579E-02
 1.3578125000000000E+01     1.0799291645498973E-01
 1.3609375000000000E+01     1.1367936622152648E-01
 1.3640625000000000E+01     1.0958019006881536E-01
 1.3671875000000000E+01     9.6329387020753138E-02
 1.3703125000000000E+01     7.4686806164879313E-02
 1.3734375000000000E+01     4.5535532858877258E-02
 1.3765625000000000E+01     9.8573180641303021E-03
 1.3796875000000000E+01    -3.1300146468503112E-02
 1.3828125000000000E+01    -7.6857007443140307E-02
 1.3859375000000000E+01    -1.2573276700517669E-01
 1.3890625000000000E+01    -1.7687311445058662E-01
 1.3921875000000000E+01    -2.2927074459797972E-01
 1.3953125000000000E+01    -2.8197983961062084E-01
 1.3984375000000000E+01    -3.3412465159993410E-01
 1.4015625000000000E+01    -3.8490309957794677E-01
 1.4046875000000000E+01    -4.3358651780912943E-01
 1.4078125000000000E+01    -4.7951672667741163E-01
 1.4109375000000000E+01    -5.2210150928212917E-01
 1.4140625000000000E+01    -5.6080942380620558E-01
 1.4171875000000000E+01    -5.9516470406701938E-01
 1.4203125000000000E+01    -6.2474282418814930E-01
 1.4234375000000000E+01    -6.4916714181033164E-01
 1.4265625000000000E+01    -6.6810689359108399E-01
 1.4296875000000000E+01    -6.8127669826573178E-01
 1.4328125000000000E+01    -6.8843762537711162E-01
 1.4359375000000000E+01    -6.8939981007821582E-01
 1.4390625000000000E+01    -6.8402653370648536E-01
 1.4421875000000000E+01    -6.7223964275874126E-01
 1.4453125000000000E+01    -6.5402614053599839E-01
 1.4484375000000000E+01    -6.2944574892305327E-01
 1.4515625000000000E+01    -5.9863919272205279E-01
 1.4546875000000000E+01    -5.6183689354259470E-01
 1.4578125000000000E+01    -5.1936766136857915E-01
 1.4609375000000000E+01    -4.7166682839823659E-01
 1.4640625000000000E+01    -4.1928307698478673E-01
 1.4671875000000000E+01    -3.6288297981243456E-01
 1.4703125000000000E+01    -3.0325202427908426E-01
 1.4734375000000000E+01    -2.4129068902455086E-01
 1.4765625000000000E+01    -1.7800406059846732E-01
 1.4796875000000000E+01    -1.1448362340821137E-01
 1.4828125000000000E+01    -5.1880324150829625E-02
 1.4859375000000000E+01     8.6311392565820433E-03
 1.4890625000000000E+01     6.5895651612970327E-02
 1.4921875000000000E+01     1.1882607594509038E-01
 1.4953125000000000E+01     1.6645280737618390E-01
 1.4984375000000000E+01     2.0796965689601071E-01
 1.5015625000000000E+01     2.4277105474800206E-01
 1.5046875000000000E+01     2.7047630390676580E-01
 1.5078125000000000E+01     2.9093821469700321E-01
 1.5109375000000000E+01     3.0423559545111689E-01
 1.5140625000000000E+01     3.1065128027029865E-01
 1.5171875000000000E+01     3.1063915557389354E-01
 1.5203125000000000E+01     3.0478466320655972E-01
 1.5234375000000000E+01     2.9376340664979794E-01
 1.5265625000000000E+01     2.7830189342374756E-01
 1.5296875000000000E+01     2.5914338094759248E-01
 1.5328125000000000E+01     2.3702056092873564E-01
 1.5359375000000000E+01     2.1263567252440224E-01
 1.5390625000000000E+01     1.8664773403817927E-01
 1.5421875000000000E+01     1.5966598472900703E-01
 1.5453125000000000E+01     1.3224831564362421E-01
 1.5484375000000000E+01     1.0490338254892953E-01
 1.5515625000000000E+01     7.8095163153785105E-02
 1.5546875000000000E+01     5.2248878884917103E-02
 1.5578125000000000E+01     2.7757397781962026E-02
 1.5609375000000000E+01     4.9874362704485208E-03
 1.5640625000000000E+01    -1.5714934306809973E-02
 1.5671875000000000E+01    -3.4019801862049198E-02
 1.5703125000000000E+01    -4.9610123670781742E-02
 1.5734375000000000E+01    -6.2179671272400198E-02
 1.5765625000000000E+01    -7.1432121961784237E-02
 1.5796875000000000E+01    -7.7081089860391902E-02
 1.5828125000000000E+01    -7.8850784636543339E-02
 1.5859375000000000E+01    -7.6476909797559056E-02
 1.5890625000000000E+01    -6.9707389678249160E-02
 1.5921875000000000E+01    -5.8302216452741272E-02
 1.5953125000000000E+01    -4.2020079685235856E-02
 1.5984375000000000E+01    -2.0613559867519168E-02
 1.6015625000000000E+01     6.1569273780683800E-03
 1.6046875000000000E+01     3.8523263599599906E-02
 1.6078125000000000E+01     7.6708856980917783E-02
 1.6109375000000000E+01     1.2092461053150541E-01
 1.6140625000000000E+01     1.7136064304343820E-01
 1.6171875000000000E+01     2.2817336697725543E-01
 1.6203125000000000E+01     2.9146830164512172E-01
 1.6234375000000000E+01     3.6127975213682967E-01
 1.6265625000000000E+01     4.3754900890085913E-01
 1.6296875000000000E+01     5.2010289446723079E-01
 1.6328125000000000E+01     6.0863430255626938E-01
 1.6359375000000000E+01     7.0268595713704274E-01
 1.6390625000000000E+01     8.0163814388640331E-01
 1.6421875000000000E+01     9.0470080607665659E-01
 1.6453125000000000E+01     1.0109102601968747E+00
 1.6484375000000000E+01     1.1191308920827092E+00
 1.6515625000000000E+01     1.2280624713211590E+00
 1.6546875000000000E+01     1.3362540319291041E+00
 1.6578125000000000E+01     1.4421254379655952E+00
 1.6609375000000000E+01     1.5439976166262632E+00
 1.6640625000000000E+01     1.6401318830202518E+00
 1.6671875000000000E+01     1.7287777855263500E+00
 1.6703125000000000E+01     1.8082275958460317E+00
 1.6734375000000000E+01     1.8768742367289812E+00
 1.6765625000000000E+01     1.9332684814165748E+00
 1.6796875000000000E+01     1.9761710754949187E+00
 1.6828125000000000E+01     2.0045962626743714E+00
 1.6859375000000000E+01     2.0178449418505844E+00
 1.6890625000000000E+01     2.0155278242946308E+00
 1.6921875000000000E+01     1.9975806610173552E+00
 1.6953125000000000E+01     1.9642740393890912E+00
 1.6984375000000000E+01     1.9162190196717619E+00
 1.7015625000000000E+01     1.8543673953492879E+00
 1.7046875000000000E+01     1.7800027749445637E+00
 1.7078125000000000E+01     1.6947174261396318E+00
 1.7109375000000000E+01     1.6003708393280358E+00
 1.7140625000000000E+01     1.4990291438207319E+00
 1.7171875000000000E+01     1.3928886804193765E+00
 1.7203125000000000E+01     1.2841905859094354E+00
 1.7234375000000000E+01     1.1751349291337185E+00
 1.7265625000000000E+01     1.0678023892656112E+00
 1.7296875000000000E+01     9.6408919209341915E-01
 1.7328125000000000E+01     8.6565799082616013E-01
 1.7359375000000000E+01     7.7390454200179981E-01
 1.7390625000000000E+01     6.8993799651881604E-01
 1.7421875000000000E+01     6.1457160749128104E-01
 1.7453125000000000E+01     5.4832055183732742E-01
 1.7484375000000000E+01     4.9140412065753836E-01
 1.7515625000000000E+01     4.4375047804034851E-01
 1.7546875000000000E+01     4.0500328433279531E-01
 1.7578125000000000E+01     3.7453055140100699E-01
 1.7609375000000000E+01     3.5143701083894197E-01
 1.7640625000000000E+01     3.3458192007314591E-01
 1.7671875000000000E+01     3.2260450419738629E-01
 1.7703125000000000E+01     3.1395904956568288E-01
 1.7734375000000000E+01     3.0696099322431747E-01
 1.7765625000000000E+01     2.9984424500077422E-01
 1.7796875000000000E+01     2.9082861519052555E-01
 1.7828125000000000E+01     2.7819490225991733E-01
 1.7859375000000000E+01     2.6036429359472929E-01
 1.7890625000000000E+01     2.3597858386695209E-01
 1.7921875000000000E+01     2.0397848493721543E-01
 1.7953125000000000E+01     1.6367885401768401E-01
 1.7984375000000000E+01     1.1484147856788142E-01
 1.8015625000000000E+01     5.7747174359106958E-02
 1.8046875000000000E+01    -6.7319739653418694E-03
 1.8078125000000000E+01    -7.7063963557456414E-02
 1.8109375000000000E+01    -1.5100510364343972E-01
 1.8140625000000000E+01    -2.2559291772747109E-01
 1.8171875000000000E+01    -2.9722728181014518E-01
 1.8203125000000000E+01    -3.6189139341148746E-01
 1.8234375000000000E+01    -4.1555354665558275E-01
 1.8265625000000000E+01    -4.5469968750435491E-01
 1.8296875000000000E+01    -4.7690106252302028E-01
 1.8328125000000000E+01    -4.8125480504067014E-01
 1.8359375000000000E+01    -4.6853312508469847E-01
 1.8390625000000000E+01    -4.4098793307892925E-01
 1.8421875000000000E+01    -4.0189035018799779E-01
 1.8453125000000000E+01    -3.5496474804702627E-01
 1.8484375000000000E+01    -3.0387237197221995E-01
 1.8515625000000000E+01    -2.5183812628409624E-01
 1.8546875000000000E+01    -2.0144400479830221E-01
 1.8578125000000000E+01    -1.5456494163707801E-01
 1.8609375000000000E+01    -1.1240341327690326E-01
 1.8640625000000000E+01    -7.5579632345752296E-02
 1.8671875000000000E+01    -4.4243949628541931E-02
 1.8703125000000000E+01    -1.8189641394968706E-02
 1.8734375000000000E+01     3.0460178537336951E-03
 1.8765625000000000E+01     2.0097626906432419E-02
 1.8796875000000000E+01     3.3705431400927091E-02
 1.8828125000000000E+01     4.4665619654390185E-02
 1.8859375000000000E+01     5.3794698785064571E-02
 1.8890625000000000E+01     6.1905210762577323E-02
 1.8921875000000000E+01     6.9790163742194780E-02
 1.8953125000000000E+01     7.8213864243535963E-02
 1.8984375000000000E+01     8.7907211874540495E-02
 1.9015625000000000E+01     9.9565890382264849E-02
 1.9046875000000000E+01     1.1385022224321364E-01
 1.9078125000000000E+01     1.3138573450337374E-01
 1.9109375000000000E+01     1.5276370790011889E-01
 1.9140625000000000E+01     1.7854115181189395E-01
 1.9171875000000000E+01     2.0923976924607030E-01
 1.9203125000000000E+01     2.4534355491525511E-01
 1.9234375000000000E+01     2.8729471195459461E-01
 1.9265625000000000E+01     3.3548758598787354E-01
 1.9296875000000000E+01     3.9026030701486669E-01
 1.9328125000000000E+01     4.5188380974419995E-01
 1.9359375000000000E+01     5.2054788423366594E-01
 1.9390625000000000E+01     5.9634390798358039E-01
 1.9421875000000000E+01     6.7924395054012665E-01
 1.9453125000000000E+01     7.6907605157458925E-01
 1.9484375000000000E+01     8.6549568985765779E-01
 1.9515625000000000E+01     9.6795382610031022E-01
 1.9546875000000000E+01     1.0756624618118962E+00
 1.9578125000000000E+01     1.1875594471846740E+00
 1.9609375000000000E+01     1.3022753105485501E+00
 1.9640625000000000E+01     1.4181061443779519E+00
 1.9671875000000000E+01     1.5329979715111195E+00
 1.9703125000000000E+01     1.6445493322791394E+00
 1.9734375000000000E+01     1.7500397561319503E+00
 1.9765625000000000E+01     1.8464918612178602E+00
 1.9796875000000000E+01     1.9307735257725598E+00
 1.9828125000000000E+01     1.9997433706229650E+00
 1.9859375000000000E+01     2.0504373398036879E+00
 1.9890625000000000E+01     2.0802865498343692E+00
 1.9921875000000000E+01     2.0873475905561389E+00
 1.9953125000000000E+01     2.0705178287445691E+00
 1.9984375000000000E+01     2.0297026218959999E+00
 2.0015625000000000E+01     1.9659016839901393E+00
 2.0046875000000000E+01     1.8811903155474499E+00
 2.0078125000000000E+01     1.7785876412411858E+00
 2.0109375000000000E+01     1.6618249808852348E+00
 2.0140625000000000E+01     1.5350470541123127E+00
 2.0171875000000000E+01     1.4024907371353514E+00
 2.0203125000000000E+01     1.2681870319121065E+00
 2.0234375000000000E+01     1.1357223972256281E+00
 2.0265625000000000E+01     1.0080797282347911E+00
 2.0296875000000000E+01     8.8756242719414735E-01
 2.0328125000000000E+01     7.7579155042606240E-01
 2.0359375000000000E+01     6.7375809457255853E-01
 2.0390625000000000E+01     5.8191007555401919E-01
 2.0421875000000000E+01     5.0025576740210664E-01
 2.0453125000000000E+01     4.2846848187530479E-01
 2.0484375000000000E+01     3.6598563365070425E-01
 2.0515625000000000E+01     3.1210075022504741E-01
 2.0546875000000000E+01     2.6602141607462876E-01
 2.0578125000000000E+01     2.2691674600704204E-01
 2.0609375000000000E+01     1.9395418399511280E-01
 2.0640625000000000E+01     1.6632438467518462E-01
 2.0671875000000000E+01     1.4325660647969632E-01
 2.0703125000000000E+01     1.2402689700475897E-01
 2.0734375000000000E+01     1.0796104324106950E-01
 2.0765625000000000E+01     9.4433896270606138E-02
 2.0796875000000000E+01     8.2866325576799973E-02
 2.0828125000000000E+01     7.2720745719988891E-02
 2.0859375000000000E+01     6.3495901107755270E-02
 2.0890625000000000E+01     5.4721394070388021E-02
 2.0921875000000000E+01     4.5952292154355943E-02
 2.0953125000000000E+01     3.6764044563427370E-02
 2.0984375000000000E+01     2.6747866728229777E-02
 2.1015625000000000E+01     1.5506708606094847E-02
 2.1046875000000000E+01     2.6519003359299956E-03
 2.1078125000000000E+01    -1.2199436528057349E-02
 2.1109375000000000E+01    -2.9426116502877048E-02
 2.1140625000000000E+01    -4.9403643274602269E-02
 2.1171875000000000E+01    -7.2503850695362373E-02
 2.1203125000000000E+01    -9.9093265357503527E-02
 2.1234375000000000E+01    -1.2952999631057036E-01
 2.1265625000000000E+01    -1.6415893673338688E-01
 2.1296875000000000E+01    -2.0330505937503265E-01
 2.1328125000000000E+01    -2.4726461736767180E-01
 2.1359375000000000E+01    -2.9629414477765614E-01
 2.1390625000000000E+01    -3.5059731132716238E-01
 2.1421875000000000E+01    -4.1030994741564913E-01
 2.1453125000000000E+01    -4.7548393364198310E-01
 2.1484375000000000E+01    -5.4607113107432059E-01
 2.1515625000000000E+01    -6.2190904818769854E-01
 2.1546875000000000E+01    -7.0271034541182442E-01
 2.1578125000000000E+01    -7.8805830952642353E-01
 2.1609375000000000E+01    -8.7740974772900571E-01
 2.1640625000000000E+01    -9.7010505725453167E-01
 2.1671875000000000E+01    -1.0653825134548442E+00
 2.1703125000000000E+01    -1.1623906724083812E+00
 2.1734375000000000E+01    -1.2601905098037312E+00
 2.1765625000000000E+01    -1.3577392051753789E+00
 2.1796875000000000E+01    -1.4538515368490750E+00
 2.1828125000000000E+01    -1.5471424536987597E+00
 2.1859375000000000E+01    -1.6359635834923618E+00
 2.1890625000000000E+01    -1.7183542600368231E+00
 2.1921875000000000E+01    -1.7920313700005441E+00
 2.1953125000000000E+01    -1.8544403204731692E+00
 2.1984375000000000E+01    -1.9028813361209058E+00
 2.2015625000000000E+01    -1.9347117385715893E+00
 2.2046875000000000E+01    -1.9476075131911608E+00
 2.2078125000000000E+01    -1.9398494764419147E+00
 2.2109375000000000E+01    -1.9105855160770131E+00
 2.2140625000000000E+01    -1.8600161806398603E+00
 2.2171875000000000E+01    -1.7894602415669834E+00
 2.2203125000000000E+01    -1.7012794032920575E+00
 2.2234375000000000E+01    -1.5986713892102451E+00
 2.2265625000000000E+01    -1.4853688206221969E+00
 2.2296875000000000E+01    -1.3652986450784139E+00
 2.2328125000000000E+01    -1.2422587977160315E+00
 2.2359375000000000E+01    -1.1196567775991273E+00
 2.2390625000000000E+01    -1.0003348987689076E+00
 2.2421875000000000E+01    -8.8648635113520136E-01
 2.2453125000000000E+01    -7.7965031874935553E-01
 2.2484375000000000E+01    -6.8076558587924463E-01
 2.2515625000000000E+01    -5.9025989087626463E-01
 2.2546875000000000E+01    -5.0815479293180188E-01
 2.2578125000000000E+01    -4.3417069507012734E-01
 2.2609375000000000E+01    -3.6782205183170774E-01
 2.2640625000000000E+01    -3.0849752368971173E-01
 2.2671875000000000E+01    -2.5552341248371435E-01
 2.2703125000000000E+01    -2.0821106310647558E-01
 2.2734375000000000E+01    -1.6589022949303056E-01
 2.2765625000000000E+01    -1.2793094845223357E-01
 2.2796875000000000E+01    -9.3756508167747166E-02
 2.2828125000000000E+01    -6.2849855203817431E-02
 2.2859375000000000E+01    -3.4755409929611396E-02
 2.2890625000000000E+01    -9.0778556886666872E-03
 2.2921875000000000E+01     1.4520910902921527E-02
 2.2953125000000000E+01     3.6325805196747746E-02
 2.2984375000000000E+01     5.6572953962498264E-02
 2.3015625000000000E+01     7.5454070384686975E-02
 2.3046875000000000E+01     9.3120557246548885E-02
 2.3078125000000000E+01     1.0968720063406819E-01
 2.3109375000000000E+01     1.2523539411311727E-01
 2.3140625000000000E+01     1.3981588724937224E-01
 2.3171875000000000E+01     1.5345108938795171E-01
 2.3203125000000000E+01     1.6613698505078578E-01
 2.3234375000000000E+01     1.7784473494493486E-01
 2.3265625000000000E+01     1.8852204886170532E-01
 2.3296875000000000E+01     1.9809442486888024E-01
 2.3328125000000000E+01     2.0646635302714200E-01
 2.3359375000000000E+01     2.1352257978692443E-01
 2.3390625000000000E+01     2.1912951781763779E-01
 2.3421875000000000E+01     2.2313685954373236E-01
 2.3453125000000000E+01     2.2537940243678586E-01
 2.3484375000000000E+01     2.2567900801213348E-01
 2.3515625000000000E+01     2.2384647917292558E-01
 2.3546875000000000E+01     2.1968293616408233E-01
 2.3578125000000000E+01     2.1297999217506391E-01
 2.3609375000000000E+01     2.0351769674089631E-01
 2.3640625000000000E+01     1.9105891907021066E-01
 2.3671875000000000E+01     1.7533880303303334E-01
 2.3703125000000000E+01     1.5604852912922504E-01
 2.3734375000000000E+01     1.3281433917213858E-01
 2.3765625000000000E+01     1.0517578935942035E-01
 2.3796875000000000E+01     7.2570650726143354E-02
 2.3828125000000000E+01     3.4335401962128864E-02
 2.3859375000000000E+01    -1.0273085032768588E-02
 2.3890625000000000E+01    -6.2037820401265792E-02
 2.3921875000000000E+01    -1.2173681068315628E-01
 2.3953125000000000E+01    -1.9010932894928731E-01
 2.3984375000000000E+01    -2.6784339785614497E-01
 2.4015625000000000E+01    -3.5600224083471022E-01
 2.4046875000000000E+01    -4.5674399773230656E-01
 2.4078125000000000E+01    -5.6846075845367472E-01
 2.4109375000000000E+01    -6.8870291427889208E-01
 2.4140625000000000E+01    -8.1468351982641385E-01
 2.4171875000000000E+01    -9.4327193565810563E-01
 2.4203125000000000E+01    -1.0710062282589592E+00
 2.4234375000000000E+01    -1.1941410430764330E+00
 2.4265625000000000E+01    -1.3087448857207247E+00
 2.4296875000000000E+01    -1.4108536930203839E+00
 2.4328125000000000E+01    -1.4966769482328850E+00
 2.4359375000000000E+01    -1.5628399240505813E+00
 2.4390625000000000E+01    -1.6066336705484416E+00
 2.4421875000000000E+01    -1.6262367107603299E+00
 2.4453125000000000E+01    -1.6208723219103489E+00
 2.4484375000000000E+01    -1.5908740682769116E+00
 2.4515625000000000E+01    -1.5376481814709371E+00
 2.4546875000000000E+01    -1.4635399900806789E+00
 2.4578125000000000E+01    -1.3716274474285532E+00
 2.4609375000000000E+01    -1.2654738104896144E+00
 2.4640625000000000E+01    -1.1488725056344109E+00
 2.4671875000000000E+01    -1.0256118870304907E+00
 2.4703125000000000E+01    -8.9927921631094554E-01
 2.4734375000000000E+01    -7.7311490321676846E-01
 2.4765625000000000E+01    -6.4992172733011888E-01
 2.4796875000000000E+01    -5.3202980770191954E-01
 2.4828125000000000E+01    -4.2131585482291328E-01
 2.4859375000000000E+01    -3.1927370663320781E-01
 2.4890625000000000E+01    -2.2713145578234217E-01
 2.4921875000000000E+01    -1.4600817759403212E-01
 2.4953125000000000E+01    -7.7100350485994493E-02
 2.4984375000000000E+01    -2.1884782081121327E-02
