#                  time                       real
 1.5625000000000000E-02     1.8420720195753607E-04
 4.6875000000000000E-02     2.1265557171782625E-03
 7.8125000000000000E-02     5.0692125127297632E-03
 1.0937500000000000E-01     7.6822490707122940E-03
 1.4062500000000000E-01     8.5708428686768930E-03
 1.7187500000000000E-01     6.2499668283975060E-03
 2.0312500000000000E-01    -8.3352449607295353E-04
 2.3437500000000000E-01    -1.4219579931167074E-02
 2.6562500000000000E-01    -3.5288146380543367E-02
 2.9687500000000000E-01    -6.5050571906349747E-02
 3.2812500000000000E-01    -1.0389756685980063E-01
 3.5937500000000000E-01    -1.5134023932944440E-01
 3.9062500000000000E-01    -2.0579893664793983E-01
 4.2187500000000000E-01    -2.6450681784225144E-01
 4.5312500000000000E-01    -3.2359346490783331E-01
 4.8437500000000000E-01    -3.7839151948109140E-01
 5.1562500000000000E-01    -4.2396435453415010E-01
 5.4687500000000000E-01    -4.5579203175742999E-01
 5.7812500000000000E-01    -4.7049301080345707E-01
 6.0937500000000000E-01    -4.6642289258024494E-01
 6.4062500000000000E-01    -4.4399848774932832E-01
 6.7187500000000000E-01    -4.0565202108923376E-01
 7.0312500000000000E-01    -3.5541330941172766E-01
 7.3437500000000000E-01    -2.9821745834254421E-01
 7.6562500000000000E-01    -2.3910664734713633E-01
 7.9687500000000000E-01    -1.8251141154098202E-01
 8.2812500000000000E-01    -1.3175565875276468E-01
 8.5937500000000000E-01    -8.8849920748636124E-02
 8.9062500000000000E-01    -5.4551815874924962E-02
 9.2187500000000000E-01    -2.8611644746967712E-02
 9.5312500000000000E-01    -1.0099357066500531E-02
 9.8437500000000000E-01     2.2768176710757145E-03
 1.0156250000000000E+00     9.8835173710324874E-03
 1.0468750000000000E+00     1.3913932895597465E-02
 1.0781250000000000E+00     1.5670702061338151E-02
 1.1093750000000000E+00     1.6082859755418170E-02
 1.1406250000000000E+00     1.5766609400045629E-02
 1.1718750000000000E+00     1.5131224158018101E-02
 1.2031250000000000E+00     1.4448928534657434E-02
 1.2343750000000000E+00     1.3901006460507799E-02
 1.2656250000000000E+00     1.3608224745523282E-02
 1.2968750000000000E+00     1.3650912555403977E-02
 1.3281250000000000E+00     1.4082221083942111E-02
 1.3593750000000000E+00     1.4936887412966067E-02
 1.3906250000000000E+00     1.6237033976301295E-02
 1.4218750000000000E+00     1.7996011983914741E-02
 1.4531250000000000E+00     2.0220952235925529E-02
 1.4843750000000000E+00     2.2914459500247727E-02
 1.5156250000000000E+00     2.6075737045144730E-02
 1.5468750000000000E+00     2.9701329562359928E-02
 1.5781250000000000E+00     3.3785608108728063E-02
 1.6093750000000000E+00     3.8321078291867733E-02
 1.6406250000000000E+00     4.3298565111633373E-02
 1.6718750000000000E+00     4.8707309623524979E-02
 1.7031250000000000E+00     5.4535000607813466E-02
 1.7343750000000000E+00     6.0767756536816583E-02
 1.7656250000000000E+00     6.7390067906811055E-02
 1.7968750000000000E+00     7.4384706506076495E-02
 1.8281250000000000E+00     8.1732605817354698E-02
 1.8593750000000000E+00     8.9412715102092477E-02
 1.8906250000000000E+00     9.7401828526466117E-02
 1.9218750000000000E+00     1.0567438979717712E-01
 1.9531250000000000E+00     1.1420227206676796E-01
 1.9843750000000000E+00     1.2295453227409447E-01
 2.0156250000000000E+00     1.3189713855638030E-01
 2.0468750000000000E+00     1.4099266887322831E-01
 2.0781250000000000E+00     1.5019997849739380E-01
 2.1093750000000000E+00     1.5947383353381306E-01
 2.1406250000000000E+00     1.6876450711279817E-01
 2.1718750000000000E+00     1.7801733435088188E-01
 2.2031250000000000E+00     1.8717222156886831E-01
 2.2343750000000000E+00     1.9616310458542624E-01
 2.2656250000000000E+00     2.0491735014728371E-01
 2.2968750000000000E+00     2.1335509369382133E-01
 2.3281250000000000E+00     2.2138850566190432E-01
 2.3593750000000000E+00     2.2892097739152562E-01
 2.3906250000000000E+00     2.3584621636954797E-01
 2.4218750000000000E+00     2.4204723902365960E-01
 2.4531250000000000E+00     2.4739524753277736E-01
 2.4843750000000000E+00     2.5174837514355541E-01
 2.5156250000000000E+00     2.5495028228280603E-01
 2.5468750000000000E+00     2.5682858336735892E-01
 2.5781250000000000E+00     2.5719308171451694E-01
 2.6093750000000000E+00     2.5583378749347169E-01
 2.6406250000000000E+00     2.5251869147672551E-01
 2.6718750000000000E+00     2.4699126584697489E-01
 2.7031250000000000E+00     2.3896766310544845E-01
 2.7343750000000000E+00     2.2813358615289447E-01
 2.7656250000000000E+00     2.1414080828408416E-01
 2.7968750000000000E+00     1.9660333324051407E-01
 2.8281250000000000E+00     1.7509320566521022E-01
 2.8593750000000000E+00     1.4913601573656643E-01
 2.8906250000000000E+00     1.1820619478498109E-01
 2.9218750000000000E+00     8.1722280305316461E-02
 2.9531250000000000E+00     3.9042451451515400E-02
 2.9843750000000000E+00    -1.0539183231059700E-02
 3.0156250000000000E+00    -6.7794803196760511E-02
 3.0468750000000000E+00    -1.3356248692791073E-01
 3.0781250000000000E+00    -2.0874159634367856E-01
 3.1093750000000000E+00    -2.9428163414676745E-01
 3.1406250000000000E+00    -3.9116140208793654E-01
 3.1718750000000000E+00    -5.0035423872244289E-01
 3.2031250000000000E+00    -6.2277397402058066E-01
 3.2343750000000000E+00    -7.5919522482666901E-01
 3.2656250000000000E+00    -9.1014120557157807E-01
 3.2968750000000000E+00    -1.0757330806687746E+00
 3.3281250000000000E+00    -1.2554981127072153E+00
 3.3593750000000000E+00    -1.4481407505981463E+00
 3.3906250000000000E+00    -1.6512924250154921E+00
 3.4218750000000000E+00    -1.8612721942277055E+00
 3.4531250000000000E+00    -2.0729093713547821E+00
 3.4843750000000000E+00    -2.2794957534004290E+00
 3.5156250000000000E+00    -2.4729413795725232E+00
 3.5468750000000000E+00    -2.6441957471072661E+00
 3.5781250000000000E+00    -2.7839606045069489E+00
 3.6093750000000000E+00    -2.8836602171133978E+00
 3.6406250000000000E+00    -2.9365560974673164E+00
 3.6718750000000000E+00    -2.9388111776315773E+00
 3.7031250000000000E+00    -2.8902540237654288E+00
 3.7343750000000000E+00    -2.7946091640175839E+00
 3.7656250000000000E+00    -2.6590727460484835E+00
 3.7968750000000000E+00    -2.4933005705963271E+00
 3.8281250000000000E+00    -2.3080576895744609E+00
 3.8593750000000000E+00    -2.1138644910497253E+00
 3.8906250000000000E+00    -1.9199277199848659E+00
 3.9218750000000000E+00    -1.7335068725953642E+00
 3.9531250000000000E+00    -1.5597156589454952E+00
 3.9843750000000000E+00    -1.4016562361522156E+00
 4.0156250000000000E+00    -1.2607485011254753E+00
 4.0468750000000000E+00    -1.1371315674958371E+00
 4.0781250000000000E+00    -1.0300523601027538E+00
 4.1093750000000000E+00    -9.3819552680098517E-01
 4.1406250000000000E+00    -8.5993884043216251E-01
 4.1718750000000000E+00    -7.9353666066189565E-01
 4.2031250000000000E+00    -7.3724289216538852E-01
 4.2343750000000000E+00    -6.8938745461652096E-01
 4.2656250000000000E+00    -6.4841942333015146E-01
 4.2968750000000000E+00    -6.1292768368036099E-01
 4.3281250000000000E+00    -5.8164732461747704E-01
 4.3593750000000000E+00    -5.5345764419527632E-01
 4.3906250000000000E+00    -5.2737575884462595E-01
 4.4218750000000000E+00    -5.0254841155759900E-01
 4.4531250000000000E+00    -4.7824359042072528E-01
 4.4843750000000000E+00    -4.5384290144274153E-01
 4.5156250000000000E+00    -4.2883519651493074E-01
 4.5468750000000000E+00    -4.0281166298483406E-01
 4.5781250000000000E+00    -3.7545890559393003E-01
 4.6093750000000000E+00    -3.4654811228224958E-01
 4.6406250000000000E+00    -3.1594315257833572E-01
 4.6718750000000000E+00    -2.8360223780193650E-01
 4.7031250000000000E+00    -2.4957705017530152E-01
 4.7343750000000000E+00    -2.1401144795416688E-01
 4.7656250000000000E+00    -1.7713909237529984E-01
 4.7968750000000000E+00    -1.3927928833679526E-01
 4.8281250000000000E+00    -1.0083029293224058E-01
 4.8593750000000000E+00    -6.2259341715168927E-02
 4.8906250000000000E+00    -2.4088713150243551E-02
 4.9218750000000000E+00     1.3122632165922472E-02
 4.9531250000000000E+00     4.8801856345004627E-02
 4.9843750000000000E+00     8.2388794639774582E-02
 5.0156250000000000E+00     1.1336462732974167E-01
 5.0468750000000000E+00     1.4128012968225157E-01
 5.0781250000000000E+00     1.6578036792272632E-01
 5.1093750000000000E+00     1.8662274986877969E-01
 5.1406250000000000E+00     2.0368611955242100E-01
 5.1718750000000000E+00     2.1696994276259518E-01
 5.2031250000000000E+00     2.2658418530957028E-01
 5.2343750000000000E+00     2.3273180829804699E-01
 5.2656250000000000E+00     2.3568658958996608E-01
 5.2968750000000000E+00     2.3576913708631891E-01
 5.3281250000000000E+00     2.3332359204084124E-01
 5.3593750000000000E+00     2.2869684127369508E-01
 5.3906250000000000E+00     2.2222128799514629E-01
 5.4218750000000000E+00     2.1420153943737016E-01
 5.4531250000000000E+00     2.0490484610980234E-01
 5.4843750000000000E+00     1.9455479505366757E-01
 5.5156250000000000E+00     1.8332759645777250E-01
 5.5468750000000000E+00     1.7135026745574430E-01
 5.5781250000000000E+00     1.5870006394966674E-01
 5.6093750000000000E+00     1.4540460287801488E-01
 5.6406250000000000E+00     1.3144222597627969E-01
 5.6718750000000000E+00     1.1674226467513384E-01
 5.7031250000000000E+00     1.0118496573989370E-01
 5.7343750000000000E+00     8.4600926159190154E-02
 5.7656250000000000E+00     6.6769965401576037E-02
 5.7968750000000000E+00     4.7419437995113542E-02
 5.8281250000000000E+00     2.6222065893100617E-02
 5.8593750000000000E+00     2.7934562969210959E-03
 5.8906250000000000E+00    -2.3310423850616262E-02
 5.9218750000000000E+00    -5.2595409177489130E-02
 5.9531250000000000E+00    -8.5630344938556618E-02
 5.9843750000000000E+00    -1.2304651558880011E-01
 6.0156250000000000E+00    -1.6553414830963795E-01
 6.0468750000000000E+00    -2.1383443906018462E-01
 6.0781250000000000E+00    -2.6872504031323563E-01
 6.1093750000000000E+00    -3.3099634798762007E-01
 6.1406250000000000E+00    -4.0141527158576412E-01
 6.1718750000000000E+00    -4.8067257071743530E-01
 6.2031250000000000E+00    -5.6930950411303460E-01
 6.2343750000000000E+00    -6.6761983837721806E-01
 6.2656250000000000E+00    -7.7552479915513206E-01
 6.2968750000000000E+00    -8.9242215786388934E-01
 6.3281250000000000E+00    -1.0170173284962221E+00
 6.3593750000000000E+00    -1.1471549188707404E+00
 6.3906250000000000E+00    -1.2796835446976176E+00
 6.4218750000000000E+00    -1.4104026699938961E+00
 6.4531250000000000E+00    -1.5341521186922020E+00
 6.4843750000000000E+00    -1.6451031090368158E+00
 6.5156250000000000E+00    -1.7372828975640942E+00
 6.5468750000000000E+00    -1.8053069583733949E+00
 6.5781250000000000E+00    -1.8452112284588045E+00
 6.6093750000000000E+00    -1.8552013520614121E+00
 6.6406250000000000E+00    -1.8361087486630057E+00
 6.6718750000000000E+00    -1.7913966249908748E+00
 6.7031250000000000E+00    -1.7266856473632428E+00
 6.7343750000000000E+00    -1.6489165571534725E+00
 6.7656250000000000E+00    -1.5653668185758793E+00
 6.7968750000000000E+00    -1.4827495034939111E+00
 6.8281250000000000E+00    -1.4065549655552310E+00
 6.8593750000000000E+00    -1.3407065746748783E+00
 6.8906250000000000E+00    -1.2874862195722558E+00
 6.9218750000000000E+00    -1.2476332003987192E+00
 6.9531250000000000E+00    -1.2205753778032506E+00
 6.9843750000000000E+00    -1.2047094190034504E+00
 7.0156250000000000E+00    -1.1976843802045436E+00
 7.0468750000000000E+00    -1.1966669777949837E+00
 7.0781250000000000E+00    -1.1985820632760567E+00
 7.1093750000000000E+00    -1.2003292098657969E+00
 7.1406250000000000E+00    -1.1989774742442252E+00
 7.1718750000000000E+00    -1.1919376685108238E+00
 7.2031250000000000E+00    -1.1771073318247440E+00
 7.2343750000000000E+00    -1.1529802392841129E+00
 7.2656250000000000E+00    -1.1187113757035498E+00
 7.2968750000000000E+00    -1.0741306055806330E+00
 7.3281250000000000E+00    -1.0197034768922277E+00
 7.3593750000000000E+00    -9.5644439041037244E-01
 7.3906250000000000E+00    -8.8579386312458808E-01
 7.4218750000000000E+00    -8.0947602531464713E-01
 7.4531250000000000E+00    -7.2935374253610186E-01
 7.4843750000000000E+00    -6.4729679063670575E-01
 7.5156250000000000E+00    -5.6507417885968669E-01
 7.5468750000000000E+00    -4.8427633398208314E-01
 7.5781250000000000E+00    -4.0626772612642942E-01
 7.6093750000000000E+00    -3.3216655101642256E-01
 7.6406250000000000E+00    -2.6284568759163263E-01
 7.6718750000000000E+00    -1.9894828099912429E-01
 7.7031250000000000E+00    -1.4091163673219556E-01
 7.7343750000000000E+00    -8.8994224670607108E-02
 7.7656250000000000E+00    -4.3302075044796128E-02
 7.7968750000000000E+00    -3.8123791281345640E-03
 7.8281250000000000E+00     2.9606537933953854E-02
 7.8593750000000000E+00     5.7178662502648477E-02
 7.8906250000000000E+00     7.9206283298039179E-02
 7.9218750000000000E+00     9.6057381193084795E-02
 7.9531250000000000E+00     1.0815334546502073E-01
 7.9843750000000000E+00     1.1595627707536663E-01
 8.0156250000000000E+00     1.1995560778543349E-01
 8.0468750000000000E+00     1.2065423331113370E-01
 8.0781250000000000E+00     1.1855471663470954E-01
 8.1093750000000000E+00     1.1414629851846558E-01
 8.1406250000000000E+00     1.0789344723947458E-01
 8.1718750000000000E+00     1.0022652666974115E-01
 8.2031250000000000E+00     9.1534924651448385E-02
 8.2343750000000000E+00     8.2162727880580363E-02
 8.2656250000000000E+00     7.2406806226648482E-02
 8.2968750000000000E+00     6.2517007677822520E-02
 8.3281250000000000E+00     5.2698073159588632E-02
 8.3593750000000000E+00     4.3112851514884934E-02
 8.3906250000000000E+00     3.3886414043737489E-02
 8.4218750000000000E+00     2.5110718052904525E-02
 8.4531250000000000E+00     1.6849534358246685E-02
 8.4843750000000000E+00     9.1434226129012627E-03
 8.5156250000000000E+00     2.0146026135148833E-03
 8.5468750000000000E+00    -4.5283752575898065E-03
 8.5781250000000000E+00    -1.0486213521796073E-02
 8.6093750000000000E+00    -1.5864725684862364E-02
 8.6406250000000000E+00    -2.0670967566937159E-02
 8.6718750000000000E+00    -2.4909627412455348E-02
 8.7031250000000000E+00    -2.8579654324046348E-02
 8.7343750000000000E+00    -3.1671104003255054E-02
 8.7656250000000000E+00    -3.4162184076687321E-02
 8.7968750000000000E+00    -3.6016487104588449E-02
 8.8281250000000000E+00    -3.7180406664118072E-02
 8.8593750000000000E+00    -3.7580739986876513E-02
 8.8906250000000000E+00    -3.7122489233725117E-02
 8.9218750000000000E+00    -3.5686882822320409E-02
 8.9531250000000000E+00    -3.3129648998756631E-02
 8.9843750000000000E+00    -2.9279587281588700E-02
 9.0156250000000000E+00    -2.3937501137369328E-02
 9.0468750000000000E+00    -1.6875579159324187E-02
 9.0781250000000000E+00    -7.8373440289232418E-03
 9.1093750000000000E+00     3.4627067781362194E-03
 9.1406250000000000E+00     1.7352571466031717E-02
 9.1718750000000000E+00     3.4197150571704901E-02
 9.2031250000000000E+00     5.4383112062423536E-02
 9.2343750000000000E+00     7.8314065804644006E-02
 9.2656250000000000E+00     1.0640345999188223E-01
 9.2968750000000000E+00     1.3906435026237898E-01
 9.3281250000000000E+00     1.7669545232611900E-01
 9.3593750000000000E+00     2.1966282890915043E-01
 9.3906250000000000E+00     2.6827656040062781E-01
 9.4218750000000000E+00     3.2276183737132375E-01
 9.4531250000000000E+00     3.8322413843599323E-01
 9.4843750000000000E+00     4.4960858069542398E-01
 9.5156250000000000E+00     5.2165422687644381E-01
 9.5468750000000000E+00     5.9884517982108543E-01
 9.5781250000000000E+00     6.8036174533985494E-01
 9.6093750000000000E+00     7.6503678741736381E-01
 9.6406250000000000E+00     8.5132449478356231E-01
 9.6718750000000000E+00     9.3729077835831465E-01
 9.7031250000000000E+00     1.0206358102540165E+00
 9.7343750000000000E+00     1.0987589197648608E+00
 9.7656250000000000E+00     1.1688731887813375E+00
 9.7968750000000000E+00     1.2281708849260116E+00
 9.8281250000000000E+00     1.2740313573526874E+00
 9.8593750000000000E+00     1.3042515401534354E+00
 9.8906250000000000E+00     1.3172686237772158E+00
 9.9218750000000000E+00     1.3123386075424865E+00
 9.9531250000000000E+00     1.2896367589778799E+00
 9.9843750000000000E+00     1.2502576815952078E+00
 1.0015625000000000E+01     1.1961115091042405E+00
 1.0046875000000000E+01     1.1297334037609070E+00
 1.0078125000000000E+01     1.0540397109329991E+00
 1.0109375000000000E+01     9.7207117729657566E-01
 1.0140625000000000E+01     8.8676049853999439E-01
 1.0171875000000000E+01     8.0075061588291574E-01
 1.0203125000000000E+01     7.1627608948159216E-01
 1.0234375000000000E+01     6.3510687839122226E-01
 1.0265625000000000E+01     5.5854470523914934E-01
 1.0296875000000000E+01     4.8745767561767928E-01
 1.0328125000000000E+01     4.2233827161539278E-01
 1.0359375000000000E+01     3.6337186875352567E-01
 1.0390625000000000E+01     3.1050613788978193E-01
 1.0421875000000000E+01     2.6351503832637679E-01
 1.0453125000000000E+01     2.2205397566378271E-01
 1.0484375000000000E+01     1.8570484669572221E-01
 1.0515625000000000E+01     1.5401112279522045E-01
 1.0546875000000000E+01     1.2650395297977418E-01
 1.0578125000000000E+01     1.0272065604868084E-01
 1.0609375000000000E+01     8.2217066284136719E-02
 1.0640625000000000E+01     6.4575118042480895E-02
 1.0671875000000000E+01     4.9406886543164150E-02
 1.0703125000000000E+01     3.6356101375927839E-02
 1.0734375000000000E+01     2.5097949258159304E-02
 1.0765625000000000E+01     1.5337801162119989E-02
 1.0796875000000000E+01     6.8093436460132661E-03
 1.0828125000000000E+01    -7.2753354085647174E-04
 1.0859375000000000E+01    -7.4888436841547106E-03
 1.0890625000000000E+01    -1.3668433342959389E-02
 1.0921875000000000E+01    -1.9439628699659650E-02
 1.0953125000000000E+01    -2.4956537684518311E-02
 1.0984375000000000E+01    -3.0354984106665463E-02
 1.1015625000000000E+01    -3.5753078383869513E-02
 1.1046875000000000E+01    -4.1251451812590961E-02
 1.1078125000000000E+01    -4.6933199285970478E-02
 1.1109375000000000E+01    -5.2863590057951680E-02
 1.1140625000000000E+01    -5.9089618208764814E-02
 1.1171875000000000E+01    -6.5639474127626704E-02
 1.1203125000000000E+01    -7.2522025479531363E-02
 1.1234375000000000E+01    -7.9726400383664797E-02
 1.1265625000000000E+01    -8.7221766331398956E-02
 1.1296875000000000E+01    -9.4957395066059547E-02
 1.1328125000000000E+01    -1.0286309564593080E-01
 1.1359375000000000E+01    -1.1085008482882364E-01
 1.1390625000000000E+01    -1.1881364682967997E-01
 1.1421875000000000E+01    -1.2664162915334035E-01
 1.1453125000000000E+01    -1.3421228614015793E-01
 1.1484375000000000E+01    -1.4139479117076625E-01
 1.1515625000000000E+01    -1.4805285121302608E-01
 1.1546875000000000E+01    -1.5404833538652130E-01
 1.1578125000000000E+01    -1.5924486811495847E-01
 1.1609375000000000E+01    -1.6351130466505626E-01
 1.1640625000000000E+01    -1.6672499069898369E-01
 1.1671875000000000E+01    -1.6877470847586074E-01
 1.1703125000000000E+01    -1.6956322678627717E-01
 1.1734375000000000E+01    -1.6900939590670777E-01
 1.1765625000000000E+01    -1.6704975889254320E-01
 1.1796875000000000E+01    -1.6363968236659343E-01
 1.1828125000000000E+01    -1.5875403983321162E-01
 1.1859375000000000E+01    -1.5238750532254275E-01
 1.1890625000000000E+01    -1.4455453266188970E-01
 1.1921875000000000E+01    -1.3528910480973816E-01
 1.1953125000000000E+01    -1.2464433848987858E-01
 1.1984375000000000E+01    -1.1269202277095999E-01
 1.2015625000000000E+01    -9.9522157840776046E-02
 1.2046875000000000E+01    -8.5242543956603870E-02
 1.2078125000000000E+01    -6.9978452397541774E-02
 1.2109375000000000E+01    -5.3872392010228184E-02
 1.2140625000000000E+01    -3.7083968124998035E-02
 1.2171875000000000E+01    -1.9789816352534916E-02
 1.2203125000000000E+01    -2.1835828168595894E-03
 1.2234375000000000E+01     1.5524084801230523E-02
 1.2265625000000000E+01     3.3105574232546925E-02
 1.2296875000000000E+01     5.0316411611147645E-02
 1.2328125000000000E+01     6.6895463827887691E-02
 1.2359375000000000E+01     8.2565265394727028E-02
 1.2390625000000000E+01     9.7032483873922770E-02
 1.2421875000000000E+01     1.0998852494063532E-01
 1.2453125000000000E+01     1.2111026484316659E-01
 1.2484375000000000E+01     1.3006088670665236E-01
 1.2515625000000000E+01     1.3649079096059696E-01
 1.2546875000000000E+01     1.4003855321645475E-01
 1.2578125000000000E+01     1.4033191997516212E-01
 1.2609375000000000E+01     1.3698886870589819E-01
 1.2640625000000000E+01     1.2961881876912967E-01
 1.2671875000000000E+01     1.1782416651461933E-01
 1.2703125000000000E+01     1.0120243210256108E-01
 1.2734375000000000E+01     7.9349443795432531E-02
 1.2765625000000000E+01     5.1864139917042758E-02
 1.2796875000000000E+01     1.8355727650000962E-02
 1.2828125000000000E+01    -2.1545913107569127E-02
 1.2859375000000000E+01    -6.8175569148558823E-02
 1.2890625000000000E+01    -1.2181268382846790E-01
 1.2921875000000000E+01    -1.8265488696977306E-01
 1.2953125000000000E+01    -2.5078403444865233E-01
 1.2984375000000000E+01    -3.2612396609334238E-01
 1.3015625000000000E+01    -4.0838969201643921E-01
 1.3046875000000000E+01    -4.9702863627824062E-01
 1.3078125000000000E+01    -5.9115609784281309E-01
 1.3109375000000000E+01    -6.8948942040241357E-01
 1.3140625000000000E+01    -7.9028857709431666E-01
 1.3171875000000000E+01    -8.9131478998745139E-01
 1.3203125000000000E+01    -9.8982276480562359E-01
 1.3234375000000000E+01    -1.0826048277895102E+00
 1.3265625000000000E+01    -1.1661047465908234E+00
 1.3296875000000000E+01    -1.2366130632047405E+00
 1.3328125000000000E+01    -1.2905427852342597E+00
 1.3359375000000000E+01    -1.3247647692519016E+00
 1.3390625000000000E+01    -1.3369599571202346E+00
 1.3421875000000000E+01    -1.3259281083804335E+00
 1.3453125000000000E+01    -1.2917884051250812E+00
 1.3484375000000000E+01    -1.2360219551119129E+00
 1.3515625000000000E+01    -1.1613383523374596E+00
 1.3546875000000000E+01    -1.0713885177740923E+00
 1.3578125000000000E+01    -9.7038011038321426E-01
 1.3609375000000000E+01    -8.6266832272884897E-01
 1.3640625000000000E+01    -7.5239016021420091E-01
 1.3671875000000000E+01    -6.4318908554028309E-01
 1.3703125000000000E+01    -5.3804926923337471E-01
 1.3734375000000000E+01    -4.3923458714470798E-01
 1.3765625000000000E+01    -3.4831112259003039E-01
 1.3796875000000000E+01    -2.6622734145006188E-01
 1.3828125000000000E+01    -1.9342528328029468E-01
 1.3859375000000000E+01    -1.2996098260318670E-01
 1.3890625000000000E+01    -7.5619032453614579E-02
 1.3921875000000000E+01    -3.0012474138222507E-02
 1.3953125000000000E+01     7.3358691105259426E-03
 1.3984375000000000E+01     3.6931109757980508E-02
 1.4015625000000000E+01     5.9261539146451825E-02
 1.4046875000000000E+01     7.4768886358943215E-02
 1.4078125000000000E+01     8.3830798876510224E-02
 1.4109375000000000E+01     8.6752888626525554E-02
 1.4140625000000000E+01     8.3768042884521776E-02
 1.4171875000000000E+01     7.5041139729289691E-02
 1.4203125000000000E+01     6.0677752255003596E-02
 1.4234375000000000E+01     4.0735832125935442E-02
 1.4265625000000000E+01     1.5239712749597657E-02
 1.4296875000000000E+01    -1.5803940144238152E-02
 1.4328125000000000E+01    -5.2388377737323438E-02
 1.4359375000000000E+01    -9.4487202871063783E-02
 1.4390625000000000E+01    -1.4203288374821085E-01
 1.4421875000000000E+01    -1.9489323059525832E-01
 1.4453125000000000E+01    -2.5284581567760506E-01
 1.4484375000000000E+01    -3.1555055127832643E-01
 1.4515625000000000E+01    -3.8252104965394595E-01
 1.4546875000000000E+01    -4.5309600730811650E-01
 1.4578125000000000E+01    -5.2641269699816884E-01
 1.4609375000000000E+01    -6.0138568350695332E-01
 1.4640625000000000E+01    -6.7669499461193350E-01
 1.4671875000000000E+01    -7.5078895761344699E-01
 1.4703125000000000E+01    -8.2190740690984243E-01
 1.4734375000000000E+01    -8.8813052702176742E-01
 1.4765625000000000E+01    -9.4745675315577149E-01
 1.4796875000000000E+01    -9.9790960826006025E-01
 1.4828125000000000E+01    -1.0376682177467642E+00
 1.4859375000000000E+01    -1.0652102390491238E+00
 1.4890625000000000E+01    -1.0794504715963478E+00
 1.4921875000000000E+01    -1.0798552801145784E+00
 1.4953125000000000E+01    -1.0665137836677339E+00
 1.4984375000000000E+01    -1.0401521984429829E+00
 1.5015625000000000E+01    -1.0020869517510955E+00
 1.5046875000000000E+01    -9.5412295525337265E-01
 1.5078125000000000E+01    -8.9841280026282444E-01
 1.5109375000000000E+01    -8.3729812196821107E-01
 1.5140625000000000E+01    -7.7315485473504697E-01
 1.5171875000000000E+01    -7.0826010833751241E-01
 1.5203125000000000E+01    -6.4469169408410121E-01
 1.5234375000000000E+01    -5.8426405811578541E-01
 1.5265625000000000E+01    -5.2849827464872146E-01
 1.5296875000000000E+01    -4.7861974281023700E-01
 1.5328125000000000E+01    -4.3557543665249454E-01
 1.5359375000000000E+01    -4.0006255166572524E-01
 1.5390625000000000E+01    -3.7256152344172050E-01
 1.5421875000000000E+01    -3.5336804590808796E-01
 1.5453125000000000E+01    -3.4262043115077490E-01
 1.5484375000000000E+01    -3.4032016638361778E-01
 1.5515625000000000E+01    -3.4634473481406730E-01
 1.5546875000000000E+01    -3.6045268527581859E-01
 1.5578125000000000E+01    -3.8228163036388985E-01
 1.5609375000000000E+01    -4.1134041624674311E-01
 1.5640625000000000E+01    -4.4699722644464490E-01
 1.5671875000000000E+01    -4.8846591999260447E-01
 1.5703125000000000E+01    -5.3479348535834592E-01
 1.5734375000000000E+01    -5.8485208436066372E-01
 1.5765625000000000E+01    -6.3733966595912683E-01
 1.5796875000000000E+01    -6.9079337435070154E-01
 1.5828125000000000E+01    -7.4361972211899030E-01
 1.5859375000000000E+01    -7.9414448825115458E-01
 1.5890625000000000E+01    -8.4068333284521946E-01
 1.5921875000000000E+01    -8.8163115338170284E-01
 1.5953125000000000E+01    -9.1556398873596967E-01
 1.5984375000000000E+01    -9.4134454024890502E-01
 1.6015625000000000E+01    -9.5821877194036298E-01
 1.6046875000000000E+01    -9.6588929999825146E-01
 1.6078125000000000E+01    -9.6455527854959744E-01
 1.6109375000000000E+01    -9.5491143714355586E-01
 1.6140625000000000E+01    -9.3810496747859240E-01
 1.6171875000000000E+01    -9.1565559180023448E-01
 1.6203125000000000E+01    -8.8934964582563492E-01
 1.6234375000000000E+01    -8.6112208445627592E-01
 1.6265625000000000E+01    -8.3294043739881740E-01
 1.6296875000000000E+01    -8.0670223414893261E-01
 1.6328125000000000E+01    -7.8415324507864748E-01
 1.6359375000000000E+01    -7.6682922858571723E-01
 1.6390625000000000E+01    -7.5601974393447580E-01
 1.6421875000000000E+01    -7.5274960080071085E-01
 1.6453125000000000E+01    -7.5777186216194126E-01
 1.6484375000000000E+01    -7.7156588066017773E-01
 1.6515625000000000E+01    -7.9433437181793987E-01
 1.6546875000000000E+01    -8.2599475920708265E-01
 1.6578125000000000E+01    -8.6616181393601865E-01
 1.6609375000000000E+01    -9.1412092367586617E-01
 1.6640625000000000E+01    -9.6879421793246934E-01
 1.6671875000000000E+01    -1.0287052816361340E+00
 1.6703125000000000E+01    -1.0919521687803431E+00
 1.6734375000000000E+01    -1.1562023735403475E+00
 1.6765625000000000E+01    -1.2187262794892033E+00
 1.6796875000000000E+01    -1.2764857718120064E+00
 1.6828125000000000E+01    -1.3262902709041817E+00
 1.6859375000000000E+01    -1.3650220192922022E+00
 1.6890625000000000E+01    -1.3899162627964001E+00
 1.6921875000000000E+01    -1.3988629870190632E+00
 1.6953125000000000E+01    -1.3906809728796432E+00
 1.6984375000000000E+01    -1.3653092742129440E+00
 1.7015625000000000E+01    -1.3238709222449547E+00
 1.7046875000000000E+01    -1.2685883631575805E+00
 1.7078125000000000E+01    -1.2025628081904842E+00
 1.7109375000000000E+01    -1.1294592134936383E+00
 1.7140625000000000E+01    -1.0531550717096432E+00
 1.7171875000000000E+01    -9.7741050242950445E-01
 1.7203125000000000E+01    -9.0560225902686309E-01
 1.7234375000000000E+01    -8.4054272579901168E-01
 1.7265625000000000E+01    -7.8438462109757068E-01
 1.7296875000000000E+01    -7.3859803430562720E-01
 1.7328125000000000E+01    -7.0400003814684953E-01
 1.7359375000000000E+01    -6.8081714011409022E-01
 1.7390625000000000E+01    -6.6876481076105487E-01
 1.7421875000000000E+01    -6.6713387786970346E-01
 1.7453125000000000E+01    -6.7487900878735441E-01
 1.7484375000000000E+01    -6.9070886175712276E-01
 1.7515625000000000E+01    -7.1318034440624245E-01
 1.7546875000000000E+01    -7.4080062833463933E-01
 1.7578125000000000E+01    -7.7214010216402407E-01
 1.7609375000000000E+01    -8.0595733809247105E-01
 1.7640625000000000E+01    -8.4133355576045865E-01
 1.7671875000000000E+01    -8.7780936675314969E-01
 1.7703125000000000E+01    -9.1551143043599947E-01
 1.7734375000000000E+01    -9.5525193739138847E-01
 1.7765625000000000E+01    -9.9858047670258365E-01
 1.7796875000000000E+01    -1.0477664539731069E+00
 1.7828125000000000E+01    -1.1056908315266798E+00
 1.7859375000000000E+01    -1.1756279657229753E+00
 1.7890625000000000E+01    -1.2609009791472219E+00
 1.7921875000000000E+01    -1.3643976307446730E+00
 1.7953125000000000E+01    -1.4879407775267925E+00
 1.7984375000000000E+01    -1.6315251733284699E+00
 1.8015625000000000E+01    -1.7924720744654812E+00
 1.8046875000000000E+01    -1.9646277950501632E+00
 1.8078125000000000E+01    -2.1378448961330854E+00
 1.8109375000000000E+01    -2.2981058729003010E+00
 1.8140625000000000E+01    -2.4286927221988148E+00
 1.8171875000000000E+01    -2.5126344429256942E+00
 1.8203125000000000E+01    -2.5361801756888789E+00
 1.8234375000000000E+01    -2.4923622463494701E+00
 1.8265625000000000E+01    -2.3832726744463355E+00
 1.8296875000000000E+01    -2.2199339855750031E+00
 1.8328125000000000E+01    -2.0196816041831962E+00
 1.8359375000000000E+01    -1.8021421138749403E+00
 1.8390625000000000E+01    -1.5853726718331491E+00
 1.8421875000000000E+01    -1.3833148510462867E+00
 1.8453125000000000E+01    -1.2048770449679220E+00
 1.8484375000000000E+01    -1.0542919524704810E+00
 1.8515625000000000E+01    -9.3215234090756161E-01
 1.8546875000000000E+01    -8.3661252131048169E-01
 1.8578125000000000E+01    -7.6444921581859893E-01
 1.8609375000000000E+01    -7.1186122478784564E-01
 1.8640625000000000E+01    -6.7500330711366530E-01
 1.8671875000000000E+01    -6.5030242169635766E-01
 1.8703125000000000E+01    -6.3461727320266736E-01
 1.8734375000000000E+01    -6.2529559175334248E-01
 1.8765625000000000E+01    -6.2017066666167286E-01
 1.8796875000000000E+01    -6.1752576819906957E-01
 1.8828125000000000E+01    -6.1604466262764335E-01
 1.8859375000000000E+01    -6.1475888661200839E-01
 1.8890625000000000E+01    -6.1299741436816724E-01
 1.8921875000000000E+01    -6.1034122170940175E-01
 1.8953125000000000E+01    -6.0658345535074099E-01
 1.8984375000000000E+01    -6.0169499669318938E-01
 1.9015625000000000E+01    -5.9579483032821579E-01
 1.9046875000000000E+01    -5.8912455355231608E-01
 1.9078125000000000E+01    -5.8202643695878620E-01
 1.9109375000000000E+01    -5.7492456741265652E-01
 1.9140625000000000E+01    -5.6830871384593018E-01
 1.9171875000000000E+01    -5.6272062199516837E-01
 1.9203125000000000E+01    -5.5874245383535093E-01
 1.9234375000000000E+01    -5.5698703987579679E-01
 1.9265625000000000E+01    -5.5808951241833960E-01
 1.9296875000000000E+01    -5.6269974210974061E-01
 1.9328125000000000E+01    -5.7147481522135124E-01
 1.9359375000000000E+01    -5.8507057100945248E-01
 1.9390625000000000E+01    -6.0413097421462314E-01
 1.9421875000000000E+01    -6.2927383930632175E-01
 1.9453125000000000E+01    -6.6107117464798770E-01
 1.9484375000000000E+01    -7.0002222311282947E-01
 1.9515625000000000E+01    -7.4651722404221887E-01
 1.9546875000000000E+01    -8.0079014533305271E-01
 1.9578125000000000E+01    -8.6285933468007536E-01
 1.9609375000000000E+01    -9.3245648114101543E-01
 1.9640625000000000E+01    -1.0089467588829792E+00
 1.9671875000000000E+01    -1.0912467763722404E+00
 1.9703125000000000E+01    -1.1777519556270133E+00
 1.9734375000000000E+01    -1.2662906535165259E+00
 1.9765625000000000E+01    -1.3541272713110830E+00
 1.9796875000000000E+01    -1.4380382824418985E+00
 1.9828125000000000E+01    -1.5144802969578941E+00
 1.9859375000000000E+01    -1.5798551666780458E+00
 1.9890625000000000E+01    -1.6308534581604561E+00
 1.9921875000000000E+01    -1.6648289243532668E+00
 1.9953125000000000E+01    -1.6801328382192653E+00
 1.9984375000000000E+01    -1.6763306089631782E+00
 2.0015625000000000E+01    -1.6542423056824687E+00
 2.0046875000000000E+01    -1.6157911439717647E+00
 2.0078125000000000E+01    -1.5636950522559196E+00
 2.0109375000000000E+01    -1.5010758824920689E+00
 2.0140625000000000E+01    -1.4310737376222429E+00
 2.0171875000000000E+01    -1.3565383891810343E+00
 2.0203125000000000E+01    -1.2798363802323549E+00
 2.0234375000000000E+01    -1.2027765805741648E+00
 2.0265625000000000E+01    -1.1266307765360557E+00
 2.0296875000000000E+01    -1.0522140524017973E+00
 2.0328125000000000E+01    -9.7999042974768558E-01
 2.0359375000000000E+01    -9.1017742983615524E-01
 2.0390625000000000E+01    -8.4283378975122769E-01
 2.0421875000000000E+01    -7.7792398069422231E-01
 2.0453125000000000E+01    -7.1535983254663504E-01
 2.0484375000000000E+01    -6.5502657404581621E-01
 2.0515625000000000E+01    -5.9680389590969973E-01
 2.0546875000000000E+01    -5.4055616837435938E-01
 2.0578125000000000E+01    -4.8612505466245431E-01
 2.0609375000000000E+01    -4.3332517298614281E-01
 2.0640625000000000E+01    -3.8194020164054787E-01
 2.0671875000000000E+01    -3.3172027643330826E-01
 2.0703125000000000E+01    -2.8238089825712875E-01
 2.0734375000000000E+01    -2.3360319478130584E-01
 2.0765625000000000E+01    -1.8503520650642727E-01
 2.0796875000000000E+01    -1.3629383203058407E-01
 2.0828125000000000E+01    -8.6967117577094522E-02
 2.0859375000000000E+01    -3.6616672843106442E-02
 2.0890625000000000E+01     1.5219885584055425E-02
 2.0921875000000000E+01     6.9026433187462155E-02
 2.0953125000000000E+01     1.2530561363853121E-01
 2.0984375000000000E+01     1.8457558198738644E-01
 2.1015625000000000E+01     2.4736574261618616E-01
 2.1046875000000000E+01     3.1421082009322909E-01
 2.1078125000000000E+01     3.8564237402880408E-01
 2.1109375000000000E+01     4.6217659702269698E-01
 2.1140625000000000E+01     5.4429691751774623E-01
 2.1171875000000000E+01     6.3242958117356851E-01
 2.1203125000000000E+01     7.2691004604429965E-01
 2.1234375000000000E+01     8.2793778327935919E-01
 2.1265625000000000E+01     9.3551707916629923E-01
 2.1296875000000000E+01     1.0493819345403850E+00
 2.1328125000000000E+01     1.1689045195854126E+00
 2.1359375000000000E+01     1.2929893425062833E+00
 2.1390625000000000E+01     1.4199598418181119E+00
 2.1421875000000000E+01     1.5474508571255610E+00
 2.1453125000000000E+01     1.6723291494377628E+00
 2.1484375000000000E+01     1.7906734484557505E+00
 2.1515625000000000E+01     1.8978522426610605E+00
 2.1546875000000000E+01     1.9887365915659800E+00
 2.1578125000000000E+01     2.0580706357775695E+00
 2.1609375000000000E+01     2.1009903242281061E+00
 2.1640625000000000E+01     2.1136339392072712E+00
 2.1671875000000000E+01     2.0937393068820240E+00
 2.1703125000000000E+01     2.0410938191495869E+00
 2.1734375000000000E+01     1.9577153381706764E+00
 2.1765625000000000E+01     1.8477004489609414E+00
 2.1796875000000000E+01     1.7167635612080645E+00
 2.1828125000000000E+01     1.5715711065063551E+00
 2.1859375000000000E+01     1.4190168971812562E+00
 2.1890625000000000E+01     1.2655757384637414E+00
 2.1921875000000000E+01     1.1168253907117287E+00
 2.1953125000000000E+01     9.7716786303468706E-01
 2.1984375000000000E+01     8.4973284245914149E-01
 2.2015625000000000E+01     7.3641971427511077E-01
 2.2046875000000000E+01     6.3802900614443336E-01
 2.2078125000000000E+01     5.5444163682206316E-01
 2.2109375000000000E+01     4.8481674159254751E-01
 2.2140625000000000E+01     4.2779018248574896E-01
 2.2171875000000000E+01     3.8166342231298245E-01
 2.2203125000000000E+01     3.4457610401244171E-01
 2.2234375000000000E+01     3.1465677206092496E-01
 2.2265625000000000E+01     2.9014647312583164E-01
 2.2296875000000000E+01     2.6949087594389948E-01
 2.2328125000000000E+01     2.5139864349657098E-01
 2.2359375000000000E+01     2.3486683235873290E-01
 2.2390625000000000E+01     2.1917732150555513E-01
 2.2421875000000000E+01     2.0387083949643486E-01
 2.2453125000000000E+01     1.8870649357996824E-01
 2.2484375000000000E+01     1.7361466709865131E-01
 2.2515625000000000E+01     1.5864998757616028E-01
 2.2546875000000000E+01     1.4394923931196202E-01
 2.2578125000000000E+01     1.2969709347893926E-01
 2.2609375000000000E+01     1.1610074203827292E-01
 2.2640625000000000E+01     1.0337317071878017E-01
 2.2671875000000000E+01     9.1723954168853053E-02
 2.2703125000000000E+01     8.1356052937455209E-02
 2.2734375000000000E+01     7.2467027811731241E-02
 2.2765625000000000E+01     6.5253239279245021E-02
 2.2796875000000000E+01     5.9915860960834740E-02
 2.2828125000000000E+01     5.6667826546546410E-02
 2.2859375000000000E+01     5.5741100423876783E-02
 2.2890625000000000E+01     5.7393887693383591E-02
 2.2921875000000000E+01     6.1917571715729730E-02
 2.2953125000000000E+01     6.9643289078443860E-02
 2.2984375000000000E+01     8.0948130000203816E-02
 2.3015625000000000E+01     9.6260994641221634E-02
 2.3046875000000000E+01     1.1606814876004219E-01
 2.3078125000000000E+01     1.4091850836780190E-01
 2.3109375000000000E+01     1.7142864028642596E-01
 2.3140625000000000E+01     2.0828738521093776E-01
 2.3171875000000000E+01     2.5225987503079050E-01
 2.3203125000000000E+01     3.0419049878089116E-01
 2.3234375000000000E+01     3.6500402917214436E-01
 2.3265625000000000E+01     4.3570359309283552E-01
 2.3296875000000000E+01     5.1736337118994791E-01
 2.3328125000000000E+01     6.1111273629285157E-01
 2.3359375000000000E+01     7.1810686359599685E-01
 2.3390625000000000E+01     8.3947655127674792E-01
 2.3421875000000000E+01     9.7624703644401900E-01
 2.3453125000000000E+01     1.1292121494546079E+00
 2.3484375000000000E+01     1.2987468704045901E+00
 2.3515625000000000E+01     1.4845398105336858E+00
 2.3546875000000000E+01     1.6852304663301338E+00
 2.3578125000000000E+01     1.8979495782787770E+00
 2.3609375000000000E+01     2.1177919410965411E+00
 2.3640625000000000E+01     2.3373066876340456E+00
 2.3671875000000000E+01     2.5461704004063019E+00
 2.3703125000000000E+01     2.7312934370515034E+00
 2.3734375000000000E+01     2.8776457844215337E+00
 2.3765625000000000E+01     2.9699910926470334E+00
 2.3796875000000000E+01     2.9954195442055438E+00
 2.3828125000000000E+01     2.9461204500673821E+00
 2.3859375000000000E+01     2.8214680922900390E+00
 2.3890625000000000E+01     2.6285320569265385E+00
 2.3921875000000000E+01     2.3806910412787214E+00
 2.3953125000000000E+01     2.0948412830659313E+00
 2.3984375000000000E+01     1.7882275145277635E+00
 2.4015625000000000E+01     1.4754829875836981E+00
 2.4046875000000000E+01     1.1681723639952315E+00
 2.4078125000000000E+01     8.7903710592503004E-01
 2.4109375000000000E+01     6.1640168114935090E-01
 2.4140625000000000E+01     3.8438217550615150E-01
 2.4171875000000000E+01     1.8409034886315867E-01
 2.4203125000000000E+01     1.4781032426381104E-02
 2.4234375000000000E+01    -1.2524928551013315E-01
 2.4265625000000000E+01    -2.3805394303030969E-01
 2.4296875000000000E+01    -3.2568452333802611E-01
 2.4328125000000000E+01    -3.9003842905293312E-01
 2.4359375000000000E+01    -4.3284653094240860E-01
 2.4390625000000000E+01    -4.5574785717688060E-01
 2.4421875000000000E+01    -4.6040519959086856E-01
 2.4453125000000000E+01    -4.4862248651321646E-01
 2.4484375000000000E+01    -4.2243314989546038E-01
 2.4515625000000000E+01    -3.8413952498896575E-01
 2.4546875000000000E+01    -3.3629604497031440E-01
 2.4578125000000000E+01    -2.8164156086585374E-01
 2.4609375000000000E+01    -2.2299586477040512E-01
 2.4640625000000000E+01    -1.6314046145489816E-01
 2.4671875000000000E+01    -1.0470345716965951E-01
 2.4703125000000000E+01    -5.0064385419027871E-02
 2.4734375000000000E+01    -1.2890381785682263E-03
 2.4765625000000000E+01     3.9901017000322454E-02
 2.4796875000000000E+01     7.2123355875046508E-02
 2.4828125000000000E+01     9.4295216199602336E-02
 2.4859375000000000E+01     1.0556167033241755E-01
 2.4890625000000000E+01     1.0519415726890972E-01
 2.4921875000000000E+01     9.2463271499060390E-02
 2.4953125000000000E+01     6.6491839663572500E-02
 2.4984375000000000E+01     2.6097387631390211E-02
