# n_row: 16
# col                       real                       imag
    0     6.9058902014141384E-03     3.7587918545423657E-03
    1    -1.0820968061565099E-03    -5.8511500265304834E-04
    2    -1.8170726397657107E-06    -1.0675242157749352E-05
    3    -1.4205560324808306E-04     7.6841260265238619E-05
    4    -8.6464445364900402E-04    -1.8519351762192006E-03
    5     9.8367062293206408E-04     5.5228942858642814E-04
    6    -8.9400273193202440E-04    -4.1902610531805050E-03
    7    -5.8560701020238637E-01     3.9812118954840836E-01
    8    -3.9681215721745677E-01    -5.8388946199409508E-01
    9    -9.3341410564964683E-04    -4.8583218164551861E-03
   10    -5.5462554643342422E-04     9.9218964687469149E-04
   11     1.0631934854813186E-03    -2.2925479310851289E-03
   12    -5.8984592768759509E-05    -1.2379462867125843E-04
   13    -5.9095729939770643E-06    -1.2800021183099636E-05
   14     5.9651762348139072E-04    -1.0787360299312843E-03
   15     7.0668226667464371E-03     2.5215228031921703E-03
