#                  time                       real
 2.5018749999999999E-02     1.6169376541916115E-02
 7.5056249999999991E-02     4.7715595844565015E-02
 1.2509375000000000E-01     7.8204946799251968E-02
 1.7513124999999999E-01     1.0764084476828906E-01
 2.2516875000000000E-01     1.3602504219177072E-01
 2.7520624999999999E-01     1.6335178606931117E-01
 3.2524374999999994E-01     1.8960350002471976E-01
 3.7528124999999996E-01     2.1474876369185358E-01
 4.2531874999999997E-01     2.3874306393524020E-01
 4.7535624999999998E-01     2.6153241803477234E-01
 5.2539374999999999E-01     2.8305956020181788E-01
 5.7543124999999995E-01     3.0327199031963936E-01
 6.2546874999999991E-01     3.2213086191508994E-01
 6.7550624999999997E-01     3.3961948589175850E-01
 7.2554374999999993E-01     3.5575018650122681E-01
 7.7558125000000000E-01     3.7056838545632992E-01
 8.2561874999999996E-01     3.8415310204263980E-01
 8.7565624999999991E-01     3.9661350657332439E-01
 9.2569374999999998E-01     4.0808169179605758E-01
 9.7573124999999994E-01     4.1870235590900812E-01
 1.0257687500000001E+00     4.2858948697701138E-01
 1.0758062500000001E+00     4.3766190694678453E-01
 1.1258437500000000E+00     4.4591936104418883E-01
 1.1758812500000000E+00     4.5338466990945425E-01
 1.2259187499999999E+00     4.6008042607577271E-01
 1.2759562500000001E+00     4.6602884818157797E-01
 1.3259937500000001E+00     4.7125163780251522E-01
 1.3760312500000000E+00     4.7576984181168008E-01
 1.4260687500000000E+00     4.7960372310536825E-01
 1.4761062500000000E+00     4.8277264238192197E-01
 1.5261437500000001E+00     4.8529495343920115E-01
 1.5761812500000001E+00     4.8718791416896806E-01
 1.6262187500000000E+00     4.8846761508352110E-01
 1.6762562500000000E+00     4.8914892682258615E-01
 1.7262937500000000E+00     4.8924546766810018E-01
 1.7763312500000001E+00     4.8876959165386502E-01
 1.8263687500000001E+00     4.8773239740852847E-01
 1.8764062500000001E+00     4.8614375742577443E-01
 1.9264437500000000E+00     4.8401236702722988E-01
 1.9764812500000000E+00     4.8134581188128267E-01
 2.0265187500000001E+00     4.7815065257492295E-01
 2.0765562499999999E+00     4.7443252441375106E-01
 2.1265937500000001E+00     4.7019625035415802E-01
 2.1766312500000002E+00     4.6544596475709704E-01
 2.2266687500000000E+00     4.6018524549777823E-01
 2.2767062500000002E+00     4.5441725187222265E-01
 2.3267437499999999E+00     4.4814486571057310E-01
 2.3767812500000001E+00     4.4137083313616388E-01
 2.4268187499999998E+00     4.3409790449649588E-01
 2.4768562500000000E+00     4.2632897013269877E-01
 2.5268937500000002E+00     4.1806718984208918E-01
 2.5769312499999999E+00     4.0931611411781649E-01
 2.6269687500000001E+00     4.0007979551195560E-01
 2.6770062499999998E+00     3.9036288875637820E-01
 2.7270437500000000E+00     3.8017073857996697E-01
 2.7770812500000002E+00     3.6950945447267336E-01
 2.8271187499999999E+00     3.5838597195813615E-01
 2.8771562500000001E+00     3.4680810023794179E-01
 2.9271937499999998E+00     3.3478455635543225E-01
 2.9772312500000000E+00     3.2232498628711409E-01
 3.0272687500000002E+00     3.0943997359996173E-01
 3.0773062499999999E+00     2.9614103650809742E-01
 3.1273437500000001E+00     2.8244061431837142E-01
 3.1773812499999998E+00     2.6835204436970350E-01
 3.2274187500000000E+00     2.5388953064367387E-01
 3.2774562500000002E+00     2.3906810525462607E-01
 3.3274937499999999E+00     2.2390358401774374E-01
 3.3775312500000001E+00     2.0841251724535817E-01
 3.4275687499999998E+00     1.9261213683956441E-01
 3.4776062500000000E+00     1.7652030063636406E-01
 3.5276437500000002E+00     1.6015543481902933E-01
 3.5776812499999999E+00     1.4353647506118794E-01
 3.6277187500000001E+00     1.2668280688926936E-01
 3.6777562499999998E+00     1.0961420557582267E-01
 3.7277937500000000E+00     9.2350775695503914E-02
 3.7778312500000002E+00     7.4912890300839044E-02
 3.8278687499999999E+00     5.7321129511013806E-02
 3.8779062500000001E+00     3.9596218159788213E-02
 3.9279437499999998E+00     2.1758962024050588E-02
 3.9779812500000000E+00     3.8301820576536263E-03
 4.0280187500000002E+00    -1.4169354008725554E-02
 4.0780562500000004E+00    -3.2219003367315181E-02
 4.1280937499999997E+00    -5.0298323782767766E-02
 4.1781312499999999E+00    -6.8387153780963578E-02
 4.2281687500000000E+00    -8.6465697857818963E-02
 4.2782062500000002E+00    -1.0451461703018067E-01
 4.3282437500000004E+00    -1.2251512484181738E-01
 4.3782812499999997E+00    -1.4044908867884232E-01
 4.4283187499999999E+00    -1.5829913594326400E-01
 4.4783562500000000E+00    -1.7604876428507127E-01
 4.5283937500000002E+00    -1.9368245470911405E-01
 4.5784312500000004E+00    -2.1118578596170301E-01
 4.6284687499999997E+00    -2.2854554817449785E-01
 4.6785062499999999E+00    -2.4574985331339816E-01
 4.7285437500000000E+00    -2.6278823956287062E-01
 4.7785812500000002E+00    -2.7965176638890515E-01
 4.8286187499999995E+00    -2.9633309668471575E-01
 4.8786562499999997E+00    -3.1282656213140114E-01
 4.9286937499999999E+00    -3.2912820772027462E-01
 4.9787312500000001E+00    -3.4523581130222125E-01
 5.0287687500000002E+00    -3.6114887406918927E-01
 5.0788062499999995E+00    -3.7686857804756319E-01
 5.1288437499999997E+00    -3.9239770700443188E-01
 5.1788812499999999E+00    -4.0774052764235846E-01
 5.2289187500000001E+00    -4.2290262859038902E-01
 5.2789562500000002E+00    -4.3789071548764857E-01
 5.3289937499999995E+00    -4.5271236139563287E-01
 5.3790312499999997E+00    -4.6737571285758872E-01
 5.4290687499999999E+00    -4.8188915313409025E-01
 5.4791062500000001E+00    -4.9626092546646600E-01
 5.5291437500000002E+00    -5.1049872063330337E-01
 5.5791812499999995E+00    -5.2460923454507835E-01
 5.6292187499999997E+00    -5.3859770314042688E-01
 5.6792562499999999E+00    -5.5246742337151389E-01
 5.7292937500000001E+00    -5.6621927055801236E-01
 5.7793312500000003E+00    -5.7985122380552589E-01
 5.8293687499999995E+00    -5.9335791247332470E-01
 5.8794062499999997E+00    -6.0673019777886206E-01
 5.9294437499999999E+00    -6.1995480447287676E-01
 5.9794812500000001E+00    -6.3301401803116375E-01
 6.0295187500000003E+00    -6.4588546290010040E-01
 6.0795562499999996E+00    -6.5854197690937577E-01
 6.1295937499999997E+00    -6.7095159593398856E-01
 6.1796312499999999E+00    -6.8307766115763346E-01
 6.2296687500000001E+00    -6.9487905878797740E-01
 6.2797062500000003E+00    -7.0631059875112090E-01
 6.3297437499999996E+00    -7.1732353473716581E-01
 6.3797812499999997E+00    -7.2786622302398585E-01
 6.4298187499999999E+00    -7.3788491187642602E-01
 6.4798562500000001E+00    -7.4732464718497738E-01
 6.5298937500000003E+00    -7.5613027362950791E-01
 6.5799312499999996E+00    -7.6424750436482292E-01
 6.6299687499999997E+00    -7.7162402642459260E-01
 6.6800062499999999E+00    -7.7821060416833199E-01
 6.7300437500000001E+00    -7.8396213960330785E-01
 6.7800812500000003E+00    -7.8883864671871329E-01
 6.8301187499999996E+00    -7.9280609741639663E-01
 6.8801562499999998E+00    -7.9583709943399250E-01
 6.9301937499999999E+00    -7.9791137189433126E-01
 6.9802312500000001E+00    -7.9901599165482895E-01
 7.0302687500000003E+00    -7.9914539315184885E-01
 7.0803062499999996E+00    -7.9830111543054194E-01
 7.1303437499999998E+00    -7.9649130186379868E-01
 7.1803812499999999E+00    -7.9372996993712974E-01
 7.2304187500000001E+00    -7.9003607961983069E-01
 7.2804562500000003E+00    -7.8543243900202742E-01
 7.3304937499999996E+00    -7.7995051738642485E-01
 7.3805312499999998E+00    -7.7364417781314732E-01
 7.4305687499999999E+00    -7.6657193596440210E-01
 7.4806062500000001E+00    -7.5879112202488941E-01
 7.5306437500000003E+00    -7.5035672149993549E-01
 7.5806812499999996E+00    -7.4132034774496991E-01
 7.6307187499999998E+00    -7.3172937853954689E-01
 7.6807562500000000E+00    -7.2162627955230807E-01
 7.7307937500000001E+00    -7.1104812774993331E-01
 7.7808312500000003E+00    -7.0002633830357142E-01
 7.8308687499999996E+00    -6.8858658984017496E-01
 7.8809062499999998E+00    -6.7674893535154812E-01
 7.9309437500000000E+00    -6.6452807995370067E-01
 7.9809812500000001E+00    -6.5193380210262242E-01
 8.0310187499999994E+00    -6.3897149182665514E-01
 8.0810562499999996E+00    -6.2564277794843304E-01
 8.1310937499999998E+00    -6.1194621599604082E-01
 8.1811312499999982E+00    -5.9787800935652713E-01
 8.2311687499999984E+00    -5.8343273800136131E-01
 8.2812062499999985E+00    -5.6860407160464843E-01
 8.3312437499999987E+00    -5.5338544688277069E-01
 8.3812812499999989E+00    -5.3777069232652286E-01
 8.4313187499999991E+00    -5.2175458701195798E-01
 8.4813562499999993E+00    -5.0533334372297301E-01
 8.5313937499999994E+00    -4.8850501007662656E-01
 8.5814312499999996E+00    -4.7126978461011293E-01
 8.6314687499999998E+00    -4.5363024778342209E-01
 8.6815062499999982E+00    -4.3559151050855577E-01
 8.7315437499999984E+00    -4.1716128508627537E-01
 8.7815812499999986E+00    -3.9834988528265192E-01
 8.8316187499999987E+00    -3.7917016369525813E-01
 8.8816562499999989E+00    -3.5963739554188312E-01
 8.9316937499999991E+00    -3.3976911856851921E-01
 8.9817312499999993E+00    -3.1958493894519402E-01
 9.0317687499999995E+00    -2.9910631283697359E-01
 9.0818062499999996E+00    -2.7835631285010037E-01
 9.1318437499999998E+00    -2.5735938781320949E-01
 9.1818812499999982E+00    -2.3614112341737320E-01
 9.2319187499999984E+00    -2.1472801016399173E-01
 9.2819562499999986E+00    -1.9314722391168604E-01
 9.3319937499999988E+00    -1.7142642312542383E-01
 9.3820312499999989E+00    -1.4959356575953314E-01
 9.4320687499999991E+00    -1.2767674759231293E-01
 9.4821062499999993E+00    -1.0570406280689940E-01
 9.5321437499999995E+00    -8.3703486706967326E-02
 9.5821812499999997E+00    -6.1702779684885814E-02
 9.6322187499999981E+00    -3.9729410934992188E-02
 9.6822562499999982E+00    -1.7810499929659558E-02
 9.7322937499999984E+00     4.0272266514918293E-03
 9.7823312499999986E+00     2.5757465035926064E-02
 9.8323687499999988E+00     4.7354354071343835E-02
 9.8824062499999989E+00     6.8792487038071698E-02
 9.9324437499999991E+00     9.0046917910004687E-02
 9.9824812499999993E+00     1.1109316418458612E-01
 1.0032518749999999E+01     1.3190720811451404E-01
 1.0082556250000000E+01     1.5246549784553093E-01
 1.0132593749999998E+01     1.7274494961303927E-01
 1.0182631249999998E+01     1.9272295179124205E-01
 1.0232668749999998E+01     2.1237737123560804E-01
 1.0282706249999999E+01     2.3168656202494359E-01
 1.0332743749999999E+01     2.5062937640224497E-01
 1.0382781249999999E+01     2.6918517744180159E-01
 1.0432818749999999E+01     2.8733385273905065E-01
 1.0482856249999999E+01     3.0505582823340294E-01
 1.0532893749999999E+01     3.2233208113483003E-01
 1.0582931250000000E+01     3.3914415083380806E-01
 1.0632968749999998E+01     3.5547414663085458E-01
 1.0683006249999998E+01     3.7130475112607997E-01
 1.0733043749999998E+01     3.8661921815873668E-01
 1.0783081249999999E+01     4.0140136428024037E-01
 1.0833118749999999E+01     4.1563555287816167E-01
 1.0883156249999999E+01     4.2930667024029479E-01
 1.0933193749999999E+01     4.4240023641497150E-01
 1.0983231249999999E+01     4.5491184080631186E-01
 1.1033268750000000E+01     4.6685300008023273E-01
 1.1083306250000000E+01     4.7823698045475072E-01
 1.1133343749999998E+01     4.8907731891230011E-01
 1.1183381249999998E+01     4.9938774783259332E-01
 1.1233418749999998E+01     5.0918211356843002E-01
 1.1283456249999999E+01     5.1847429031590597E-01
 1.1333493749999999E+01     5.2727809083687149E-01
 1.1383531249999999E+01     5.3560717576531403E-01
 1.1433568749999999E+01     5.4347496336438916E-01
 1.1483606249999999E+01     5.5089454169199314E-01
 1.1533643750000000E+01     5.5787858517567535E-01
 1.1583681250000000E+01     5.6443927758925905E-01
 1.1633718749999998E+01     5.7058824336124747E-01
 1.1683756249999998E+01     5.7633648902884227E-01
 1.1733793749999998E+01     5.8169435648073664E-01
 1.1783831249999999E+01     5.8667148941052960E-01
 1.1833868749999999E+01     5.9127681413266742E-01
 1.1883906249999999E+01     5.9551853560098700E-01
 1.1933943749999999E+01     5.9940414912231288E-01
 1.1983981249999999E+01     6.0294046788265032E-01
 1.2034018750000000E+01     6.0613366601099361E-01
 1.2084056250000000E+01     6.0898933650629539E-01
 1.2134093749999998E+01     6.1151256295804035E-01
 1.2184131249999998E+01     6.1370800361268807E-01
 1.2234168749999998E+01     6.1557998598807029E-01
 1.2284206249999999E+01     6.1713260992889307E-01
 1.2334243749999999E+01     6.1836985673835931E-01
 1.2384281249999999E+01     6.1929570182432681E-01
 1.2434318749999999E+01     6.1991422817109343E-01
 1.2484356249999999E+01     6.2022973789569424E-01
 1.2534393750000000E+01     6.2024685917404754E-01
 1.2584431250000000E+01     6.1997064592809004E-01
 1.2634468749999998E+01     6.1940666784788678E-01
 1.2684506249999998E+01     6.1856108857765735E-01
 1.2734543749999998E+01     6.1744073021329360E-01
 1.2784581249999999E+01     6.1605312263169165E-01
 1.2834618749999999E+01     6.1440653658560018E-01
 1.2884656249999999E+01     6.1250999993817223E-01
 1.2934693749999999E+01     6.1037329686391750E-01
 1.2984731249999999E+01     6.0800695029153540E-01
 1.3034768750000000E+01     6.0542218829473748E-01
 1.3084806249999998E+01     6.0263089553519522E-01
 1.3134843749999998E+01     5.9964555121562035E-01
 1.3184881249999998E+01     5.9647915529947304E-01
 1.3234918749999999E+01     5.9314514499074311E-01
 1.3284956249999999E+01     5.8965730363632085E-01
 1.3334993749999999E+01     5.8602966431342463E-01
 1.3385031249999999E+01     5.8227641039581313E-01
 1.3435068749999999E+01     5.7841177535794008E-01
 1.3485106249999999E+01     5.7444994398141291E-01
 1.3535143750000000E+01     5.7040495698009708E-01
 1.3585181249999998E+01     5.6629062086740711E-01
 1.3635218749999998E+01     5.6212042466131507E-01
 1.3685256249999998E+01     5.5790746476864916E-01
 1.3735293749999999E+01     5.5366437912092903E-01
 1.3785331249999999E+01     5.4940329135783927E-01
 1.3835368749999999E+01     5.4513576558051380E-01
 1.3885406249999999E+01     5.4087277193267969E-01
 1.3935443749999999E+01     5.3662466301992129E-01
 1.3985481249999999E+01     5.3240116095080192E-01
 1.4035518750000000E+01     5.2821135458282098E-01
 1.4085556249999998E+01     5.2406370638319577E-01
 1.4135593749999998E+01     5.1996606817158431E-01
 1.4185631249999998E+01     5.1592570489839396E-01
 1.4235668749999999E+01     5.1194932552917327E-01
 1.4285706249999999E+01     5.0804312005009555E-01
 1.4335743749999999E+01     5.0421280158072690E-01
 1.4385781249999999E+01     5.0046365257544401E-01
 1.4435818749999999E+01     4.9680057411124529E-01
 1.4485856249999999E+01     4.9322813729458426E-01
 1.4535893750000000E+01     4.8975063587024442E-01
 1.4585931249999998E+01     4.8637164100996433E-01
 1.4635968749999998E+01     4.8308682282479271E-01
 1.4686006249999998E+01     4.7988563749858998E-01
 1.4736043749999999E+01     4.7675730663032267E-01
 1.4786081249999999E+01     4.7369103133421531E-01
 1.4836118749999999E+01     4.7067603833648586E-01
 1.4886156249999999E+01     4.6770162298880602E-01
 1.4936193749999999E+01     4.6475718890749917E-01
 1.4986231249999999E+01     4.6183228402500698E-01
 1.5036268750000000E+01     4.5891663291327567E-01
 1.5086306249999998E+01     4.5600016530660836E-01
 1.5136343749999998E+01     4.5307304081387650E-01
 1.5186381249999998E+01     4.5012566986575142E-01
 1.5236418749999999E+01     4.4714873099260305E-01
 1.5286456249999999E+01     4.4413318457154932E-01
 1.5336493749999999E+01     4.4107028321764408E-01
 1.5386531249999999E+01     4.3795157902406756E-01
 1.5436568749999999E+01     4.3476892787945870E-01
 1.5486606249999999E+01     4.3151449110759710E-01
 1.5536643750000000E+01     4.2818073468566259E-01
 1.5586681249999998E+01     4.2476042630253330E-01
 1.5636718749999998E+01     4.2124663051877698E-01
 1.5686756249999998E+01     4.1763270228485716E-01
 1.5736793749999999E+01     4.1391227906525307E-01
 1.5786831249999999E+01     4.1007927180301190E-01
 1.5836868749999999E+01     4.0612785494328707E-01
 1.5886906249999999E+01     4.0205245571570136E-01
 1.5936943749999999E+01     3.9784774285485758E-01
 1.5986981249999999E+01     3.9350861491638017E-01
 1.6037018750000001E+01     3.8903018832345965E-01
 1.6087056250000000E+01     3.8440778525621211E-01
 1.6137093750000002E+01     3.7963692147414690E-01
 1.6187131250000000E+01     3.7471329414102228E-01
 1.6237168750000002E+01     3.6963276970172326E-01
 1.6287206250000001E+01     3.6439137184327008E-01
 1.6337243749999999E+01     3.5898526955652899E-01
 1.6387281250000001E+01     3.5341076530228094E-01
 1.6437318749999999E+01     3.4766428327496507E-01
 1.6487356250000001E+01     3.4174235774986744E-01
 1.6537393750000000E+01     3.3564162149475046E-01
 1.6587431250000002E+01     3.2935879422490327E-01
 1.6637468750000000E+01     3.2289067108106184E-01
 1.6687506250000002E+01     3.1623411111277566E-01
 1.6737543750000000E+01     3.0938602575485097E-01
 1.6787581249999999E+01     3.0234336729165795E-01
 1.6837618750000001E+01     2.9510311731263505E-01
 1.6887656249999999E+01     2.8766227517215082E-01
 1.6937693750000001E+01     2.8001784647742078E-01
 1.6987731250000000E+01     2.7216683163903421E-01
 1.7037768750000001E+01     2.6410621452959848E-01
 1.7087806250000000E+01     2.5583295130613704E-01
 1.7137843750000002E+01     2.4734395946146834E-01
 1.7187881250000000E+01     2.3863610717777206E-01
 1.7237918750000002E+01     2.2970620306207654E-01
 1.7287956250000001E+01     2.2055098634783935E-01
 1.7337993749999999E+01     2.1116711764908508E-01
 1.7388031250000001E+01     2.0155117035336909E-01
 1.7438068749999999E+01     1.9169962273708624E-01
 1.7488106250000001E+01     1.8160885088127196E-01
 1.7538143750000000E+01     1.7127512245798968E-01
 1.7588181250000002E+01     1.6069459144680950E-01
 1.7638218750000000E+01     1.4986329382787847E-01
 1.7688256250000002E+01     1.3877714428282226E-01
 1.7738293750000000E+01     1.2743193391762200E-01
 1.7788331249999999E+01     1.1582332900285958E-01
 1.7838368750000001E+01     1.0394687070686216E-01
 1.7888406249999999E+01     9.1797975776619800E-02
 1.7938443750000001E+01     7.9371938100482070E-02
 1.7988481250000000E+01     6.6663931065971405E-02
 1.8038518750000001E+01     5.3669010606162471E-02
 1.8088556250000000E+01     4.0382118809417299E-02
 1.8138593750000002E+01     2.6798087950387746E-02
 1.8188631250000000E+01     1.2911644785589109E-02
 1.8238668750000002E+01    -1.2800761131783302E-03
 1.8288706250000001E+01    -1.5764862048652011E-02
 1.8338743749999999E+01    -3.0524915219196414E-02
 1.8388781250000001E+01    -4.5542511704741197E-02
 1.8438818749999999E+01    -6.0800004486855977E-02
 1.8488856250000001E+01    -7.6279817507345721E-02
 1.8538893750000000E+01    -9.1964440823404381E-02
 1.8588931250000002E+01    -1.0783642700722831E-01
 1.8638968750000000E+01    -1.2387838890171532E-01
 1.8689006250000002E+01    -1.4007299880527146E-01
 1.8739043750000000E+01    -1.5640298911827499E-01
 1.8789081249999999E+01    -1.7285115444235269E-01
 1.8839118750000001E+01    -1.8940035508167805E-01
 1.8889156249999999E+01    -2.0603352185385873E-01
 1.8939193750000001E+01    -2.2273366207715045E-01
 1.8989231250000000E+01    -2.3948386656121490E-01
 1.9039268750000002E+01    -2.5626731739123065E-01
 1.9089306250000000E+01    -2.7306729626018772E-01
 1.9139343750000002E+01    -2.8986719307246334E-01
 1.9189381250000000E+01    -3.0665051451366349E-01
 1.9239418749999999E+01    -3.2340089225817820E-01
 1.9289456250000001E+01    -3.4010209046714679E-01
 1.9339493749999999E+01    -3.5673801221659701E-01
 1.9389531250000001E+01    -3.7329270448902663E-01
 1.9439568749999999E+01    -3.8975036136196611E-01
 1.9489606250000001E+01    -4.0609532503540369E-01
 1.9539643750000000E+01    -4.2231208435625134E-01
 1.9589681250000002E+01    -4.3838527052343879E-01
 1.9639718750000000E+01    -4.5429964969181902E-01
 1.9689756250000002E+01    -4.7004011223734954E-01
 1.9739793750000000E+01    -4.8559165850007657E-01
 1.9789831249999999E+01    -5.0093938088517020E-01
 1.9839868750000001E+01    -5.1606844227562032E-01
 1.9889906249999999E+01    -5.3096405079210529E-01
 1.9939943750000001E+01    -5.4561143102586440E-01
 1.9989981250000000E+01    -5.5999579196700844E-01
 2.0040018750000002E+01    -5.7410229195310669E-01
 2.0090056250000000E+01    -5.8791600106793884E-01
 2.0140093750000002E+01    -6.0142186152698540E-01
 2.0190131250000000E+01    -6.1460464669074433E-01
 2.0240168749999999E+01    -6.2744891944730119E-01
 2.0290206250000001E+01    -6.3993899079780259E-01
 2.0340243749999999E+01    -6.5205887955955610E-01
 2.0390281250000001E+01    -6.6379227416774866E-01
 2.0440318749999999E+01    -6.7512249760427634E-01
 2.0490356250000001E+01    -6.8603247650815791E-01
 2.0540393750000000E+01    -6.9650471552187154E-01
 2.0590431250000002E+01    -7.0652127790028940E-01
 2.0640468750000000E+01    -7.1606377334965921E-01
 2.0690506250000002E+01    -7.2511335397286347E-01
 2.0740543750000001E+01    -7.3365071907199830E-01
 2.0790581249999999E+01    -7.4165612940100145E-01
 2.0840618750000001E+01    -7.4910943127037888E-01
 2.0890656249999999E+01    -7.5599009068568757E-01
 2.0940693750000001E+01    -7.6227723745532894E-01
 2.0990731250000000E+01    -7.6794971893621677E-01
 2.1040768750000002E+01    -7.7298616280514565E-01
 2.1090806250000000E+01    -7.7736504795654027E-01
 2.1140843750000002E+01    -7.8106478234293308E-01
 2.1190881250000000E+01    -7.8406378630302465E-01
 2.1240918749999999E+01    -7.8634057967334403E-01
 2.1290956250000001E+01    -7.8787387076467230E-01
 2.1340993749999999E+01    -7.8864264511311799E-01
 2.1391031250000001E+01    -7.8862625179813373E-01
 2.1441068749999999E+01    -7.8780448506369583E-01
 2.1491106250000001E+01    -7.8615765899125689E-01
 2.1541143750000000E+01    -7.8366667305776516E-01
 2.1591181250000002E+01    -7.8031306657096422E-01
 2.1641218750000000E+01    -7.7607906020612305E-01
 2.1691256250000002E+01    -7.7094758316840872E-01
 2.1741293750000001E+01    -7.6490228486650069E-01
 2.1791331249999999E+01    -7.5792753039437510E-01
 2.1841368750000001E+01    -7.5000839847063772E-01
 2.1891406249999999E+01    -7.4114148914087274E-01
 2.1941443750000001E+01    -7.3135305175320964E-01
 2.1991481250000000E+01    -7.2067467536758545E-01
 2.2041518750000002E+01    -7.0913840754905222E-01
 2.2091556250000000E+01    -6.9677666614922751E-01
 2.2141593750000002E+01    -6.8362214444075475E-01
 2.2191631250000000E+01    -6.6970771214513269E-01
 2.2241668749999999E+01    -6.5506631490605238E-01
 2.2291706250000001E+01    -6.3973087468987599E-01
 2.2341743749999999E+01    -6.2373419344996262E-01
 2.2391781250000001E+01    -6.0710886218266646E-01
 2.2441818749999999E+01    -5.8988717724263096E-01
 2.2491856250000001E+01    -5.7210106548656925E-01
 2.2541893750000000E+01    -5.5378201949223271E-01
 2.2591931250000002E+01    -5.3496104376597975E-01
 2.2641968750000000E+01    -5.1566861252138563E-01
 2.2692006249999999E+01    -4.9593463929342368E-01
 2.2742043750000001E+01    -4.7578845835818789E-01
 2.2792081249999999E+01    -4.5525881766387449E-01
 2.2842118750000001E+01    -4.3437388275107974E-01
 2.2892156249999999E+01    -4.1316125095229989E-01
 2.2942193750000001E+01    -3.9164797501380744E-01
 2.2992231250000000E+01    -3.6986059517734682E-01
 2.3042268750000002E+01    -3.4782517869236884E-01
 2.3092306250000000E+01    -3.2556736569898692E-01
 2.3142343750000002E+01    -3.0311242042263026E-01
 2.3192381250000000E+01    -2.8048528664921674E-01
 2.3242418749999999E+01    -2.5771064649820663E-01
 2.3292456250000001E+01    -2.3481298157533928E-01
 2.3342493749999999E+01    -2.1181663566049225E-01
 2.3392531250000001E+01    -1.8874587816411756E-01
 2.3442568750000000E+01    -1.6562496766246754E-01
 2.3492606250000001E+01    -1.4247821489265866E-01
 2.3542643750000000E+01    -1.1933004464948614E-01
 2.3592681250000002E+01    -9.6205056073127779E-02
 2.3642718750000000E+01    -7.3128080847965196E-02
 2.3692756249999999E+01    -5.0124238845430387E-02
 2.3742793750000001E+01    -2.7218990737353038E-02
 2.3792831249999999E+01    -4.4381870802194696E-03
 2.3842868750000001E+01     1.8191886673926835E-02
 2.3892906249999999E+01     4.0644469845677197E-02
 2.3942943750000001E+01     6.2892291556731442E-02
 2.3992981250000000E+01     8.4907541884818402E-02
 2.4043018750000002E+01     1.0666185000064174E-01
 2.4093056250000000E+01     1.2812627022915724E-01
 2.4143093750000002E+01     1.4927127705378873E-01
 2.4193131250000000E+01     1.7006677013834556E-01
 2.4243168749999999E+01     1.9048209046721068E-01
 2.4293206250000001E+01     2.1048604868811999E-01
 2.4343243749999999E+01     2.3004696667191857E-01
 2.4393281250000001E+01     2.4913273316824550E-01
 2.4443318750000000E+01     2.6771087422428386E-01
 2.4493356250000001E+01     2.8574863873704992E-01
 2.4543393750000000E+01     3.0321309912211536E-01
 2.4593431250000002E+01     3.2007126660258639E-01
 2.4643468750000000E+01     3.3629022005586728E-01
 2.4693506249999999E+01     3.5183724671477973E-01
 2.4743543750000001E+01     3.6667999232366577E-01
 2.4793581249999999E+01     3.8078661762850141E-01
 2.4843618750000001E+01     3.9412595737028722E-01
 2.4893656249999999E+01     4.0666767729799991E-01
 2.4943693750000001E+01     4.1838242417227078E-01
 2.4993731250000000E+01     4.2924196334634701E-01
 2.5043768750000002E+01     4.3921929833834544E-01
 2.5093806250000000E+01     4.4828876689287622E-01
 2.5143843750000002E+01     4.5642610840355075E-01
 2.5193881250000000E+01     4.6360849824641226E-01
 2.5243918749999999E+01     4.6981454555316193E-01
 2.5293956250000001E+01     4.7502425220299288E-01
 2.5343993749999999E+01     4.7921893228072104E-01
 2.5394031250000001E+01     4.8238109286178366E-01
 2.5444068750000000E+01     4.8449427864986933E-01
 2.5494106250000002E+01     4.8554349489497450E-01
 2.5544143750000000E+01     4.8553688187113453E-01
 2.5594181250000002E+01     4.8451151796938929E-01
 2.5644218750000000E+01     4.8250647442620109E-01
 2.5694256249999999E+01     4.7956072363380808E-01
 2.5744293750000001E+01     4.7571289230165875E-01
 2.5794331249999999E+01     4.7100102789554787E-01
 2.5844368750000001E+01     4.6546238502115012E-01
 2.5894406249999999E+01     4.5913323725688149E-01
 2.5944443750000001E+01     4.5204871860131218E-01
 2.5994481250000000E+01     4.4424269727753379E-01
 2.6044518750000002E+01     4.3574768322272300E-01
 2.6094556250000000E+01     4.2659476926704532E-01
 2.6144593749999999E+01     4.1681360483634039E-01
 2.6194631250000000E+01     4.0643240004337655E-01
 2.6244668749999999E+01     3.9547795728600499E-01
 2.6294706250000001E+01     3.8397572695140386E-01
 2.6344743749999999E+01     3.7194988351892511E-01
 2.6394781250000001E+01     3.5942341823232238E-01
 2.6444818750000000E+01     3.4641824453802450E-01
 2.6494856250000002E+01     3.3295531261914207E-01
 2.6544893750000000E+01     3.1905472955554826E-01
 2.6594931250000002E+01     3.0473588187488532E-01
 2.6644968750000000E+01     2.9001755750332225E-01
 2.6695006249999999E+01     2.7491806436488270E-01
 2.6745043750000001E+01     2.5945534311302670E-01
 2.6795081249999999E+01     2.4364707171714656E-01
 2.6845118750000001E+01     2.2751075988772029E-01
 2.6895156249999999E+01     2.1106383162884473E-01
 2.6945193750000001E+01     1.9432369457755869E-01
 2.6995231250000000E+01     1.7730779524198736E-01
 2.7045268750000002E+01     1.6003365979128226E-01
 2.7095306250000000E+01     1.4251892067354144E-01
 2.7145343749999999E+01     1.2478133002243569E-01
 2.7195381250000001E+01     1.0683876152569902E-01
 2.7245418749999999E+01     8.8709203124436961E-02
 2.7295456250000001E+01     7.0410743541855836E-02
 2.7345493749999999E+01     5.1961556153592811E-02
 2.7395531250000001E+01     3.3379884065243649E-02
 2.7445568750000000E+01     1.4684030422664779E-02
 2.7495606250000002E+01    -4.1076420725705502E-03
 2.7545643750000000E+01    -2.2976698740543519E-02
 2.7595681250000002E+01    -4.1904604368607393E-02
 2.7645718750000000E+01    -6.0872675962227757E-02
 2.7695756249999999E+01    -7.9862015052569527E-02
 2.7745793750000001E+01    -9.8853418743115803E-02
 2.7795831249999999E+01    -1.1782726968697918E-01
 2.7845868750000001E+01    -1.3676340623797212E-01
 2.7895906249999999E+01    -1.5564097507825925E-01
 2.7945943750000001E+01    -1.7443826966380777E-01
 2.7995981250000000E+01    -1.9313255881794636E-01
 2.8046018750000002E+01    -2.1169991071755698E-01
 2.8096056250000000E+01    -2.3011501832859660E-01
 2.8146093749999999E+01    -2.4835103302900499E-01
 2.8196131250000001E+01    -2.6637941367447965E-01
 2.8246168749999999E+01    -2.8416979867915976E-01
 2.8296206250000001E+01    -3.0168990875824425E-01
 2.8346243749999999E+01    -3.1890548777042882E-01
 2.8396281250000001E+01    -3.3578028856463149E-01
 2.8446318750000000E+01    -3.5227610984284136E-01
 2.8496356250000002E+01    -3.6835288877734318E-01
 2.8546393750000000E+01    -3.8396885246121920E-01
 2.8596431250000002E+01    -3.9908072924583127E-01
 2.8646468750000000E+01    -4.1364401867641265E-01
 2.8696506249999999E+01    -4.2761331615775577E-01
 2.8746543750000001E+01    -4.4094268577949847E-01
 2.8796581249999999E+01    -4.5358607204703694E-01
 2.8846618750000001E+01    -4.6549773876505735E-01
 2.8896656249999999E+01    -4.7663272118191446E-01
 2.8946693750000001E+01    -4.8694727589938930E-01
 2.8996731250000000E+01    -4.9639931213803778E-01
 2.9046768750000002E+01    -5.0494878784416342E-01
 2.9096806250000000E+01    -5.1255805489928208E-01
 2.9146843749999999E+01    -5.1919437536775848E-01
 2.9196881250000001E+01    -5.2485250368590963E-01
 2.9246918749999999E+01    -5.2954543785587771E-01
 2.9296956250000001E+01    -5.3328942168610571E-01
 2.9346993749999999E+01    -5.3610365161503071E-01
 2.9397031250000001E+01    -5.3801012664352732E-01
 2.9447068750000000E+01    -5.3903342272665744E-01
 2.9497106250000002E+01    -5.3920040308572370E-01
 2.9547143750000000E+01    -5.3853987802217063E-01
 2.9597181249999998E+01    -5.3708222909901293E-01
 2.9647218750000000E+01    -5.3485901299093763E-01
 2.9697256249999999E+01    -5.3190255994039060E-01
 2.9747293750000001E+01    -5.2824558069241878E-01
 2.9797331249999999E+01    -5.2392079415111514E-01
 2.9847368750000001E+01    -5.1896058596233241E-01
 2.9897406250000000E+01    -5.1339670594289599E-01
 2.9947443750000001E+01    -5.0726000990333031E-01
 2.9997481250000000E+01    -5.0058024908686694E-01
 3.0047518750000002E+01    -4.9338590828790008E-01
 3.0097556250000000E+01    -4.8570409180392615E-01
 3.0147593749999999E+01    -4.7756045477409659E-01
 3.0197631250000001E+01    -4.6897917619449675E-01
 3.0247668749999999E+01    -4.5998296898083735E-01
 3.0297706250000001E+01    -4.5059312185918882E-01
 3.0347743749999999E+01    -4.4082956757545216E-01
 3.0397781250000001E+01    -4.3071097188514285E-01
 3.0447818750000000E+01    -4.2025483797148006E-01
 3.0497856250000002E+01    -4.0947762129483878E-01
 3.0547893750000000E+01    -3.9839485035411049E-01
 3.0597931249999998E+01    -3.8702124939791399E-01
 3.0647968750000000E+01    -3.7537085972299800E-01
 3.0698006249999999E+01    -3.6345715680639673E-01
 3.0748043750000001E+01    -3.5129316111122871E-01
 3.0798081249999999E+01    -3.3889154096307339E-01
 3.0848118750000001E+01    -3.2626470640064975E-01
 3.0898156250000000E+01    -3.1342489335141110E-01
 3.0948193750000002E+01    -3.0038423786488089E-01
 3.0998231250000000E+01    -2.8715484045270989E-01
 3.1048268750000002E+01    -2.7374882083584345E-01
 3.1098306250000000E+01    -2.6017836358989671E-01
 3.1148343749999999E+01    -2.4645575531458702E-01
 3.1198381250000001E+01    -2.3259341403861383E-01
 3.1248418749999999E+01    -2.1860391161408815E-01
 3.1298456250000001E+01    -2.0449998986182327E-01
 3.1348493749999999E+01    -1.9029457120723248E-01
 3.1398531250000001E+01    -1.7600076450296967E-01
 3.1448568750000000E+01    -1.6163186667500587E-01
 3.1498606250000002E+01    -1.4720136075906981E-01
 3.1548643750000000E+01    -1.3272291081970239E-01
 3.1598681249999998E+01    -1.1821035416851863E-01
 3.1648718750000000E+01    -1.0367769122607490E-01
 3.1698756249999999E+01    -8.9139073305676331E-02
 3.1748793750000001E+01    -7.4608788540525148E-02
 3.1798831249999999E+01    -6.0101246129715846E-02
 3.1848868750000001E+01    -4.5630959045184813E-02
 3.1898906250000000E+01    -3.1212525321918903E-02
 3.1948943750000002E+01    -1.6860608047752159E-02
 3.1998981250000000E+01    -2.5899141770750608E-03
 3.2049018750000002E+01     1.1584827686127869E-02
 3.2099056249999997E+01     2.5648890357128754E-02
 3.2149093749999999E+01     3.9587571768669193E-02
 3.2199131250000001E+01     5.3386219023641969E-02
 3.2249168750000003E+01     6.7030252469210280E-02
 3.2299206249999997E+01     8.0505189397951871E-02
 3.2349243749999999E+01     9.3796666920535343E-02
 3.2399281250000001E+01     1.0689046349680904E-01
 3.2449318750000003E+01     1.1977251856189776E-01
 3.2499356249999998E+01     1.3242894964416016E-01
 3.2549393750000000E+01     1.4484606634654187E-01
 3.2599431250000002E+01     1.5701038055474595E-01
 3.2649468749999997E+01     1.6890861224791689E-01
 3.2699506249999999E+01     1.8052769032200400E-01
 3.2749543750000001E+01     1.9185474789448753E-01
 3.2799581250000003E+01     2.0287993942275173E-01
 3.2849618749999998E+01     2.1360656199095168E-01
 3.2899656250000000E+01     2.2404178178616863E-01
 3.2949693750000002E+01     2.3419289439391056E-01
 3.2999731250000004E+01     2.4406729305524122E-01
 3.3049768749999998E+01     2.5367243183109034E-01
 3.3099806250000000E+01     2.6301578370667461E-01
 3.3149843750000002E+01     2.7210479409032390E-01
 3.3199881249999997E+01     2.8094683027353323E-01
 3.3249918749999999E+01     2.8954912752513745E-01
 3.3299956250000001E+01     2.9791873258992480E-01
 3.3349993750000003E+01     3.0606244544851280E-01
 3.3400031249999998E+01     3.1398676026887762E-01
 3.3450068750000000E+01     3.2169780653903690E-01
 3.3500106250000002E+01     3.2920129141316873E-01
 3.3550143749999997E+01     3.3650244432923843E-01
 3.3600181249999999E+01     3.4360596496325257E-01
 3.3650218750000001E+01     3.5051597557338465E-01
 3.3700256250000002E+01     3.5723597875539975E-01
 3.3750293749999997E+01     3.6376882157897816E-01
 3.3800331249999999E+01     3.7011666700260748E-01
 3.3850368750000001E+01     3.7628097337283739E-01
 3.3900406250000003E+01     3.8226248270296126E-01
 3.3950443749999998E+01     3.8806121829711182E-01
 3.4000481250000000E+01     3.9367649214049127E-01
 3.4050518750000002E+01     3.9910692231650824E-01
 3.4100556249999997E+01     4.0435046053985546E-01
 3.4150593749999999E+01     4.0940442971370883E-01
 3.4200631250000001E+01     4.1426557123291524E-01
 3.4250668750000003E+01     4.1893010156701294E-01
 3.4300706249999998E+01     4.2339377747123935E-01
 3.4350743749999999E+01     4.2765196899505875E-01
 3.4400781250000001E+01     4.3169973929016786E-01
 3.4450818750000003E+01     4.3553193006851665E-01
 3.4500856249999998E+01     4.3914325142933358E-01
 3.4550893750000000E+01     4.4252837466701506E-01
 3.4600931250000002E+01     4.4568202659199857E-01
 3.4650968749999997E+01     4.4859908384783043E-01
 3.4701006249999999E+01     4.5127466569104585E-01
 3.4751043750000001E+01     4.5370422371798380E-01
 3.4801081250000003E+01     4.5588362707400421E-01
 3.4851118749999998E+01     4.5780924176527688E-01
 3.4901156250000000E+01     4.5947800280934598E-01
 3.4951193750000002E+01     4.6088747810514380E-01
 3.5001231250000004E+01     4.6203592307248698E-01
 3.5051268749999998E+01     4.6292232530029259E-01
 3.5101306250000000E+01     4.6354643864719303E-01
 3.5151343750000002E+01     4.6390880645138172E-01
 3.5201381249999997E+01     4.6401077372344413E-01
 3.5251418749999999E+01     4.6385448840964988E-01
 3.5301456250000001E+01     4.6344289201879535E-01
 3.5351493750000003E+01     4.6277970009739933E-01
 3.5401531249999998E+01     4.6186937321133720E-01
 3.5451568750000000E+01     4.6071707924293631E-01
 3.5501606250000002E+01     4.5932864793801764E-01
 3.5551643749999997E+01     4.5771051873540602E-01
 3.5601681249999999E+01     4.5586968298086367E-01
 3.5651718750000001E+01     4.5381362166820344E-01
 3.5701756250000003E+01     4.5155023986322168E-01
 3.5751793749999997E+01     4.4908779895280465E-01
 3.5801831249999999E+01     4.4643484782444581E-01
 3.5851868750000001E+01     4.4360015402310327E-01
 3.5901906250000003E+01     4.4059263585663949E-01
 3.5951943749999998E+01     4.3742129633086496E-01
 3.6001981250000000E+01     4.3409515969491669E-01
 3.6052018750000002E+01     4.3062321127008307E-01
 3.6102056249999997E+01     4.2701434112445097E-01
 3.6152093749999999E+01     4.2327729204448444E-01
 3.6202131250000001E+01     4.1942061214602977E-01
 3.6252168750000003E+01     4.1545261236355291E-01
 3.6302206249999998E+01     4.1138132895965768E-01
 3.6352243750000000E+01     4.0721449110881414E-01
 3.6402281250000001E+01     4.0295949353049071E-01
 3.6452318750000003E+01     3.9862337407878362E-01
 3.6502356249999998E+01     3.9421279613784976E-01
 3.6552393750000000E+01     3.8973403562558184E-01
 3.6602431250000002E+01     3.8519297237103028E-01
 3.6652468749999997E+01     3.8059508560410660E-01
 3.6702506249999999E+01     3.7594545327772111E-01
 3.6752543750000001E+01     3.7124875493225967E-01
 3.6802581250000003E+01     3.6650927780861259E-01
 3.6852618749999998E+01     3.6173092591814959E-01
 3.6902656250000000E+01     3.5691723178454698E-01
 3.6952693750000002E+01     3.5207137058210708E-01
 3.7002731249999997E+01     3.4719617640720601E-01
 3.7052768749999998E+01     3.4229416043235289E-01
 3.7102806250000000E+01     3.3736753070546477E-01
 3.7152843750000002E+01     3.3241821336910365E-01
 3.7202881249999997E+01     3.2744787508540374E-01
 3.7252918749999999E+01     3.2245794646137671E-01
 3.7302956250000001E+01     3.1744964627611427E-01
 3.7352993750000003E+01     3.1242400631625800E-01
 3.7403031249999998E+01     3.0738189662870685E-01
 3.7453068750000000E+01     3.0232405100082627E-01
 3.7503106250000002E+01     2.9725109247838516E-01
 3.7553143749999997E+01     2.9216355873120131E-01
 3.7603181249999999E+01     2.8706192707654898E-01
 3.7653218750000001E+01     2.8194663897161026E-01
 3.7703256250000003E+01     2.7681812378942822E-01
 3.7753293749999997E+01     2.7167682169860635E-01
 3.7803331249999999E+01     2.6652320547596592E-01
 3.7853368750000001E+01     2.6135780109361800E-01
 3.7903406250000003E+01     2.5618120693800966E-01
 3.7953443749999998E+01     2.5099411153775675E-01
 3.8003481250000000E+01     2.4579730969963670E-01
 3.8053518750000002E+01     2.4059171697692389E-01
 3.8103556249999997E+01     2.3537838242092562E-01
 3.8153593749999999E+01     2.3015849959385085E-01
 3.8203631250000001E+01     2.2493341584824331E-01
 3.8253668750000003E+01     2.1970463990400949E-01
 3.8303706249999998E+01     2.1447384777759193E-01
 3.8353743750000000E+01     2.0924288713840114E-01
 3.8403781250000002E+01     2.0401378018428157E-01
 3.8453818749999996E+01     1.9878872514043372E-01
 3.8503856249999998E+01     1.9357009649438878E-01
 3.8553893750000000E+01     1.8836044408357799E-01
 3.8603931250000002E+01     1.8316249115192365E-01
 3.8653968749999997E+01     1.7797913148837313E-01
 3.8704006249999999E+01     1.7281342575396266E-01
 3.8754043750000001E+01     1.6766859709567572E-01
 3.8804081250000003E+01     1.6254802613600078E-01
 3.8854118749999998E+01     1.5745524541736372E-01
 3.8904156250000000E+01     1.5239393337144064E-01
 3.8954193750000002E+01     1.4736790787526846E-01
 3.9004231249999997E+01     1.4238111944958973E-01
 3.9054268749999999E+01     1.3727005927038688E-01
 3.9104306250000000E+01     1.3099474452362989E-01
 3.9154343750000002E+01     1.2347220420114391E-01
 3.9204381249999997E+01     1.1487925880212996E-01
 3.9254418749999999E+01     1.0544849838146544E-01
 3.9304456250000001E+01     9.5450259804019222E-02
 3.9354493750000003E+01     8.5172308439611377E-02
 3.9404531249999998E+01     7.4899143502789409E-02
 3.9454568750000000E+01     6.4892824045580277E-02
 3.9504606250000002E+01     5.5376996562776171E-02
 3.9554643749999997E+01     4.6525423626644649E-02
 3.9604681249999999E+01     3.8455811540539009E-02
 3.9654718750000001E+01     3.1229170779722433E-02
 3.9704756250000003E+01     2.4854377737521416E-02
 3.9754793749999997E+01     1.9297099472469666E-02
 3.9804831249999999E+01     1.4491845558026071E-02
 3.9854868750000001E+01     1.0355659862646010E-02
 3.9904906250000003E+01     6.8018802158043342E-03
 3.9954943749999998E+01     3.7524771955426742E-03
 4.0004981250000000E+01     1.1477187885679269E-03
