#                  time                       real
 2.5018749999999999E-02    -2.2673758895980729E-02
 7.5056249999999991E-02    -7.7120324574779506E-02
 1.2509375000000000E-01    -1.4472605498137631E-01
 1.7513124999999999E-01    -2.2740930597491027E-01
 2.2516875000000000E-01    -3.2719114666512700E-01
 2.7520624999999999E-01    -4.4517480227907058E-01
 3.2524374999999994E-01    -5.8033029329508778E-01
 3.7528124999999996E-01    -7.2833159366952160E-01
 4.2531874999999997E-01    -8.8087052954624734E-01
 4.7535624999999998E-01    -1.0259712565581141E+00
 5.2539374999999999E-01    -1.1496958435702160E+00
 5.7543124999999995E-01    -1.2391518477885832E+00
 6.2546874999999991E-01    -1.2859822933345786E+00
 6.7550624999999997E-01    -1.2889403546214722E+00
 7.2554374999999993E-01    -1.2542585468909322E+00
 7.7558125000000000E-01    -1.1935023996770893E+00
 8.2561874999999996E-01    -1.1199223626366630E+00
 8.7565624999999991E-01    -1.0450287880339051E+00
 9.2569374999999998E-01    -9.7669633079763118E-01
 9.7573124999999994E-01    -9.1900151430349397E-01
 1.0257687500000001E+00    -8.7379686195729889E-01
 1.0758062500000001E+00    -8.4300312952401746E-01
 1.1258437500000000E+00    -8.2312256094433200E-01
 1.1758812500000000E+00    -8.1115210041703689E-01
 1.2259187499999999E+00    -8.0499419092397750E-01
 1.2759562500000001E+00    -8.0314308934549050E-01
 1.3259937500000001E+00    -8.0448642742547594E-01
 1.3760312500000000E+00    -8.0817725158610154E-01
 1.4260687500000000E+00    -8.1355013195925618E-01
 1.4761062500000000E+00    -8.2006547113227879E-01
 1.5261437500000001E+00    -8.2727229626716858E-01
 1.5761812500000001E+00    -8.3478346880785859E-01
 1.6262187500000000E+00    -8.4225944324543867E-01
 1.6762562500000000E+00    -8.4939804376159378E-01
 1.7262937500000000E+00    -8.5592854666799489E-01
 1.7763312500000001E+00    -8.6160885848521496E-01
 1.8263687500000001E+00    -8.6622488592538638E-01
 1.8764062500000001E+00    -8.6959138116126622E-01
 1.9264437500000000E+00    -8.7155366318936422E-01
 1.9764812500000000E+00    -8.7198969719396868E-01
 2.0265187500000001E+00    -8.7081208124036680E-01
 2.0765562499999999E+00    -8.6796955808112197E-01
 2.1265937500000001E+00    -8.6344774751382669E-01
 2.1766312500000002E+00    -8.5726888405370971E-01
 2.2266687500000000E+00    -8.4949044330049162E-01
 2.2767062500000002E+00    -8.4020264223501462E-01
 2.3267437499999999E+00    -8.2952489556597930E-01
 2.3767812500000001E+00    -8.1760139353177108E-01
 2.4268187499999998E+00    -8.0459602890006288E-01
 2.4768562500000000E+00    -7.9068693755446051E-01
 2.5268937500000002E+00    -7.7606092661555259E-01
 2.5769312499999999E+00    -7.6090804849901739E-01
 2.6269687500000001E+00    -7.4541654343749131E-01
 2.6770062499999998E+00    -7.2976832333810615E-01
 2.7270437500000000E+00    -7.1413511353577286E-01
 2.7770812500000002E+00    -6.9867531267634087E-01
 2.8271187499999999E+00    -6.8353157995794167E-01
 2.8771562500000001E+00    -6.6882911690218405E-01
 2.9271937499999998E+00    -6.5467457957316844E-01
 2.9772312500000000E+00    -6.4115553700311900E-01
 3.0272687500000002E+00    -6.2834038164871930E-01
 3.0773062499999999E+00    -6.1627859637270188E-01
 3.1273437500000001E+00    -6.0500128776587681E-01
 3.1773812499999998E+00    -5.9452190561705986E-01
 3.2274187500000000E+00    -5.8483708119881139E-01
 3.2774562500000002E+00    -5.7592753126608132E-01
 3.3274937499999999E+00    -5.6775898908928979E-01
 3.3775312500000001E+00    -5.6028313760343795E-01
 3.4275687499999998E+00    -5.5343853226422934E-01
 3.4776062500000000E+00    -5.4715151207411228E-01
 3.5276437500000002E+00    -5.4133710625035814E-01
 3.5776812499999999E+00    -5.3589995102437826E-01
 3.6277187500000001E+00    -5.3073523602090933E-01
 3.6777562499999998E+00    -5.2572970254562290E-01
 3.7277937500000000E+00    -5.2076271690500819E-01
 3.7778312500000002E+00    -5.1570744062090057E-01
 3.8278687499999999E+00    -5.1043211613760087E-01
 3.8779062500000001E+00    -5.0480148145826786E-01
 3.9279437499999998E+00    -4.9867832026711978E-01
 3.9779812500000000E+00    -4.9192514576121749E-01
 4.0280187500000002E+00    -4.8440600701641295E-01
 4.0780562500000004E+00    -4.7598839674940507E-01
 4.1280937499999997E+00    -4.6654522944069116E-01
 4.1781312499999999E+00    -4.5595684967981592E-01
 4.2281687500000000E+00    -4.4411302307112838E-01
 4.2782062500000002E+00    -4.3091485687830999E-01
 4.3282437500000004E+00    -4.1627659548825729E-01
 4.3782812499999997E+00    -4.0012723726100918E-01
 4.4283187499999999E+00    -3.8241192465885265E-01
 4.4783562500000000E+00    -3.6309306862838991E-01
 4.5283937500000002E+00    -3.4215118057213734E-01
 4.5784312500000004E+00    -3.1958540002826863E-01
 4.6284687499999997E+00    -2.9541372217135892E-01
 4.6785062499999999E+00    -2.6967294499964201E-01
 4.7285437500000000E+00    -2.4241837001843697E-01
 4.7785812500000002E+00    -2.1372330085037256E-01
 4.8286187499999995E+00    -1.8367839019938642E-01
 4.8786562499999997E+00    -1.5239088602423850E-01
 4.9286937499999999E+00    -1.1998382216422708E-01
 4.9787312500000001E+00    -8.6595187051646288E-02
 5.0287687500000002E+00    -5.2377087127776778E-02
 5.0788062499999995E+00    -1.7494900239272932E-02
 5.1288437499999997E+00     1.7873609830041787E-02
 5.1788812499999999E+00     5.3539271511172257E-02
 5.2289187500000001E+00     8.9302653668434290E-02
 5.2789562500000002E+00     1.2495548087444172E-01
 5.3289937499999995E+00     1.6028242561169148E-01
 5.3790312499999997E+00     1.9506339052006061E-01
 5.4290687499999999E+00     2.2907638455389484E-01
 5.4791062500000001E+00     2.6210107258791998E-01
 5.5291437500000002E+00     2.9392303678547155E-01
 5.5791812499999995E+00     3.2433872938511488E-01
 5.6292187499999997E+00     3.5316102191735110E-01
 5.6792562499999999E+00     3.8022516931496786E-01
 5.7292937500000001E+00     4.0539491613130552E-01
 5.7793312500000003E+00     4.2856838651094498E-01
 5.8293687499999995E+00     4.4968333262758192E-01
 5.8794062499999997E+00     4.6872128213220293E-01
 5.9294437499999999E+00     4.8571013675801328E-01
 5.9794812500000001E+00     5.0072484069888568E-01
 6.0295187500000003E+00     5.1388586099385725E-01
 6.0795562499999996E+00     5.2535539617854998E-01
 6.1295937499999997E+00     5.3533143739486377E-01
 6.1796312499999999E+00     5.4404002288752618E-01
 6.2296687500000001E+00     5.5172622194457188E-01
 6.2797062500000003E+00     5.5864452698286760E-01
 6.3297437499999996E+00     5.6504939691356004E-01
 6.3797812499999997E+00     5.7118666581917044E-01
 6.4298187499999999E+00     5.7728640725559055E-01
 6.4798562500000001E+00     5.8355764097151686E-01
 6.5298937500000003E+00     5.9018501505058485E-01
 6.5799312499999996E+00     5.9732733248861647E-01
 6.6299687499999997E+00     6.0511756057732324E-01
 6.6800062499999999E+00     6.1366380240804075E-01
 6.7300437500000001E+00     6.2305064658433196E-01
 6.7800812500000003E+00     6.3334034822764296E-01
 6.8301187499999996E+00     6.4457341527605660E-01
 6.8801562499999998E+00     6.5676834697458009E-01
 6.9301937499999999E+00     6.6992045822556179E-01
 6.9802312500000001E+00     6.8399989047691101E-01
 7.0302687500000003E+00     6.9894903600944114E-01
 7.0803062499999996E+00     7.1467968239669755E-01
 7.1303437499999998E+00     7.3107022538198874E-01
 7.1803812499999999E+00     7.4796331646034364E-01
 7.2304187500000001E+00     7.6516432098143816E-01
 7.2804562500000003E+00     7.8244097266270707E-01
 7.3304937499999996E+00     7.9952959452361805E-01
 7.3805312499999998E+00     8.1615073029791940E-01
 7.4305687499999999E+00     8.3200114972241312E-01
 7.4806062500000001E+00     8.4675822922834210E-01
 7.5306437500000003E+00     8.6009073312425166E-01
 7.5806812499999996E+00     8.7167203545047411E-01
 7.6307187499999998E+00     8.8119529644031069E-01
 7.6807562500000000E+00     8.8838973977283353E-01
 7.7307937500000001E+00     8.9303682624573266E-01
 7.7808312500000003E+00     8.9498486175709191E-01
 7.8308687499999996E+00     8.9416049091281868E-01
 7.8809062499999998E+00     8.9057567126824644E-01
 7.9309437500000000E+00     8.8432911460528829E-01
 7.9809812500000001E+00     8.7560178198972161E-01
 8.0310187499999994E+00     8.6464673450994345E-01
 8.0810562499999996E+00     8.5177434101117633E-01
 8.1310937499999998E+00     8.3733439359534045E-01
 8.1811312499999982E+00     8.2169697919582974E-01
 8.2311687499999984E+00     8.0523395792624952E-01
 8.2812062499999985E+00     7.8830262959498376E-01
 8.3312437499999987E+00     7.7123270689642187E-01
 8.3812812499999989E+00     7.5431716416178707E-01
 8.4313187499999991E+00     7.3780700006865341E-01
 8.4813562499999993E+00     7.2190952267190123E-01
 8.5313937499999994E+00     7.0678948012773724E-01
 8.5814312499999996E+00     6.9257222825336739E-01
 8.6314687499999998E+00     6.7934812581870585E-01
 8.6815062499999982E+00     6.6717744309206484E-01
 8.7315437499999984E+00     6.5609521700077189E-01
 8.7815812499999986E+00     6.4611565003785831E-01
 8.8316187499999987E+00     6.3723580213557651E-01
 8.8816562499999989E+00     6.2943844914022951E-01
 8.9316937499999991E+00     6.2269407336460803E-01
 8.9817312499999993E+00     6.1696201493500569E-01
 9.0317687499999995E+00     6.1219085693112008E-01
 9.0818062499999996E+00     6.0831815428270242E-01
 9.1318437499999998E+00     6.0526965603255012E-01
 9.1818812499999982E+00     6.0295821811413186E-01
 9.2319187499999984E+00     6.0128265756904464E-01
 9.2819562499999986E+00     6.0012685011626865E-01
 9.3319937499999988E+00     5.9935940625976647E-01
 9.3820312499999989E+00     5.9883425935036116E-01
 9.4320687499999991E+00     5.9839244750079168E-01
 9.4821062499999993E+00     5.9786526334752155E-01
 9.5321437499999995E+00     5.9707878701927641E-01
 9.5821812499999997E+00     5.9585962765287415E-01
 9.6322187499999981E+00     5.9404150790132959E-01
 9.6822562499999982E+00     5.9147216949764980E-01
 9.7322937499999984E+00     5.8801998782142151E-01
 9.7823312499999986E+00     5.8357967945742217E-01
 9.8323687499999988E+00     5.7807657166206738E-01
 9.8824062499999989E+00     5.7146906138312448E-01
 9.9324437499999991E+00     5.6374909521308503E-01
 9.9824812499999993E+00     5.5494071524376176E-01
 1.0032518749999999E+01     5.4509690591075621E-01
 1.0082556250000000E+01     5.3429511871377500E-01
 1.0132593749999998E+01     5.2263193232699068E-01
 1.0182631249999998E+01     5.1021732441071599E-01
 1.0232668749999998E+01     4.9716899743411824E-01
 1.0282706249999999E+01     4.8360712888798130E-01
 1.0332743749999999E+01     4.6964982311597364E-01
 1.0382781249999999E+01     4.5540944297549946E-01
 1.0432818749999999E+01     4.4098990664287474E-01
 1.0482856249999999E+01     4.2648495592105162E-01
 1.0532893749999999E+01     4.1197734118511736E-01
 1.0582931250000000E+01     3.9753882511115041E-01
 1.0632968749999998E+01     3.8323088077618883E-01
 1.0683006249999998E+01     3.6910594648276074E-01
 1.0733043749999998E+01     3.5520909617478863E-01
 1.0783081249999999E+01     3.4157998715968829E-01
 1.0833118749999999E+01     3.2825495317584419E-01
 1.0883156249999999E+01     3.1526911857434986E-01
 1.0933193749999999E+01     3.0265828962000263E-01
 1.0983231249999999E+01     2.9045232830063578E-01
 1.1033268750000000E+01     2.7867139556952547E-01
 1.1083306250000000E+01     2.6733962367017983E-01
 1.1133343749999998E+01     2.5648698798687813E-01
 1.1183381249999998E+01     2.4614939225640803E-01
 1.1233418749999998E+01     2.3636819104034690E-01
 1.1283456249999999E+01     2.2718915013024971E-01
 1.1333493749999999E+01     2.1866088661437702E-01
 1.1383531249999999E+01     2.1083287572820997E-01
 1.1433568749999999E+01     2.0375315692263071E-01
 1.1483606249999999E+01     1.9746591057480656E-01
 1.1533643750000000E+01     1.9200910243475874E-01
 1.1583681250000000E+01     1.8741239898990644E-01
 1.1633718749999998E+01     1.8369553960243595E-01
 1.1683756249999998E+01     1.8086731044957721E-01
 1.1733793749999998E+01     1.7892520521393038E-01
 1.1783831249999999E+01     1.7785578618765557E-01
 1.1833868749999999E+01     1.7763568733858781E-01
 1.1883906249999999E+01     1.7823313847334210E-01
 1.1933943749999999E+01     1.7960984545197606E-01
 1.1983981249999999E+01     1.8172304037061196E-01
 1.2034018750000000E+01     1.8452751836642539E-01
 1.2084056250000000E+01     1.8797750094184959E-01
 1.2134093749999998E+01     1.9202820343713650E-01
 1.2184131249999998E+01     1.9663702930055368E-01
 1.2234168749999998E+01     2.0176435920221142E-01
 1.2284206249999999E+01     2.0737394331215275E-01
 1.2334243749999999E+01     2.1343293668487723E-01
 1.2384281249999999E+01     2.1991163917249440E-01
 1.2434318749999999E+01     2.2678301284730637E-01
 1.2484356249999999E+01     2.3402205295732492E-01
 1.2534393750000000E+01     2.4160508499621600E-01
 1.2584431250000000E+01     2.4950905270304477E-01
 1.2634468749999998E+01     2.5771085166117447E-01
 1.2684506249999998E+01     2.6618675216357368E-01
 1.2734543749999998E+01     2.7491194418032189E-01
 1.2784581249999999E+01     2.8386022716230447E-01
 1.2834618749999999E+01     2.9300385821166841E-01
 1.2884656249999999E+01     3.0231356374690854E-01
 1.2934693749999999E+01     3.1175871194524646E-01
 1.2984731249999999E+01     3.2130763569538329E-01
 1.3034768750000000E+01     3.3092808836542625E-01
 1.3084806249999998E+01     3.4058780737903077E-01
 1.3134843749999998E+01     3.5025515361712189E-01
 1.3184881249999998E+01     3.5989978846595039E-01
 1.3234918749999999E+01     3.6949334554893754E-01
 1.3284956249999999E+01     3.7901005152777384E-01
 1.3334993749999999E+01     3.8842725051539290E-01
 1.3385031249999999E+01     3.9772579008849823E-01
 1.3435068749999999E+01     4.0689023376243721E-01
 1.3485106249999999E+01     4.1590887481734062E-01
 1.3535143750000000E+01     4.2477353883099134E-01
 1.3585181249999998E+01     4.3347917611941206E-01
 1.3635218749999998E+01     4.4202325924820063E-01
 1.3685256249999998E+01     4.5040501359094010E-01
 1.3735293749999999E+01     4.5862451949205152E-01
 1.3785331249999999E+01     4.6668173218505576E-01
 1.3835368749999999E+01     4.7457546987062571E-01
 1.3885406249999999E+01     4.8230242131174272E-01
 1.3935443749999999E+01     4.8985622232181836E-01
 1.3985481249999999E+01     4.9722664617760909E-01
 1.4035518750000000E+01     5.0439894694072640E-01
 1.4085556249999998E+01     5.1135338754991921E-01
 1.4135593749999998E+01     5.1806497686854036E-01
 1.4185631249999998E+01     5.2450343200344018E-01
 1.4235668749999999E+01     5.3063337435683822E-01
 1.4285706249999999E+01     5.3641476009211697E-01
 1.4335743749999999E+01     5.4180353795532843E-01
 1.4385781249999999E+01     5.4675251961956850E-01
 1.4435818749999999E+01     5.5121243984709667E-01
 1.4485856249999999E+01     5.5513317580129018E-01
 1.4535893750000000E+01     5.5846508690906949E-01
 1.4585931249999998E+01     5.6116097822508448E-01
 1.4635968749999998E+01     5.6318550857953320E-01
 1.4686006249999998E+01     5.6451480686037858E-01
 1.4736043749999999E+01     5.6513128079572139E-01
 1.4786081249999999E+01     5.6502461309531982E-01
 1.4836118749999999E+01     5.6419270203021232E-01
 1.4886156249999999E+01     5.6264231722049773E-01
 1.4936193749999999E+01     5.6038943022577192E-01
 1.4986231249999999E+01     5.5745919287050394E-01
 1.5036268750000000E+01     5.5388555392094996E-01
 1.5086306249999998E+01     5.4971052504922469E-01
 1.5136343749999998E+01     5.4498312825936956E-01
 1.5186381249999998E+01     5.3975807718035074E-01
 1.5236418749999999E+01     5.3409426184321407E-01
 1.5286456249999999E+01     5.2805311888971362E-01
 1.5336493749999999E+01     5.2169697516744540E-01
 1.5386531249999999E+01     5.1508745156537239E-01
 1.5436568749999999E+01     5.0828400576142396E-01
 1.5486606249999999E+01     5.0134267817026690E-01
 1.5536643750000000E+01     4.9431508642056354E-01
 1.5586681249999998E+01     4.8724769230239745E-01
 1.5636718749999998E+01     4.8018134365564824E-01
 1.5686756249999998E+01     4.7315107432477566E-01
 1.5736793749999999E+01     4.6618612985480601E-01
 1.5786831249999999E+01     4.5931017615882919E-01
 1.5836868749999999E+01     4.5254164333278424E-01
 1.5886906249999999E+01     4.4589415681920963E-01
 1.5936943749999999E+01     4.3937701237175597E-01
 1.5986981249999999E+01     4.3299565854980232E-01
 1.6037018750000001E+01     4.2675215945611600E-01
 1.6087056250000000E+01     4.2064561986667959E-01
 1.6137093750000002E+01     4.1467256374354511E-01
 1.6187131250000000E+01     4.0882726461416402E-01
 1.6237168750000002E+01     4.0310203199235861E-01
 1.6287206250000001E+01     3.9748746175197125E-01
 1.6337243749999999E+01     3.9197266021543947E-01
 1.6387281250000001E+01     3.8654545193701084E-01
 1.6437318749999999E+01     3.8119258009065782E-01
 1.6487356250000001E+01     3.7589990641228266E-01
 1.6537393750000000E+01     3.7065261518237325E-01
 1.6587431250000002E+01     3.6543542312094934E-01
 1.6637468750000000E+01     3.6023279459147806E-01
 1.6687506250000002E+01     3.5502915939501167E-01
 1.6737543750000000E+01     3.4980912882566378E-01
 1.6787581249999999E+01     3.4455770463206425E-01
 1.6837618750000001E+01     3.3926047510274354E-01
 1.6887656249999999E+01     3.3390379263010150E-01
 1.6937693750000001E+01     3.2847492773485359E-01
 1.6987731250000000E+01     3.2296219554669764E-01
 1.7037768750000001E+01     3.1735505201959713E-01
 1.7087806250000000E+01     3.1164415858784156E-01
 1.7137843750000002E+01     3.0582141542392749E-01
 1.7187881250000000E+01     2.9987996483554902E-01
 1.7237918750000002E+01     2.9381416755204548E-01
 1.7287956250000001E+01     2.8761955563759473E-01
 1.7337993749999999E+01     2.8129276649219004E-01
 1.7388031250000001E+01     2.7483146284904858E-01
 1.7438068749999999E+01     2.6823424385452105E-01
 1.7488106250000001E+01     2.6150055224871194E-01
 1.7538143750000000E+01     2.5463058238561825E-01
 1.7588181250000002E+01     2.4762519338337186E-01
 1.7638218750000000E+01     2.4048583111863953E-01
 1.7688256250000002E+01     2.3321446211844021E-01
 1.7738293750000000E+01     2.2581352169242652E-01
 1.7788331249999999E+01     2.1828587792137522E-01
 1.7838368750000001E+01     2.1063481240032306E-01
 1.7888406249999999E+01     2.0286401794734088E-01
 1.7938443750000001E+01     1.9497761284994253E-01
 1.7988481250000000E+01     1.8698017064348330E-01
 1.8038518750000001E+01     1.7887676391258359E-01
 1.8088556250000000E+01     1.7067302018678179E-01
 1.8138593750000002E+01     1.6237518767479742E-01
 1.8188631250000000E+01     1.5399020835379212E-01
 1.8238668750000002E+01     1.4552517555758065E-01
 1.8288706250000001E+01     1.3698427727596063E-01
 1.8338743749999999E+01     1.2837118095678349E-01
 1.8388781250000001E+01     1.1969043255617869E-01
 1.8438818749999999E+01     1.1094745604228513E-01
 1.8488856250000001E+01     1.0214855442273331E-01
 1.8538893750000000E+01     9.3300908007342670E-02
 1.8588931250000002E+01     8.4412566298838698E-02
 1.8638968750000000E+01     7.5492431621380321E-02
 1.8689006250000002E+01     6.6550233791980315E-02
 1.8739043750000000E+01     5.7596496007572676E-02
 1.8789081249999999E+01     4.8642492757656260E-02
 1.8839118750000001E+01     3.9700201031384247E-02
 1.8889156249999999E+01     3.0782246398305853E-02
 1.8939193750000001E+01     2.1901845724495307E-02
 1.8989231250000000E+01     1.3072748354804188E-02
 1.9039268750000002E+01     4.3091775610871533E-03
 1.9089306250000000E+01    -4.3742260624924281E-03
 1.9139343750000002E+01    -1.2962457769965591E-02
 1.9189381250000000E+01    -2.1440197169963381E-02
 1.9239418749999999E+01    -2.9791851146731083E-02
 1.9289456250000001E+01    -3.8001590623232072E-02
 1.9339493749999999E+01    -4.6053380971899614E-02
 1.9389531250000001E+01    -5.3931006276609600E-02
 1.9439568749999999E+01    -6.1618088058660377E-02
 1.9489606250000001E+01    -6.9098099492459694E-02
 1.9539643750000000E+01    -7.6354376547179248E-02
 1.9589681250000002E+01    -8.3370127893959520E-02
 1.9639718750000000E+01    -9.0128445810580202E-02
 1.9689756250000002E+01    -9.6612320694984544E-02
 1.9739793750000000E+01    -1.0280466216341087E-01
 1.9789831249999999E+01    -1.0868833005872748E-01
 1.9839868750000001E+01    -1.1424617902734258E-01
 1.9889906249999999E+01    -1.1946112063816469E-01
 1.9939943750000001E+01    -1.2431620730823219E-01
 1.9989981250000000E+01    -1.2879474255759307E-01
 2.0040018750000002E+01    -1.3288042232266656E-01
 2.0090056250000000E+01    -1.3655751218331202E-01
 2.0140093750000002E+01    -1.3981106536047863E-01
 2.0190131250000000E+01    -1.4262718615462253E-01
 2.0240168749999999E+01    -1.4499334303403114E-01
 2.0290206250000001E+01    -1.4689873473573950E-01
 2.0340243749999999E+01    -1.4833471137321300E-01
 2.0390281250000001E+01    -1.4929525049996645E-01
 2.0440318749999999E+01    -1.4977748519350925E-01
 2.0490356250000001E+01    -1.4978227735007724E-01
 2.0540393750000000E+01    -1.4931482441549829E-01
 2.0590431250000002E+01    -1.4838528170930032E-01
 2.0640468750000000E+01    -1.4700937546299889E-01
 2.0690506250000002E+01    -1.4520897403531610E-01
 2.0740543750000001E+01    -1.4301257709553994E-01
 2.0790581249999999E+01    -1.4045567579480916E-01
 2.0840618750000001E+01    -1.3758093228090665E-01
 2.0890656249999999E+01    -1.3443812578124575E-01
 2.0940693750000001E+01    -1.3108381636559507E-01
 2.0990731250000000E+01    -1.2758068768534897E-01
 2.1040768750000002E+01    -1.2399654721107936E-01
 2.1090806250000000E+01    -1.2040298659264412E-01
 2.1140843750000002E+01    -1.1687373437571204E-01
 2.1190881250000000E+01    -1.1348276571233251E-01
 2.1240918749999999E+01    -1.1030226499023882E-01
 2.1290956250000001E+01    -1.0740056283774814E-01
 2.1340993749999999E+01    -1.0484018416644614E-01
 2.1391031250000001E+01    -1.0267614522899721E-01
 2.1441068749999999E+01    -1.0095462344362083E-01
 2.1491106250000001E+01    -9.9712094797898956E-02
 2.1541143750000000E+01    -9.8974993344039974E-02
 2.1591181250000002E+01    -9.8759900961883779E-02
 2.1641218750000000E+01    -9.9074229471523972E-02
 2.1691256250000002E+01    -9.9917317317178858E-02
 2.1741293750000001E+01    -1.0128183402798388E-01
 2.1791331249999999E+01    -1.0315536999892833E-01
 2.1841368750000001E+01    -1.0552208552686826E-01
 2.1891406249999999E+01    -1.0836342084475364E-01
 2.1941443750000001E+01    -1.1165804868315432E-01
 2.1991481250000000E+01    -1.1538505663376851E-01
 2.2041518750000002E+01    -1.1952528934034243E-01
 2.2091556250000000E+01    -1.2406204661831355E-01
 2.2141593750000002E+01    -1.2898151041235104E-01
 2.2191631250000000E+01    -1.3427290935183392E-01
 2.2241668749999999E+01    -1.3992844891052925E-01
 2.2291706250000001E+01    -1.4594304593783031E-01
 2.2341743749999999E+01    -1.5231391187233800E-01
 2.2391781250000001E+01    -1.5904003036536790E-01
 2.2441818749999999E+01    -1.6612157328956223E-01
 2.2491856250000001E+01    -1.7355929507093137E-01
 2.2541893750000000E+01    -1.8135393974066397E-01
 2.2591931250000002E+01    -1.8950568872413315E-01
 2.2641968750000000E+01    -1.9801367070750003E-01
 2.2692006249999999E+01    -2.0687554836207792E-01
 2.2742043750000001E+01    -2.1608719056367173E-01
 2.2792081249999999E+01    -2.2564243321445573E-01
 2.2842118750000001E+01    -2.3553292697346503E-01
 2.2892156249999999E+01    -2.4574806616941675E-01
 2.2942193750000001E+01    -2.5627498989845088E-01
 2.2992231250000000E+01    -2.6709864374975750E-01
 2.3042268750000002E+01    -2.7820188867875772E-01
 2.3092306250000000E+01    -2.8956564216948771E-01
 2.3142343750000002E+01    -3.0116903589861721E-01
 2.3192381250000000E+01    -3.1298957353765866E-01
 2.3242418749999999E+01    -3.2500327202752644E-01
 2.3292456250000001E+01    -3.3718476956813626E-01
 2.3342493749999999E+01    -3.4950738365632195E-01
 2.3392531250000001E+01    -3.6194310279090475E-01
 2.3442568750000000E+01    -3.7446249601033132E-01
 2.3492606250000001E+01    -3.8703452536930305E-01
 2.3542643750000000E+01    -3.9962624800754498E-01
 2.3592681250000002E+01    -4.1220239691318028E-01
 2.3642718750000000E+01    -4.2472483322415538E-01
 2.3692756249999999E+01    -4.3715186841154341E-01
 2.3742793750000001E+01    -4.4943746247273819E-01
 2.3792831249999999E+01    -4.6153031485234175E-01
 2.3842868750000001E+01    -4.7337287863347810E-01
 2.3892906249999999E+01    -4.8490034578844882E-01
 2.3942943750000001E+01    -4.9603967169602603E-01
 2.3992981250000000E+01    -5.0670872977726067E-01
 2.4043018750000002E+01    -5.1681571006408789E-01
 2.4093056250000000E+01    -5.2625889567862172E-01
 2.4143093750000002E+01    -5.3492696414337626E-01
 2.4193131250000000E+01    -5.4269996061198167E-01
 2.4243168749999999E+01    -5.4945107143617411E-01
 2.4293206250000001E+01    -5.5504928354323713E-01
 2.4343243749999999E+01    -5.5936294480853721E-01
 2.4393281250000001E+01    -5.6226414424577664E-01
 2.4443318750000000E+01    -5.6363371581323163E-01
 2.4493356250000001E+01    -5.6336655028980276E-01
 2.4543393750000000E+01    -5.6137679626526160E-01
 2.4593431250000002E+01    -5.5760246671831271E-01
 2.4643468750000000E+01    -5.5200896218492357E-01
 2.4693506249999999E+01    -5.4459108675749801E-01
 2.4743543750000001E+01    -5.3537326724752665E-01
 2.4793581249999999E+01    -5.2440787191607263E-01
 2.4843618750000001E+01    -5.1177173410491217E-01
 2.4893656249999999E+01    -4.9756118311396347E-01
 2.4943693750000001E+01    -4.8188603772165817E-01
 2.4993731250000000E+01    -4.6486310487352583E-01
 2.5043768750000002E+01    -4.4660973948904809E-01
 2.5093806250000000E+01    -4.2723796738165493E-01
 2.5143843750000002E+01    -4.0684956886277751E-01
 2.5193881250000000E+01    -3.8553238789677768E-01
 2.5243918749999999E+01    -3.6335799289807552E-01
 2.5293956250000001E+01    -3.4038068869126137E-01
 2.5343993749999999E+01    -3.1663777703594959E-01
 2.5394031250000001E+01    -2.9215089127168908E-01
 2.5444068750000000E+01    -2.6692818931825923E-01
 2.5494106250000002E+01    -2.4096736258967222E-01
 2.5544143750000000E+01    -2.1426559886738591E-01
 2.5594181250000002E+01    -1.8682484048465756E-01
 2.5644218750000000E+01    -1.5864696015519161E-01
 2.5694256249999999E+01    -1.2973650195609682E-01
 2.5744293750000001E+01    -1.0010381699856030E-01
 2.5794331249999999E+01    -6.9767922329148066E-02
 2.5844368750000001E+01    -3.8759006800426335E-02
 2.5894406249999999E+01    -7.1205312288376557E-03
 2.5944443750000001E+01     2.5089112128577687E-02
 2.5994481250000000E+01     5.7795401991436582E-02
 2.6044518750000002E+01     9.0906962319519488E-02
 2.6094556250000000E+01     1.2431530836935989E-01
 2.6144593749999999E+01     1.5789505482682525E-01
 2.6194631250000000E+01     1.9150456665547944E-01
 2.6244668749999999E+01     2.2498702432407447E-01
 2.6294706250000001E+01     2.5817186869953596E-01
 2.6344743749999999E+01     2.9087659032916902E-01
 2.6394781250000001E+01     3.2290883688823802E-01
 2.6444818750000000E+01     3.5406883397737482E-01
 2.6494856250000002E+01     3.8415214740890358E-01
 2.6544893750000000E+01     4.1295285274821214E-01
 2.6594931250000002E+01     4.4026720617429654E-01
 2.6644968750000000E+01     4.6589791066196251E-01
 2.6695006249999999E+01     4.8965902508002557E-01
 2.6745043750000001E+01     5.1138146288918895E-01
 2.6795081249999999E+01     5.3091888126558973E-01
 2.6845118750000001E+01     5.4815360022984283E-01
 2.6895156249999999E+01     5.6300205796129521E-01
 2.6945193750000001E+01     5.7541924608351924E-01
 2.6995231250000000E+01     5.8540160471930958E-01
 2.7045268750000002E+01     5.9298799271363067E-01
 2.7095306250000000E+01     5.9825855797626482E-01
 2.7145343749999999E+01     6.0133157296336315E-01
 2.7195381250000001E+01     6.0235852361008679E-01
 2.7245418749999999E+01     6.0151790840336572E-01
 2.7295456250000001E+01     5.9900829652411058E-01
 2.7345493749999999E+01     5.9504120718764919E-01
 2.7395531250000001E+01     5.8983431825721255E-01
 2.7445568750000000E+01     5.8360541124468956E-01
 2.7495606250000002E+01     5.7656733460726228E-01
 2.7545643750000000E+01     5.6892413797797359E-01
 2.7595681250000002E+01     5.6086841163734491E-01
 2.7645718750000000E+01     5.5257976722785318E-01
 2.7695756249999999E+01     5.4422432127614817E-01
 2.7745793750000001E+01     5.3595499249763723E-01
 2.7795831249999999E+01     5.2791239475269058E-01
 2.7845868750000001E+01     5.2022609648711182E-01
 2.7895906249999999E+01     5.1301602098209775E-01
 2.7945943750000001E+01     5.0639377668308150E-01
 2.7995981250000000E+01     5.0046373098389596E-01
 2.8046018750000002E+01     4.9532367275282596E-01
 2.8096056250000000E+01     4.9106494808516388E-01
 2.8146093749999999E+01     4.8777200025327561E-01
 2.8196131250000001E+01     4.8552129844057501E-01
 2.8246168749999999E+01     4.8437969934307112E-01
 2.8296206250000001E+01     4.8440234777616042E-01
 2.8346243749999999E+01     4.8563028102163580E-01
 2.8396281250000001E+01     4.8808794835215297E-01
 2.8446318750000000E+01     4.9178088260676911E-01
 2.8496356250000002E+01     4.9669375721000175E-01
 2.8546393750000000E+01     5.0278902677302184E-01
 2.8596431250000002E+01     5.1000628660233871E-01
 2.8646468750000000E+01     5.1826240746852303E-01
 2.8696506249999999E+01     5.2745242274629656E-01
 2.8746543750000001E+01     5.3745108096364036E-01
 2.8796581249999999E+01     5.4811493755882845E-01
 2.8846618750000001E+01     5.5928484586921301E-01
 2.8896656249999999E+01     5.7078871121433172E-01
 2.8946693750000001E+01     5.8244438148720323E-01
 2.8996731250000000E+01     5.9406255332534652E-01
 2.9046768750000002E+01     6.0544957261699739E-01
 2.9096806250000000E+01     6.1641000861083783E-01
 2.9146843749999999E+01     6.2675036628335001E-01
 2.9196881250000001E+01     6.3629565816479527E-01
 2.9246918749999999E+01     6.4488472469619285E-01
 2.9296956250000001E+01     6.5236156828836045E-01
 2.9346993749999999E+01     6.5857626670547464E-01
 2.9397031250000001E+01     6.6338606426899571E-01
 2.9447068750000000E+01     6.6665671942239413E-01
 2.9497106250000002E+01     6.6826429466578807E-01
 2.9547143750000000E+01     6.6809748949133374E-01
 2.9597181249999998E+01     6.6606050507456094E-01
 2.9647218750000000E+01     6.6207631324242278E-01
 2.9697256249999999E+01     6.5609010316396676E-01
 2.9747293750000001E+01     6.4807261323006982E-01
 2.9797331249999999E+01     6.3802303071030153E-01
 2.9847368750000001E+01     6.2597115823136562E-01
 2.9897406250000000E+01     6.1197859810719013E-01
 2.9947443750000001E+01     5.9613878354022409E-01
 2.9997481250000000E+01     5.7857577857999110E-01
 3.0047518750000002E+01     5.5944186537317919E-01
 3.0097556250000000E+01     5.3891402771412156E-01
 3.0147593749999999E+01     5.1718951612604758E-01
 3.0197631250000001E+01     4.9448073593275749E-01
 3.0247668749999999E+01     4.7100973286402881E-01
 3.0297706250000001E+01     4.4700256011782552E-01
 3.0347743749999999E+01     4.2268379826383784E-01
 3.0397781250000001E+01     3.9827146856327555E-01
 3.0447818750000000E+01     3.7397253604354125E-01
 3.0497856250000002E+01     3.4997914634253646E-01
 3.0547893750000000E+01     3.2646568509477580E-01
 3.0597931249999998E+01     3.0358669497876939E-01
 3.0647968750000000E+01     2.8147563701981726E-01
 3.0698006249999999E+01     2.6024444180289424E-01
 3.0748043750000001E+01     2.3998376431591989E-01
 3.0798081249999999E+01     2.2076383372631322E-01
 3.0848118750000001E+01     2.0263577627745763E-01
 3.0898156250000000E+01     1.8563328490822520E-01
 3.0948193750000002E+01     1.6977451199922261E-01
 3.0998231250000000E+01     1.5506407044491413E-01
 3.1048268750000002E+01     1.4149504154396847E-01
 3.1098306250000000E+01     1.2905090449951362E-01
 3.1148343749999999E+01     1.1770732022925878E-01
 3.1198381250000001E+01     1.0743372048355629E-01
 3.1248418749999999E+01     9.8194670955765145E-02
 3.1298456250000001E+01     8.9950993390389505E-02
 3.1348493749999999E+01     8.2660646135073068E-02
 3.1398531250000001E+01     7.6279374847532125E-02
 3.1448568750000000E+01     7.0761155038993384E-02
 3.1498606250000002E+01     6.6058455828843218E-02
 3.1548643750000000E+01     6.2122359804803032E-02
 3.1598681249999998E+01     5.8902577380877452E-02
 3.1648718750000000E+01     5.6347395683221134E-02
 3.1698756249999999E+01     5.4403601925220105E-02
 3.1748793750000001E+01     5.3016419580060509E-02
 3.1798831249999999E+01     5.2129492520524068E-02
 3.1848868750000001E+01     5.1684947746734322E-02
 3.1898906250000000E+01     5.1623561441771673E-02
 3.1948943750000002E+01     5.1885045989149545E-02
 3.1998981250000000E+01     5.2408467425749755E-02
 3.2049018750000002E+01     5.3132793854439933E-02
 3.2099056249999997E+01     5.3997565989596208E-02
 3.2149093749999999E+01     5.4943671768859767E-02
 3.2199131250000001E+01     5.5914198458413986E-02
 3.2249168750000003E+01     5.6855328596545289E-02
 3.2299206249999997E+01     5.7717241141418824E-02
 3.2349243749999999E+01     5.8454976899576447E-02
 3.2399281250000001E+01     5.9029228103555320E-02
 3.2449318750000003E+01     5.9407015996216520E-02
 3.2499356249999998E+01     5.9562227253287484E-02
 3.2549393750000000E+01     5.9475989482347155E-02
 3.2599431250000002E+01     5.9136877026834414E-02
 3.2649468749999997E+01     5.8540949816510139E-02
 3.2699506249999999E+01     5.7691638890186775E-02
 3.2749543750000001E+01     5.6599501364138868E-02
 3.2799581250000003E+01     5.5278381707111732E-02
 3.2849618749999998E+01     5.3732482044177000E-02
 3.2899656250000000E+01     5.1967368329144052E-02
 3.2949693750000002E+01     4.9994125370350626E-02
 3.2999731250000004E+01     4.7828890215392252E-02
 3.3049768749999998E+01     4.5492359654636480E-02
 3.3099806250000000E+01     4.3009283961818010E-02
 3.3149843750000002E+01     4.0407948277285638E-02
 3.3199881249999997E+01     3.7719634081656461E-02
 3.3249918749999999E+01     3.4978046769219617E-02
 3.3299956250000001E+01     3.2218692582397068E-02
 3.3349993750000003E+01     2.9478190012270710E-02
 3.3400031249999998E+01     2.6793507635946141E-02
 3.3450068750000000E+01     2.4201132021276564E-02
 3.3500106250000002E+01     2.1736184785303765E-02
 3.3550143749999997E+01     1.9431525336980674E-02
 3.3600181249999999E+01     1.7316892743437881E-02
 3.3650218750000001E+01     1.5418153538852574E-02
 3.3700256250000002E+01     1.3756729093339307E-02
 3.3750293749999997E+01     1.2349273802338467E-02
 3.3800331249999999E+01     1.1207662341742797E-02
 3.3850368750000001E+01     1.0339320642828408E-02
 3.3900406250000003E+01     9.7479030408821055E-03
 3.3950443749999998E+01     9.4342810451812677E-03
 3.4000481250000000E+01     9.3977725412271104E-03
 3.4050518750000002E+01     9.6375096719656782E-03
 3.4100556249999997E+01     1.0153824311618686E-02
 3.4150593749999999E+01     1.0949525485067623E-02
 3.4200631250000001E+01     1.2030954429962859E-02
 3.4250668750000003E+01     1.3408728668324276E-02
 3.4300706249999998E+01     1.5098122446015699E-02
 3.4350743749999999E+01     1.7119071591887507E-02
 3.4400781250000001E+01     1.9495830143048665E-02
 3.4450818750000003E+01     2.2256338560671017E-02
 3.4500856249999998E+01     2.5431385218177439E-02
 3.4550893750000000E+01     2.9053652391058837E-02
 3.4600931250000002E+01     3.3156735654224168E-02
 3.4650968749999997E+01     3.7774213558109421E-02
 3.4701006249999999E+01     4.2938825928954635E-02
 3.4751043750000001E+01     4.8681797659954874E-02
 3.4801081250000003E+01     5.5032323648971274E-02
 3.4851118749999998E+01     6.2017212056414854E-02
 3.4901156250000000E+01     6.9660668805296297E-02
 3.4951193750000002E+01     7.7984196782713566E-02
 3.5001231250000004E+01     8.7006578310259777E-02
 3.5051268749999998E+01     9.6743908383494670E-02
 3.5101306250000000E+01     1.0720964792575396E-01
 3.5151343750000002E+01     1.1841466980094847E-01
 3.5201381249999997E+01     1.3036727464675937E-01
 3.5251418749999999E+01     1.4307315799814585E-01
 3.5301456250000001E+01     1.5653531419446792E-01
 3.5351493750000003E+01     1.7075386596234257E-01
 3.5401531249999998E+01     1.8572581130543830E-01
 3.5451568750000000E+01     2.0144468152889727E-01
 3.5501606250000002E+01     2.1790010610568117E-01
 3.5551643749999997E+01     2.3507728194629307E-01
 3.5601681249999999E+01     2.5295634678178869E-01
 3.5651718750000001E+01     2.7151165914250436E-01
 3.5701756250000003E+01     2.9071099112025450E-01
 3.5751793749999997E+01     3.1051464501635306E-01
 3.5801831249999999E+01     3.3087451131433709E-01
 3.5851868750000001E+01     3.5173309329693514E-01
 3.5901906250000003E+01     3.7302253304604499E-01
 3.5951943749999998E+01     3.9466368433348292E-01
 3.6001981250000000E+01     4.1656528961106654E-01
 3.6052018750000002E+01     4.3862333023325911E-01
 3.6102056249999997E+01     4.6072063015049725E-01
 3.6152093749999999E+01     4.8272680220260566E-01
 3.6202131250000001E+01     5.0449863109014881E-01
 3.6252168750000003E+01     5.2588098614365386E-01
 3.6302206249999998E+01     5.4670834811451330E-01
 3.6352243750000000E+01     5.6680701555853652E-01
 3.6402281250000001E+01     5.8599802672556744E-01
 3.6452318750000003E+01     6.0410079196234101E-01
 3.6502356249999998E+01     6.2093738064831316E-01
 3.6552393750000000E+01     6.3633734853140678E-01
 3.6602431250000002E+01     6.5014293076702057E-01
 3.6652468749999997E+01     6.6221436937695144E-01
 3.6702506249999999E+01     6.7243509863368434E-01
 3.6752543750000001E+01     6.8071648545508834E-01
 3.6802581250000003E+01     6.8700182043158553E-01
 3.6852618749999998E+01     6.9126928221167894E-01
 3.6902656250000000E+01     6.9353365365333786E-01
 3.6952693750000002E+01     6.9384664832632748E-01
 3.7002731249999997E+01     6.9229580272703983E-01
 3.7052768749999998E+01     6.8900199228752124E-01
 3.7102806250000000E+01     6.8411572619225269E-01
 3.7152843750000002E+01     6.7781245628292552E-01
 3.7202881249999997E+01     6.7028719067839759E-01
 3.7252918749999999E+01     6.6174872873140145E-01
 3.7302956250000001E+01     6.5241383038423129E-01
 3.7352993750000003E+01     6.4250160350154395E-01
 3.7403031249999998E+01     6.3222834375998938E-01
 3.7453068750000000E+01     6.2180300099156571E-01
 3.7503106250000002E+01     6.1142338137386254E-01
 3.7553143749999997E+01     6.0127313333369348E-01
 3.7603181249999999E+01     5.9151951150632798E-01
 3.7653218750000001E+01     5.8231187058706402E-01
 3.7703256250000003E+01     5.7378081053839503E-01
 3.7753293749999997E+01     5.6603787596725896E-01
 3.7803331249999999E+01     5.5917570410784667E-01
 3.7853368750000001E+01     5.5326851572110547E-01
 3.7903406250000003E+01     5.4837284918681206E-01
 3.7953443749999998E+01     5.4452844808988843E-01
 3.8003481250000000E+01     5.4175922498817064E-01
 3.8053518750000002E+01     5.4007423748638406E-01
 3.8103556249999997E+01     5.3946862632659731E-01
 3.8153593749999999E+01     5.3992447837995017E-01
 3.8203631250000001E+01     5.4141158990754268E-01
 3.8253668750000003E+01     5.4388811715399332E-01
 3.8303706249999998E+01     5.4730111225937361E-01
 3.8353743750000000E+01     5.5158695266554003E-01
 3.8403781250000002E+01     5.5667168166756398E-01
 3.8453818749999996E+01     5.6247128646050770E-01
 3.8503856249999998E+01     5.6889194779047247E-01
 3.8553893750000000E+01     5.7583030185643791E-01
 3.8603931250000002E+01     5.8317376003128707E-01
 3.8653968749999997E+01     5.9080093479768780E-01
 3.8704006249999999E+01     5.9858222050555421E-01
 3.8754043750000001E+01     6.0638057465143491E-01
 3.8804081250000003E+01     6.1405253895819834E-01
 3.8854118749999998E+01     6.2144952937699194E-01
 3.8904156250000000E+01     6.2841941029945347E-01
 3.8954193750000002E+01     6.3480835115326517E-01
 3.9004231249999997E+01     6.4046294394159109E-01
 3.9054268749999999E+01     6.4469881897212244E-01
 3.9104306250000000E+01     6.4366137971684312E-01
 3.9154343750000002E+01     6.3631359251528852E-01
 3.9204381249999997E+01     6.2252945855713326E-01
 3.9254418749999999E+01     6.0241962169369423E-01
 3.9304456250000001E+01     5.7631277516504098E-01
 3.9354493750000003E+01     5.4473921375453160E-01
 3.9404531249999998E+01     5.0840869056205140E-01
 3.9454568750000000E+01     4.6817878864822354E-01
 3.9504606250000002E+01     4.2501298187688596E-01
 3.9554643749999997E+01     3.7992946474932360E-01
 3.9604681249999999E+01     3.3394310725739679E-01
 3.9654718750000001E+01     2.8800416385213340E-01
 3.9704756250000003E+01     2.4293920562343238E-01
 3.9754793749999997E+01     1.9940228851207584E-01
 3.9804831249999999E+01     1.5784697735220637E-01
 3.9854868750000001E+01     1.1853105075367240E-01
 3.9904906250000003E+01     8.1563712479087738E-02
 3.9954943749999998E+01     4.6998760275928843E-02
 4.0004981250000000E+01     1.4966802901773527E-02
