#                  time                       real
 2.5018749999999999E-02     9.5128885289094342E-03
 7.5056249999999991E-02     2.7973002603367533E-02
 1.2509375000000000E-01     4.5651001225434099E-02
 1.7513124999999999E-01     6.2504299240672717E-02
 2.2516875000000000E-01     7.8476961475500900E-02
 2.7520624999999999E-01     9.3499089426892903E-02
 3.2524374999999994E-01     1.0748960031346512E-01
 3.7528124999999996E-01     1.2036253580827989E-01
 4.2531874999999997E-01     1.3203655278298854E-01
 4.7535624999999998E-01     1.4244674639522958E-01
 5.2539374999999999E-01     1.5155750064105172E-01
 5.7543124999999995E-01     1.5937472423779661E-01
 6.2546874999999991E-01     1.6595567856130614E-01
 6.7550624999999997E-01     1.7141469092856726E-01
 7.2554374999999993E-01     1.7592339180629063E-01
 7.7558125000000000E-01     1.7970469839300462E-01
 8.2561874999999996E-01     1.8302052495192711E-01
 8.7565624999999991E-01     1.8615403001941327E-01
 9.2569374999999998E-01     1.8938798850500002E-01
 9.7573124999999994E-01     1.9298148033503615E-01
 1.0257687500000001E+00     1.9699632095989328E-01
 1.0758062500000001E+00     2.0069068725489886E-01
 1.1258437500000000E+00     2.0395620859597746E-01
 1.1758812500000000E+00     2.0681354868236101E-01
 1.2259187499999999E+00     2.0928306153237691E-01
 1.2759562500000001E+00     2.1138460217061636E-01
 1.3259937500000001E+00     2.1313733914553418E-01
 1.3760312500000000E+00     2.1455957209710835E-01
 1.4260687500000000E+00     2.1566855759333953E-01
 1.4761062500000000E+00     2.1648034637387378E-01
 1.5261437500000001E+00     2.1700963498155842E-01
 1.5761812500000001E+00     2.1726963453297471E-01
 1.6262187500000000E+00     2.1727195908318570E-01
 1.6762562500000000E+00     2.1702653568657831E-01
 1.7262937500000000E+00     2.1654153785356628E-01
 1.7763312500000001E+00     2.1582334366261827E-01
 1.8263687500000001E+00     2.1487651931922211E-01
 1.8764062500000001E+00     2.1370382846928188E-01
 1.9264437500000000E+00     2.1230626708561590E-01
 1.9764812500000000E+00     2.1068312326396971E-01
 2.0265187500000001E+00     2.0883206080050645E-01
 2.0765562499999999E+00     2.0674922498691700E-01
 2.1265937500000001E+00     2.0442936866191519E-01
 2.1766312500000002E+00     2.0186599620859114E-01
 2.2266687500000000E+00     1.9905152289338085E-01
 2.2767062500000002E+00     1.9597744671127068E-01
 2.3267437499999999E+00     1.9263452973837411E-01
 2.3767812500000001E+00     1.8901298590011872E-01
 2.4268187499999998E+00     1.8510267204265629E-01
 2.4768562500000000E+00     1.8089327924575790E-01
 2.5268937500000002E+00     1.7637452143471788E-01
 2.5769312499999999E+00     1.7153631853192311E-01
 2.6269687500000001E+00     1.6636897162889849E-01
 2.6770062499999998E+00     1.6086332794893546E-01
 2.7270437500000000E+00     1.5501093369871097E-01
 2.7770812500000002E+00     1.4880417326434872E-01
 2.8271187499999999E+00     1.4223639358159240E-01
 2.8771562500000001E+00     1.3530201288951527E-01
 2.9271937499999998E+00     1.2799661345127589E-01
 2.9772312500000000E+00     1.2031701818253800E-01
 3.0272687500000002E+00     1.1226135145850281E-01
 3.0773062499999999E+00     1.0382908466517637E-01
 3.1273437500000001E+00     9.5021067311816781E-02
 3.1773812499999998E+00     8.5839544724121739E-02
 3.2274187500000000E+00     7.6288163487134700E-02
 3.2774562500000002E+00     6.6371965901078911E-02
 3.3274937499999999E+00     5.6097374751775404E-02
 3.3775312500000001E+00     4.5472169681059688E-02
 3.4275687499999998E+00     3.4505456374586171E-02
 3.4776062500000000E+00     2.3207629668496817E-02
 3.5276437500000002E+00     1.1590331518195943E-02
 3.5776812499999999E+00    -3.3359542183706865E-04
 3.6277187500000001E+00    -1.2550158081290692E-02
 3.6777562499999998E+00    -2.5044266838118452E-02
 3.7277937500000000E+00    -3.7799792937115009E-02
 3.7778312500000002E+00    -5.0799629695324991E-02
 3.8278687499999999E+00    -6.4025757978810632E-02
 3.8779062500000001E+00    -7.7459316670980660E-02
 3.9279437499999998E+00    -9.1080679061861194E-02
 3.9779812500000000E+00    -1.0486953626002274E-01
 4.0280187500000002E+00    -1.1880498885426785E-01
 4.0780562500000004E+00    -1.3286564812059432E-01
 4.1280937499999997E+00    -1.4702974807179858E-01
 4.1781312499999999E+00    -1.6127526957375979E-01
 4.2281687500000000E+00    -1.7558007759645511E-01
 4.2782062500000002E+00    -1.8992207242317452E-01
 4.3282437500000004E+00    -2.0427935530501473E-01
 4.3782812499999997E+00    -2.1863040861850480E-01
 4.4283187499999999E+00    -2.3295429006542834E-01
 4.4783562500000000E+00    -2.4723083985185612E-01
 4.5283937500000002E+00    -2.6144089910973622E-01
 4.5784312500000004E+00    -2.7556653709494777E-01
 4.6284687499999997E+00    -2.8959128393138506E-01
 4.6785062499999999E+00    -3.0350036489704468E-01
 4.7285437500000000E+00    -3.1728093149489373E-01
 4.7785812500000002E+00    -3.3092228385158490E-01
 4.8286187499999995E+00    -3.4441607837629762E-01
 4.8786562499999997E+00    -3.5775651412566289E-01
 4.9286937499999999E+00    -3.7094049099462817E-01
 4.9787312500000001E+00    -3.8396773271801410E-01
 5.0287687500000002E+00    -3.9684086775177585E-01
 5.0788062499999995E+00    -4.0956546142583750E-01
 5.1288437499999997E+00    -4.2214999333486436E-01
 5.1788812499999999E+00    -4.3460577476112605E-01
 5.2289187500000001E+00    -4.4694680199792353E-01
 5.2789562500000002E+00    -4.5918954274475787E-01
 5.3289937499999995E+00    -4.7135265424929973E-01
 5.3790312499999997E+00    -4.8345663354115753E-01
 5.4290687499999999E+00    -4.9552340189583877E-01
 5.4791062500000001E+00    -5.0757582753810015E-01
 5.5291437500000002E+00    -5.1963719249352314E-01
 5.5791812499999995E+00    -5.3173061137685318E-01
 5.6292187499999997E+00    -5.4387841171959428E-01
 5.6792562499999999E+00    -5.5610148714381991E-01
 5.7292937500000001E+00    -5.6841863624527966E-01
 5.7793312500000003E+00    -5.8084590142148507E-01
 5.8293687499999995E+00    -5.9339592303592636E-01
 5.8794062499999997E+00    -6.0607732521698154E-01
 5.9294437499999999E+00    -6.1889415021463745E-01
 5.9794812500000001E+00    -6.3184535854333668E-01
 6.0295187500000003E+00    -6.4492441208080020E-01
 6.0795562499999996E+00    -6.5811895681949728E-01
 6.1295937499999997E+00    -6.7141062102210469E-01
 6.1796312499999999E+00    -6.8477494305065334E-01
 6.2296687500000001E+00    -6.9818144105940827E-01
 6.2797062500000003E+00    -7.1159383400748477E-01
 6.3297437499999996E+00    -7.2497042002087542E-01
 6.3797812499999997E+00    -7.3826461400710941E-01
 6.4298187499999999E+00    -7.5142564163194403E-01
 6.4798562500000001E+00    -7.6439938139580166E-01
 6.5298937500000003E+00    -7.7712934075078366E-01
 6.5799312499999996E+00    -7.8955774619850572E-01
 6.6299687499999997E+00    -8.0162672139411650E-01
 6.6800062499999999E+00    -8.1327952179635199E-01
 6.7300437500000001E+00    -8.2446178972733053E-01
 6.7800812500000003E+00    -8.3512279022551950E-01
 6.8301187499999996E+00    -8.4521658614603901E-01
 6.8801562499999998E+00    -8.5470311087274320E-01
 6.9301937499999999E+00    -8.6354909893603149E-01
 6.9802312500000001E+00    -8.7172883882392238E-01
 7.0302687500000003E+00    -8.7922471821989800E-01
 7.0803062499999996E+00    -8.8602753953106539E-01
 7.1303437499999998E+00    -8.9213659247384036E-01
 7.1803812499999999E+00    -8.9755948014157472E-01
 7.2304187500000001E+00    -9.0231170480700329E-01
 7.2804562500000003E+00    -9.0641602934162213E-01
 7.3304937499999996E+00    -9.0990433649598812E-01
 7.3805312499999998E+00    -9.1282334305130919E-01
 7.4305687499999999E+00    -9.1522609033507396E-01
 7.4806062500000001E+00    -9.1716865646470014E-01
 7.5306437500000003E+00    -9.1870887704748294E-01
 7.5806812499999996E+00    -9.1990505972216452E-01
 7.6307187499999998E+00    -9.2081472949411203E-01
 7.6807562500000000E+00    -9.2149343786566684E-01
 7.7307937500000001E+00    -9.2199366413357997E-01
 7.7808312500000003E+00    -9.2236383226826490E-01
 7.8308687499999996E+00    -9.2264746179751222E-01
 7.8809062499999998E+00    -9.2288246630880688E-01
 7.9309437500000000E+00    -9.2310060869776078E-01
 7.9809812500000001E+00    -9.2332711819553526E-01
 8.0310187499999994E+00    -9.2358047051573022E-01
 8.0810562499999996E+00    -9.2387232914317530E-01
 8.1310937499999998E+00    -9.2420764279497192E-01
 8.1811312499999982E+00    -9.2458489136246857E-01
 8.2311687499999984E+00    -9.2499647014818775E-01
 8.2812062499999985E+00    -9.2542919991531347E-01
 8.3312437499999987E+00    -9.2586494816272336E-01
 8.3812812499999989E+00    -9.2628134514067706E-01
 8.4313187499999991E+00    -9.2665257646475307E-01
 8.4813562499999993E+00    -9.2695023281566469E-01
 8.5313937499999994E+00    -9.2714419618467092E-01
 8.5814312499999996E+00    -9.2720354149498552E-01
 8.6314687499999998E+00    -9.2709743225056707E-01
 8.6815062499999982E+00    -9.2679598917655548E-01
 8.7315437499999984E+00    -9.2627111164840303E-01
 8.7815812499999986E+00    -9.2549723306746645E-01
 8.8316187499999987E+00    -9.2445199321998306E-01
 8.8816562499999989E+00    -9.2311681301696968E-01
 8.9316937499999991E+00    -9.2147735979980805E-01
 8.9817312499999993E+00    -9.1952389452942596E-01
 9.0317687499999995E+00    -9.1725149555766550E-01
 9.0818062499999996E+00    -9.1466015719349658E-01
 9.1318437499999998E+00    -9.1175476479992512E-01
 9.1818812499999982E+00    -9.0854495156177428E-01
 9.2319187499999984E+00    -9.0504484522692419E-01
 9.2819562499999986E+00    -9.0127271592854363E-01
 9.3319937499999988E+00    -8.9725053855046200E-01
 9.3820312499999989E+00    -8.9300348492511938E-01
 9.4320687499999991E+00    -8.8855936240867428E-01
 9.4821062499999993E+00    -8.8394801604036655E-01
 9.5321437499999995E+00    -8.7920071157175195E-01
 9.5821812499999997E+00    -8.7434951617993384E-01
 9.6322187499999981E+00    -8.6942669271330186E-01
 9.6822562499999982E+00    -8.6446412193154232E-01
 9.7322937499999984E+00    -8.5949276547680897E-01
 9.7823312499999986E+00    -8.5454218034222751E-01
 9.8323687499999988E+00    -8.4964009347460334E-01
 9.8824062499999989E+00    -8.4481204294896917E-01
 9.9324437499999991E+00    -8.4008108996011077E-01
 9.9824812499999993E+00    -8.3546760375850015E-01
 1.0032518749999999E+01    -8.3098911967071121E-01
 1.0082556250000000E+01    -8.2666026853054242E-01
 1.0132593749999998E+01    -8.2249277423756861E-01
 1.0182631249999998E+01    -8.1849551477460813E-01
 1.0232668749999998E+01    -8.1467464086431685E-01
 1.0282706249999999E+01    -8.1103374553035645E-01
 1.0332743749999999E+01    -8.0757407714536678E-01
 1.0382781249999999E+01    -8.0429478808715626E-01
 1.0432818749999999E+01    -8.0119321087380546E-01
 1.0482856249999999E+01    -7.9826515359258809E-01
 1.0532893749999999E+01    -7.9550520656052970E-01
 1.0582931250000000E+01    -7.9290705243940229E-01
 1.0632968749999998E+01    -7.9046377245728783E-01
 1.0683006249999998E+01    -7.8816814194532192E-01
 1.0733043749999998E+01    -7.8601290906344934E-01
 1.0783081249999999E+01    -7.8399105134640179E-01
 1.0833118749999999E+01    -7.8209600553059655E-01
 1.0883156249999999E+01    -7.8032186700728756E-01
 1.0933193749999999E+01    -7.7866349753448483E-01
 1.0983231249999999E+01    -7.7711278075866685E-01
 1.1033268750000000E+01    -7.7565630147931308E-01
 1.1083306250000000E+01    -7.7428118013975600E-01
 1.1133343749999998E+01    -7.7297567664514388E-01
 1.1183381249999998E+01    -7.7172918561928783E-01
 1.1233418749999998E+01    -7.7053220225524299E-01
 1.1283456249999999E+01    -7.6937626155195249E-01
 1.1333493749999999E+01    -7.6825385422957893E-01
 1.1383531249999999E+01    -7.6715832302600173E-01
 1.1433568749999999E+01    -7.6608374338815621E-01
 1.1483606249999999E+01    -7.6502479277937563E-01
 1.1533643750000000E+01    -7.6397661292515484E-01
 1.1583681250000000E+01    -7.6293466931484633E-01
 1.1633718749999998E+01    -7.6189461216780818E-01
 1.1683756249999998E+01    -7.6085214286478853E-01
 1.1733793749999998E+01    -7.5980288954497821E-01
 1.1783831249999999E+01    -7.5874229518676373E-01
 1.1833868749999999E+01    -7.5766552103487239E-01
 1.1883906249999999E+01    -7.5656736772198385E-01
 1.1933943749999999E+01    -7.5544221587183624E-01
 1.1983981249999999E+01    -7.5428398737823021E-01
 1.2034018750000000E+01    -7.5308612794483465E-01
 1.2084056250000000E+01    -7.5184161086020174E-01
 1.2134093749999998E+01    -7.5054296138610377E-01
 1.2184131249999998E+01    -7.4918230057055446E-01
 1.2234168749999998E+01    -7.4775140677345253E-01
 1.2284206249999999E+01    -7.4624179272766100E-01
 1.2334243749999999E+01    -7.4464479556165852E-01
 1.2384281249999999E+01    -7.4295167689308750E-01
 1.2434318749999999E+01    -7.4115372987376782E-01
 1.2484356249999999E+01    -7.3924238993053892E-01
 1.2534393750000000E+01    -7.3720934590683385E-01
 1.2584431250000000E+01    -7.3504664836596256E-01
 1.2634468749999998E+01    -7.3274681196613101E-01
 1.2684506249999998E+01    -7.3030290905324502E-01
 1.2734543749999998E+01    -7.2770865193050260E-01
 1.2784581249999999E+01    -7.2495846164383104E-01
 1.2834618749999999E+01    -7.2204752155402796E-01
 1.2884656249999999E+01    -7.1897181443576874E-01
 1.2934693749999999E+01    -7.1572814233403248E-01
 1.2984731249999999E+01    -7.1231412890319179E-01
 1.3034768750000000E+01    -7.0872820443707962E-01
 1.3084806249999998E+01    -7.0496957425458295E-01
 1.3134843749999998E+01    -7.0103817152143699E-01
 1.3184881249999998E+01    -6.9693459595294305E-01
 1.3234918749999999E+01    -6.9266004014637339E-01
 1.3284956249999999E+01    -6.8821620552899709E-01
 1.3334993749999999E+01    -6.8360521007484554E-01
 1.3385031249999999E+01    -6.7882949004049442E-01
 1.3435068749999999E+01    -6.7389169799865523E-01
 1.3485106249999999E+01    -6.6879459941322705E-01
 1.3535143750000000E+01    -6.6354096990659139E-01
 1.3585181249999998E+01    -6.5813349522736475E-01
 1.3635218749999998E+01    -6.5257467574323513E-01
 1.3685256249999998E+01    -6.4686673706788200E-01
 1.3735293749999999E+01    -6.4101154819366435E-01
 1.3785331249999999E+01    -6.3501054825077974E-01
 1.3835368749999999E+01    -6.2886468275814389E-01
 1.3885406249999999E+01    -6.2257434997903038E-01
 1.3935443749999999E+01    -6.1613935775159812E-01
 1.3985481249999999E+01    -6.0955889093684212E-01
 1.4035518750000000E+01    -6.0283148941799225E-01
 1.4085556249999998E+01    -5.9595503639933389E-01
 1.4135593749999998E+01    -5.8892675659052984E-01
 1.4185631249999998E+01    -5.8174322372546194E-01
 1.4235668749999999E+01    -5.7440037675313715E-01
 1.4285706249999999E+01    -5.6689354395047209E-01
 1.4335743749999999E+01    -5.5921747414240031E-01
 1.4385781249999999E+01    -5.5136637417143564E-01
 1.4435818749999999E+01    -5.4333395173472088E-01
 1.4485856249999999E+01    -5.3511346269937343E-01
 1.4535893750000000E+01    -5.2669776201452845E-01
 1.4585931249999998E+01    -5.1807979705721907E-01
 1.4635968749999998E+01    -5.0925904541822131E-01
 1.4686006249999998E+01    -5.0024012645002036E-01
 1.4736043749999999E+01    -4.9102762128508864E-01
 1.4786081249999999E+01    -4.8162597865095191E-01
 1.4836118749999999E+01    -4.7203956614730819E-01
 1.4886156249999999E+01    -4.6227272047255286E-01
 1.4936193749999999E+01    -4.5232979600041046E-01
 1.4986231249999999E+01    -4.4221521116178630E-01
 1.5036268750000000E+01    -4.3193349214634713E-01
 1.5086306249999998E+01    -4.2148931350175378E-01
 1.5136343749999998E+01    -4.1088753527570065E-01
 1.5186381249999998E+01    -4.0013323641520138E-01
 1.5236418749999999E+01    -3.8923174420915729E-01
 1.5286456249999999E+01    -3.7818865963195125E-01
 1.5336493749999999E+01    -3.6700987851737604E-01
 1.5386531249999999E+01    -3.5570160856204247E-01
 1.5436568749999999E+01    -3.4427038222445289E-01
 1.5486606249999999E+01    -3.3272306564898885E-01
 1.5536643750000000E+01    -3.2106686380200872E-01
 1.5586681249999998E+01    -3.0930932205888650E-01
 1.5636718749999998E+01    -2.9745832452555010E-01
 1.5686756249999998E+01    -2.8552208941443424E-01
 1.5736793749999999E+01    -2.7350916182294838E-01
 1.5786831249999999E+01    -2.6142840428139141E-01
 1.5836868749999999E+01    -2.4928898544696881E-01
 1.5886906249999999E+01    -2.3710036732098058E-01
 1.5936943749999999E+01    -2.2487229135768289E-01
 1.5986981249999999E+01    -2.1261476381609792E-01
 1.6037018750000001E+01    -2.0033804068092259E-01
 1.6087056250000000E+01    -1.8805261244645535E-01
 1.6137093750000002E+01    -1.7576918901905514E-01
 1.6187131250000000E+01    -1.6349868495032391E-01
 1.6237168750000002E+01    -1.5125220516600660E-01
 1.6287206250000001E+01    -1.3904103130615691E-01
 1.6337243749999999E+01    -1.2687660874141093E-01
 1.6387281250000001E+01    -1.1477053428002709E-01
 1.6437318749999999E+01    -1.0273454453179834E-01
 1.6487356250000001E+01    -9.0780504849567401E-02
 1.6537393750000000E+01    -7.8920398728160368E-02
 1.6587431250000002E+01    -6.7166317505234843E-02
 1.6637468750000000E+01    -5.5530450180148822E-02
 1.6687506250000002E+01    -4.4025073146248428E-02
 1.6737543750000000E+01    -3.2662539620018236E-02
 1.6787581249999999E+01    -2.1455268547789886E-02
 1.6837618750000001E+01    -1.0415732777733463E-02
 1.6887656249999999E+01     4.4355369824463503E-04
 1.6937693750000001E+01     1.1110049601332205E-02
 1.6987731250000000E+01     2.1571201453787534E-02
 1.7037768750000001E+01     3.1814459985520141E-02
 1.7087806250000000E+01     4.1827297893923004E-02
 1.7137843750000002E+01     5.1597228932348554E-02
 1.7187881250000000E+01     6.1111828238424828E-02
 1.7237918750000002E+01     7.0358753746250030E-02
 1.7287956250000001E+01     7.9325768458416920E-02
 1.7337993749999999E+01     8.8000763287216024E-02
 1.7388031250000001E+01     9.6371780111593447E-02
 1.7438068749999999E+01     1.0442703464005614E-01
 1.7488106250000001E+01     1.1215493862214679E-01
 1.7538143750000000E+01     1.1954412091459925E-01
 1.7588181250000002E+01     1.2658344688499479E-01
 1.7638218750000000E+01     1.3326203562725708E-01
 1.7688256250000002E+01     1.3956927447101417E-01
 1.7738293750000000E+01     1.4549483029140278E-01
 1.7788331249999999E+01     1.5102865716749542E-01
 1.7838368750000001E+01     1.5616099999568464E-01
 1.7888406249999999E+01     1.6088239373797505E-01
 1.7938443750000001E+01     1.6518365807249427E-01
 1.7988481250000000E+01     1.6905588731220075E-01
 1.8038518750000001E+01     1.7249043556514093E-01
 1.8088556250000000E+01     1.7547889722213117E-01
 1.8138593750000002E+01     1.7801308297225538E-01
 1.8188631250000000E+01     1.8008499165914216E-01
 1.8238668750000002E+01     1.8168850171340947E-01
 1.8288706250000001E+01     1.8282803580495996E-01
 1.8338743749999999E+01     1.8351199908309501E-01
 1.8388781250000001E+01     1.8374884940706290E-01
 1.8438818749999999E+01     1.8354705341674593E-01
 1.8488856250000001E+01     1.8291505099900890E-01
 1.8538893750000000E+01     1.8186122207323629E-01
 1.8588931250000002E+01     1.8039385633960967E-01
 1.8638968750000000E+01     1.7852112655625998E-01
 1.8689006250000002E+01     1.7625106582373751E-01
 1.8739043750000000E+01     1.7359154926020837E-01
 1.8789081249999999E+01     1.7055028035171713E-01
 1.8839118750000001E+01     1.6713478216170813E-01
 1.8889156249999999E+01     1.6335239348549249E-01
 1.8939193750000001E+01     1.5921026994093687E-01
 1.8989231250000000E+01     1.5471538989821307E-01
 1.9039268750000002E+01     1.4987456507074995E-01
 1.9089306250000000E+01     1.4469445551747304E-01
 1.9139343750000002E+01     1.3918158874401373E-01
 1.9189381250000000E+01     1.3334238253801023E-01
 1.9239418749999999E+01     1.2718317113103539E-01
 1.9289456250000001E+01     1.2071023424687730E-01
 1.9339493749999999E+01     1.1392982857232635E-01
 1.9389531250000001E+01     1.0684822117180930E-01
 1.9439568749999999E+01     9.9471724360308961E-02
 1.9489606250000001E+01     9.1806731549323853E-02
 1.9539643750000000E+01     8.3859753587264690E-02
 1.9589681250000002E+01     7.5637455127867667E-02
 1.9639718750000000E+01     6.7146690577145701E-02
 1.9689756250000002E+01     5.8394539190305260E-02
 1.9739793750000000E+01     4.9388338914270205E-02
 1.9789831249999999E+01     4.0135718598291847E-02
 1.9839868750000001E+01     3.0644628224044901E-02
 1.9889906249999999E+01     2.0923366836998320E-02
 1.9939943750000001E+01     1.0980607892262595E-02
 1.9989981250000000E+01     8.2542176007607783E-04
 2.0040018750000002E+01    -9.5327048319052334E-03
 2.0090056250000000E+01    -2.0083852610632356E-02
 2.0140093750000002E+01    -3.0817656984219163E-02
 2.0190131250000000E+01    -4.1723298813442979E-02
 2.0240168749999999E+01    -5.2789498830415595E-02
 2.0290206250000001E+01    -6.4004515780321680E-02
 2.0340243749999999E+01    -7.5356148338074302E-02
 2.0390281250000001E+01    -8.6831740830240534E-02
 2.0440318749999999E+01    -9.8418192773772784E-02
 2.0490356250000001E+01    -1.1010197222722931E-01
 2.0540393750000000E+01    -1.2186913293706078E-01
 2.0590431250000002E+01    -1.3370533525119230E-01
 2.0640468750000000E+01    -1.4559587076409955E-01
 2.0690506250000002E+01    -1.5752569065133318E-01
 2.0740543750000001E+01    -1.6947943764620443E-01
 2.0790581249999999E+01    -1.8144148160618098E-01
 2.0840618750000001E+01    -1.9339595861010417E-01
 2.0890656249999999E+01    -2.0532681351836291E-01
 2.0940693750000001E+01    -2.1721784591511037E-01
 2.0990731250000000E+01    -2.2905275933273375E-01
 2.1040768750000002E+01    -2.4081521363288122E-01
 2.1090806250000000E+01    -2.5248888038362999E-01
 2.1140843750000002E+01    -2.6405750102816378E-01
 2.1190881250000000E+01    -2.7550494758571548E-01
 2.1240918749999999E+01    -2.8681528556064245E-01
 2.1290956250000001E+01    -2.9797283866101176E-01
 2.1340993749999999E+01    -3.0896225484546924E-01
 2.1391031250000001E+01    -3.1976857312900031E-01
 2.1441068749999999E+01    -3.3037729048760012E-01
 2.1491106250000001E+01    -3.4077442811340719E-01
 2.1541143750000000E+01    -3.5094659618990570E-01
 2.1591181250000002E+01    -3.6088105628744582E-01
 2.1641218750000000E+01    -3.7056578042760080E-01
 2.1691256250000002E+01    -3.7998950583691016E-01
 2.1741293750000001E+01    -3.8914178441106584E-01
 2.1791331249999999E+01    -3.9801302594406590E-01
 2.1841368750000001E+01    -4.0659453878811291E-01
 2.1891406249999999E+01    -4.1488116376796186E-01
 2.1941443750000001E+01    -4.2287566081569783E-01
 2.1991481250000000E+01    -4.3058288859396998E-01
 2.2041518750000002E+01    -4.3800864115637683E-01
 2.2091556250000000E+01    -4.4515962835387168E-01
 2.2141593750000002E+01    -4.5204344750174463E-01
 2.2191631250000000E+01    -4.5866854722331540E-01
 2.2241668749999999E+01    -4.6504418452896823E-01
 2.2291706250000001E+01    -4.7118037630077486E-01
 2.2341743749999999E+01    -4.7708784642866925E-01
 2.2391781250000001E+01    -4.8277796988054678E-01
 2.2441818749999999E+01    -4.8826271498343432E-01
 2.2491856250000001E+01    -4.9355458514575978E-01
 2.2541893750000000E+01    -4.9866656116246932E-01
 2.2591931250000002E+01    -5.0361204511819135E-01
 2.2641968750000000E+01    -5.0840480674233457E-01
 2.2692006249999999E+01    -5.1305893287904980E-01
 2.2742043750000001E+01    -5.1758878052003920E-01
 2.2792081249999999E+01    -5.2200893361539780E-01
 2.2842118750000001E+01    -5.2633416363389451E-01
 2.2892156249999999E+01    -5.3057939359538853E-01
 2.2942193750000001E+01    -5.3475966505169659E-01
 2.2992231250000000E+01    -5.3889010725337694E-01
 2.3042268750000002E+01    -5.4298590751543230E-01
 2.3092306250000000E+01    -5.4706228158951065E-01
 2.3142343750000002E+01    -5.5113444266951639E-01
 2.3192381250000000E+01    -5.5521756750586926E-01
 2.3242418749999999E+01    -5.5932675798640530E-01
 2.3292456250000001E+01    -5.6347699646267946E-01
 2.3342493749999999E+01    -5.6768309306467291E-01
 2.3392531250000001E+01    -5.7195962325902439E-01
 2.3442568750000000E+01    -5.7632085397065580E-01
 2.3492606250000001E+01    -5.8078065671128210E-01
 2.3542643750000000E+01    -5.8535240634510355E-01
 2.3592681250000002E+01    -5.9004886437924786E-01
 2.3642718750000000E+01    -5.9488204599914696E-01
 2.3692756249999999E+01    -5.9986307048337850E-01
 2.3742793750000001E+01    -6.0500199513360486E-01
 2.3792831249999999E+01    -6.1030763344697869E-01
 2.3842868750000001E+01    -6.1578735894369363E-01
 2.3892906249999999E+01    -6.2144689684011212E-01
 2.3942943750000001E+01    -6.2729010662511386E-01
 2.3992981250000000E+01    -6.3331875954444539E-01
 2.4043018750000002E+01    -6.3953231601107696E-01
 2.4093056250000000E+01    -6.4592770901610419E-01
 2.4143093750000002E+01    -6.5249914068449610E-01
 2.4193131250000000E+01    -6.5923790016210737E-01
 2.4243168749999999E+01    -6.6613221198391792E-01
 2.4293206250000001E+01    -6.7316712489642605E-01
 2.4343243749999999E+01    -6.8032445171673073E-01
 2.4393281250000001E+01    -6.8758277112603639E-01
 2.4443318750000000E+01    -6.9491750222773119E-01
 2.4493356250000001E+01    -7.0230106216116150E-01
 2.4543393750000000E+01    -7.0970311596519120E-01
 2.4593431250000002E+01    -7.1709092615786063E-01
 2.4643468750000000E+01    -7.2442980708657112E-01
 2.4693506249999999E+01    -7.3168368598516564E-01
 2.4743543750000001E+01    -7.3881576886999234E-01
 2.4793581249999999E+01    -7.4578930498548202E-01
 2.4843618750000001E+01    -7.5256843859990852E-01
 2.4893656249999999E+01    -7.5911913174166890E-01
 2.4943693750000001E+01    -7.6541013620578247E-01
 2.4993731250000000E+01    -7.7141398814827222E-01
 2.5043768750000002E+01    -7.7710799416090759E-01
 2.5093806250000000E+01    -7.8247517423075408E-01
 2.5143843750000002E+01    -7.8750512477671908E-01
 2.5193881250000000E+01    -7.9219476431203717E-01
 2.5243918749999999E+01    -7.9654892542429923E-01
 2.5293956250000001E+01    -8.0058075980625654E-01
 2.5343993749999999E+01    -8.0431192799756601E-01
 2.5394031250000001E+01    -8.0777255216271804E-01
 2.5444068750000000E+01    -8.1100091835274901E-01
 2.5494106250000002E+01    -8.1404278678725506E-01
 2.5544143750000000E+01    -8.1694567269625151E-01
 2.5594181250000002E+01    -8.1975645440286138E-01
 2.5644218750000000E+01    -8.2252612851243190E-01
 2.5694256249999999E+01    -8.2530880954735086E-01
 2.5744293750000001E+01    -8.2816018501089050E-01
 2.5794331249999999E+01    -8.3113588359110435E-01
 2.5844368750000001E+01    -8.3428980393168373E-01
 2.5894406249999999E+01    -8.3767245254713130E-01
 2.5944443750000001E+01    -8.4132933902448892E-01
 2.5994481250000000E+01    -8.4529947483931678E-01
 2.6044518750000002E+01    -8.4961401916359103E-01
 2.6094556250000000E+01    -8.5429511119773416E-01
 2.6144593749999999E+01    -8.5935492402821012E-01
 2.6194631250000000E+01    -8.6479496994957206E-01
 2.6244668749999999E+01    -8.7060568168027863E-01
 2.6294706250000001E+01    -8.7676628796260825E-01
 2.6344743749999999E+01    -8.8324499562531811E-01
 2.6394781250000001E+01    -8.8999948322770828E-01
 2.6444818750000000E+01    -8.9697770381169561E-01
 2.6494856250000002E+01    -9.0411898601516993E-01
 2.6544893750000000E+01    -9.1135541386466157E-01
 2.6594931250000002E+01    -9.1861345609206690E-01
 2.6644968750000000E+01    -9.2581580606522862E-01
 2.6695006249999999E+01    -9.3288338378179025E-01
 2.6745043750000001E+01    -9.3973744238465173E-01
 2.6795081249999999E+01    -9.4630171395420404E-01
 2.6845118750000001E+01    -9.5250452361364224E-01
 2.6895156249999999E+01    -9.5828079792836984E-01
 2.6945193750000001E+01    -9.6357389377209457E-01
 2.6995231250000000E+01    -9.6833717766912386E-01
 2.7045268750000002E+01    -9.7253529324662369E-01
 2.7095306250000000E+01    -9.7614506567422454E-01
 2.7145343749999999E+01    -9.7915600633686506E-01
 2.7195381250000001E+01    -9.8157039768324794E-01
 2.7245418749999999E+01    -9.8340295618016715E-01
 2.7295456250000001E+01    -9.8468008940676466E-01
 2.7345493749999999E+01    -9.8543878034444699E-01
 2.7395531250000001E+01    -9.8572514676517398E-01
 2.7445568750000000E+01    -9.8559273541075099E-01
 2.7495606250000002E+01    -9.8510061880306377E-01
 2.7545643750000000E+01    -9.8431136677719167E-01
 2.7595681250000002E+01    -9.8328896526915788E-01
 2.7645718750000000E+01    -9.8209675189347700E-01
 2.7695756249999999E+01    -9.8079543201266317E-01
 2.7745793750000001E+01    -9.7944123106732528E-01
 2.7795831249999999E+01    -9.7808422968322373E-01
 2.7845868750000001E+01    -9.7676691824648798E-01
 2.7895906249999999E+01    -9.7552299788379004E-01
 2.7945943750000001E+01    -9.7437644560209924E-01
 2.7995981250000000E+01    -9.7334085306843010E-01
 2.8046018750000002E+01    -9.7241904132037105E-01
 2.8096056250000000E+01    -9.7160294762196753E-01
 2.8146093749999999E+01    -9.7087377563339083E-01
 2.8196131250000001E+01    -9.7020239588217427E-01
 2.8246168749999999E+01    -9.6954998000144244E-01
 2.8296206250000001E+01    -9.6886884912394189E-01
 2.8346243749999999E+01    -9.6810351399759575E-01
 2.8396281250000001E+01    -9.6719188167780690E-01
 2.8446318750000000E+01    -9.6606660097437524E-01
 2.8496356250000002E+01    -9.6465651618402570E-01
 2.8546393750000000E+01    -9.6288819609328813E-01
 2.8596431250000002E+01    -9.6068750293063143E-01
 2.8646468750000000E+01    -9.5798116407421940E-01
 2.8696506249999999E+01    -9.5469830810956990E-01
 2.8746543750000001E+01    -9.5077192651458065E-01
 2.8796581249999999E+01    -9.4614022304362644E-01
 2.8846618750000001E+01    -9.4074781495629656E-01
 2.8896656249999999E+01    -9.3454675368504958E-01
 2.8946693750000001E+01    -9.2749733736512585E-01
 2.8996731250000000E+01    -9.1956869375999040E-01
 2.9046768750000002E+01    -9.1073911930597706E-01
 2.9096806250000000E+01    -9.0099616797397031E-01
 2.9146843749999999E+01    -8.9033775207322163E-01
 2.9196881250000001E+01    -8.7878435611395000E-01
 2.9246918749999999E+01    -8.6637314148353028E-01
 2.9296956250000001E+01    -8.5314866732464423E-01
 2.9346993749999999E+01    -8.3916178577723977E-01
 2.9397031250000001E+01    -8.2446854072980424E-01
 2.9447068750000000E+01    -8.0912898220115581E-01
 2.9497106250000002E+01    -7.9320593715866028E-01
 2.9547143750000000E+01    -7.7676377642504835E-01
 2.9597181249999998E+01    -7.5986721457933837E-01
 2.9647218750000000E+01    -7.4258017569751678E-01
 2.9697256249999999E+01    -7.2496475273779803E-01
 2.9747293750000001E+01    -7.0708028270832013E-01
 2.9797331249999999E+01    -6.8898255380914142E-01
 2.9847368750000001E+01    -6.7072315483398104E-01
 2.9897406250000000E+01    -6.5234897152043003E-01
 2.9947443750000001E+01    -6.3390182946329543E-01
 2.9997481250000000E+01    -6.1541827880443178E-01
 3.0047518750000002E+01    -5.9692951227373814E-01
 3.0097556250000000E+01    -5.7846140531397494E-01
 3.0147593749999999E+01    -5.6003466496463039E-01
 3.0197631250000001E+01    -5.4166507285853016E-01
 3.0247668749999999E+01    -5.2336380702395591E-01
 3.0297706250000001E+01    -5.0513782709419841E-01
 3.0347743749999999E+01    -4.8699030790641806E-01
 3.0397781250000001E+01    -4.6892110722387736E-01
 3.0447818750000000E+01    -4.5092725434506098E-01
 3.0497856250000002E+01    -4.3300344758499915E-01
 3.0547893750000000E+01    -4.1514254995310262E-01
 3.0597931249999998E+01    -3.9733607374506774E-01
 3.0647968750000000E+01    -3.7957464616367226E-01
 3.0698006249999999E+01    -3.6184844944405586E-01
 3.0748043750000001E+01    -3.4414763025486522E-01
 3.0798081249999999E+01    -3.2646267435610421E-01
 3.0848118750000001E+01    -3.0878474360477104E-01
 3.0898156250000000E+01    -2.9110597340273392E-01
 3.0948193750000002E+01    -2.7341972957492688E-01
 3.0998231250000000E+01    -2.5572082445048672E-01
 3.1048268750000002E+01    -2.3800569259768395E-01
 3.1098306250000000E+01    -2.2027252724020893E-01
 3.1148343749999999E+01    -2.0252137886338567E-01
 3.1198381250000001E+01    -1.8475421791068666E-01
 3.1248418749999999E+01    -1.6697496378047386E-01
 3.1298456250000001E+01    -1.4918948256757245E-01
 3.1348493749999999E+01    -1.3140555616142530E-01
 3.1398531250000001E+01    -1.1363282541982039E-01
 3.1448568750000000E+01    -9.5882710192148141E-02
 3.1498606250000002E+01    -7.8168308976445611E-02
 3.1548643750000000E+01    -6.0504280967910183E-02
 3.1598681249999998E+01    -4.2906713200391092E-02
 3.1648718750000000E+01    -2.5392975404165651E-02
 3.1698756249999999E+01    -7.9815651097137862E-03
 3.1748793750000001E+01     9.3080545751969800E-03
 3.1798831249999999E+01     2.6455622193418148E-02
 3.1848868750000001E+01     4.3440247953739158E-02
 3.1898906250000000E+01     6.0240584414760698E-02
 3.1948943750000002E+01     7.6834995809511919E-02
 3.1998981250000000E+01     9.3201724064914837E-02
 3.2049018750000002E+01     1.0931904964343614E-01
 3.2099056249999997E+01     1.2516544540012509E-01
 3.2149093749999999E+01     1.4071972170993732E-01
 3.2199131250000001E+01     1.5596116118148359E-01
 3.2249168750000003E+01     1.7086964133972576E-01
 3.2299206249999997E+01     1.8542574373684509E-01
 3.2349243749999999E+01     1.9961084804427942E-01
 3.2399281250000001E+01     2.1340720979528605E-01
 3.2449318750000003E+01     2.2679802059253049E-01
 3.2499356249999998E+01     2.3976744977320413E-01
 3.2549393750000000E+01     2.5230066673898177E-01
 3.2599431250000002E+01     2.6438384341078358E-01
 3.2649468749999997E+01     2.7600413655892897E-01
 3.2699506249999999E+01     2.8714965008454657E-01
 3.2749543750000001E+01     2.9780937768350180E-01
 3.2799581250000003E+01     3.0797638324735721E-01
 3.2849618749999998E+01     3.1765938269855643E-01
 3.2899656250000000E+01     3.2687198246723970E-01
 3.2949693750000002E+01     3.3562828549672502E-01
 3.2999731250000004E+01     3.4394276395155499E-01
 3.3049768749999998E+01     3.5183012462023261E-01
 3.3099806250000000E+01     3.5930516917843996E-01
 3.3149843750000002E+01     3.6638265188777613E-01
 3.3199881249999997E+01     3.7307713730602682E-01
 3.3249918749999999E+01     3.7940286052961858E-01
 3.3299956250000001E+01     3.8537359238104119E-01
 3.3349993750000003E+01     3.9100251179797840E-01
 3.3400031249999998E+01     3.9630208748328022E-01
 3.3450068750000000E+01     4.0128397064278820E-01
 3.3500106250000002E+01     4.0595890037954707E-01
 3.3550143749999997E+01     4.1033662303628804E-01
 3.3600181249999999E+01     4.1442582649108750E-01
 3.3650218750000001E+01     4.1823409012167739E-01
 3.3700256250000002E+01     4.2176785086846869E-01
 3.3750293749999997E+01     4.2503238555096312E-01
 3.3800331249999999E+01     4.2803180933168516E-01
 3.3850368750000001E+01     4.3076908997925534E-01
 3.3900406250000003E+01     4.3324607736091281E-01
 3.3950443749999998E+01     4.3546354739545307E-01
 3.4000481250000000E+01     4.3742125952152272E-01
 3.4050518750000002E+01     4.3911802658271915E-01
 3.4100556249999997E+01     4.4055179590014254E-01
 3.4150593749999999E+01     4.4171974019338212E-01
 3.4200631250000001E+01     4.4261835692190843E-01
 3.4250668750000003E+01     4.4324357454918939E-01
 3.4300706249999998E+01     4.4359086418083482E-01
 3.4350743749999999E+01     4.4365535499526526E-01
 3.4400781250000001E+01     4.4343195187006829E-01
 3.4450818750000003E+01     4.4291545361005197E-01
 3.4500856249999998E+01     4.4210067020337218E-01
 3.4550893750000000E+01     4.4098253757139472E-01
 3.4600931250000002E+01     4.3955622833560981E-01
 3.4650968749999997E+01     4.3781725720225489E-01
 3.4701006249999999E+01     4.3576157966173912E-01
 3.4751043750000001E+01     4.3338568281595691E-01
 3.4801081250000003E+01     4.3068666728111277E-01
 3.4851118749999998E+01     4.2766231926575016E-01
 3.4901156250000000E+01     4.2431117209174452E-01
 3.4951193750000002E+01     4.2063255660705440E-01
 3.5001231250000004E+01     4.1662664013085737E-01
 3.5051268749999998E+01     4.1229445376990409E-01
 3.5101306250000000E+01     4.0763790814611789E-01
 3.5151343750000002E+01     4.0265979777477012E-01
 3.5201381249999997E+01     3.9736379452580450E-01
 3.5251418749999999E+01     3.9175443078321043E-01
 3.5301456250000001E+01     3.8583707308466486E-01
 3.5351493750000003E+01     3.7961788717168665E-01
 3.5401531249999998E+01     3.7310379550620770E-01
 3.5451568750000000E+01     3.6630242840952243E-01
 3.5501606250000002E+01     3.5922207005229112E-01
 3.5551643749999997E+01     3.5187160056838801E-01
 3.5601681249999999E+01     3.4426043558037234E-01
 3.5651718750000001E+01     3.3639846441106114E-01
 3.5701756250000003E+01     3.2829598821488931E-01
 3.5751793749999997E+01     3.1996365919698144E-01
 3.5801831249999999E+01     3.1141242199935371E-01
 3.5851868750000001E+01     3.0265345822557849E-01
 3.5901906250000003E+01     2.9369813495118413E-01
 3.5951943749999998E+01     2.8455795793042604E-01
 3.6001981250000000E+01     2.7524453006484839E-01
 3.6052018750000002E+01     2.6576951554878980E-01
 3.6102056249999997E+01     2.5614460995542609E-01
 3.6152093749999999E+01     2.4638151637737396E-01
 3.6202131250000001E+01     2.3649192759158000E-01
 3.6252168750000003E+01     2.2648751408180240E-01
 3.6302206249999998E+01     2.1637991762612990E-01
 3.6352243750000000E+01     2.0618075004371916E-01
 3.6402281250000001E+01     1.9590159659584064E-01
 3.6452318750000003E+01     1.8555402345307706E-01
 3.6502356249999998E+01     1.7514958857378196E-01
 3.6552393750000000E+01     1.6469985528958589E-01
 3.6602431250000002E+01     1.5421640786189578E-01
 3.6652468749999997E+01     1.4371086825903745E-01
 3.6702506249999999E+01     1.3319491340646727E-01
 3.6752543750000001E+01     1.2268029218164536E-01
 3.6802581250000003E+01     1.1217884145955043E-01
 3.6852618749999998E+01     1.0170250056326871E-01
 3.6902656250000000E+01     9.1263323534843788E-02
 3.6952693750000002E+01     8.0873488712873337E-02
 3.7002731249999997E+01     7.0545305183169635E-02
 3.7052768749999998E+01     6.0291215755015712E-02
 3.7102806250000000E+01     5.0123796205999653E-02
 3.7152843750000002E+01     4.0055750630779437E-02
 3.7202881249999997E+01     3.0099902821480343E-02
 3.7252918749999999E+01     2.0269183697567476E-02
 3.7302956250000001E+01     1.0576614889286325E-02
 3.7352993750000003E+01     1.0352886594319315E-03
 3.7403031249999998E+01    -8.3416555779497036E-03
 3.7453068750000000E+01    -1.7541057817465636E-02
 3.7503106250000002E+01    -2.6549766719247879E-02
 3.7553143749999997E+01    -3.5354671133295733E-02
 3.7603181249999999E+01    -4.3942733423389425E-02
 3.7653218750000001E+01    -5.2301024093900951E-02
 3.7703256250000003E+01    -6.0416757203518079E-02
 3.7753293749999997E+01    -6.8277326039713482E-02
 3.7803331249999999E+01    -7.5870338526420680E-02
 3.7853368750000001E+01    -8.3183651844174228E-02
 3.7903406250000003E+01    -9.0205405756563786E-02
 3.7953443749999998E+01    -9.6924054158348233E-02
 3.8003481250000000E+01    -1.0332839438860902E-01
 3.8053518750000002E+01    -1.0940759388595453E-01
 3.8103556249999997E+01    -1.1515121380159750E-01
 3.8153593749999999E+01    -1.2054922922923494E-01
 3.8203631250000001E+01    -1.2559204575756691E-01
 3.8253668750000003E+01    -1.3027051210132448E-01
 3.8303706249999998E+01    -1.3457592861922371E-01
 3.8353743750000000E+01    -1.3850005158183151E-01
 3.8403781250000002E+01    -1.4203509310825443E-01
 3.8453818749999996E+01    -1.4517371674753607E-01
 3.8503856249999998E+01    -1.4790902873794853E-01
 3.8553893750000000E+01    -1.5023456503468688E-01
 3.8603931250000002E+01    -1.5214427425318922E-01
 3.8653968749999997E+01    -1.5363249673093010E-01
 3.8704006249999999E+01    -1.5469393996449213E-01
 3.8754043750000001E+01    -1.5532365073025900E-01
 3.8804081250000003E+01    -1.5551698424568317E-01
 3.8854118749999998E+01    -1.5526957077273273E-01
 3.8904156250000000E+01    -1.5457728010524807E-01
 3.8954193750000002E+01    -1.5343618441644630E-01
 3.9004231249999997E+01    -1.5184251997112136E-01
 3.9054268749999999E+01    -1.4973935500041910E-01
 3.9104306250000000E+01    -1.4679114778678237E-01
 3.9154343750000002E+01    -1.4297046068599853E-01
 3.9204381249999997E+01    -1.3833674087655895E-01
 3.9254418749999999E+01    -1.3296928848210948E-01
 3.9304456250000001E+01    -1.2695937500392335E-01
 3.9354493750000003E+01    -1.2040193092497584E-01
 3.9404531249999998E+01    -1.1338766181439194E-01
 3.9454568750000000E+01    -1.0599631254829379E-01
 3.9504606250000002E+01    -9.8291599773891347E-02
 3.9554643749999997E+01    -9.0318107972514411E-02
 3.9604681249999999E+01    -8.2100222580064011E-02
 3.9654718750000001E+01    -7.3642974082902157E-02
 3.9704756250000003E+01    -6.4934501640824246E-02
 3.9754793749999997E+01    -5.5949720483853993E-02
 3.9804831249999999E+01    -4.6654698642814740E-02
 3.9854868750000001E+01    -3.7011218896968928E-02
 3.9904906250000003E+01    -2.6981022827424199E-02
 3.9954943749999998E+01    -1.6529303894260487E-02
 4.0004981250000000E+01    -5.6271289975801985E-03
