#                  time                       real
 2.5018749999999999E-02    -1.8781519402172545E-03
 7.5056249999999991E-02    -3.7364748181961342E-03
 1.2509375000000000E-01    -2.6837567815254891E-03
 1.7513124999999999E-01     1.9444657093478947E-03
 2.2516875000000000E-01     1.0975627630875784E-02
 2.7520624999999999E-01     2.5261769219902856E-02
 3.2524374999999994E-01     4.5477416538854648E-02
 3.7528124999999996E-01     7.1856272899871995E-02
 4.2531874999999997E-01     1.0388699644954635E-01
 4.7535624999999998E-01     1.4002429493133972E-01
 5.2539374999999999E-01     1.7752322253444300E-01
 5.7543124999999995E-01     2.1254516880909594E-01
 6.2546874999999991E-01     2.4065846625630363E-01
 6.7550624999999997E-01     2.5771474521782761E-01
 7.2554374999999993E-01     2.6085227363785374E-01
 7.7558125000000000E-01     2.4920926010176009E-01
 8.2561874999999996E-01     2.2400470763679536E-01
 8.7565624999999991E-01     1.8797478949615348E-01
 9.2569374999999998E-01     1.4450175717186658E-01
 9.7573124999999994E-01     9.6861702808553315E-02
 1.0257687500000001E+00     4.8273830955720499E-02
 1.0758062500000001E+00     2.5509742962375390E-03
 1.1258437500000000E+00    -4.0289887816984463E-02
 1.1758812500000000E+00    -8.0665118959842061E-02
 1.2259187499999999E+00    -1.1891171746041165E-01
 1.2759562500000001E+00    -1.5528827405961712E-01
 1.3259937500000001E+00    -1.8998300012205660E-01
 1.3760312500000000E+00    -2.2312321679649155E-01
 1.4260687500000000E+00    -2.5478438491615585E-01
 1.4761062500000000E+00    -2.8499823709693656E-01
 1.5261437500000001E+00    -3.1376011548840621E-01
 1.5761812500000001E+00    -3.4103577136423996E-01
 1.6262187500000000E+00    -3.6676788007452810E-01
 1.6762562500000000E+00    -3.9088246345667876E-01
 1.7262937500000000E+00    -4.1329533042606559E-01
 1.7763312500000001E+00    -4.3391856088944775E-01
 1.8263687500000001E+00    -4.5266697590247806E-01
 1.8764062500000001E+00    -4.6946446353357785E-01
 1.9264437500000000E+00    -4.8424997049160318E-01
 1.9764812500000000E+00    -4.9698292957070206E-01
 2.0265187500000001E+00    -5.0764787706697034E-01
 2.0765562499999999E+00    -5.1625802555729772E-01
 2.1265937500000001E+00    -5.2285759617068861E-01
 2.1766312500000002E+00    -5.2752277781812407E-01
 2.2266687500000000E+00    -5.3036126253611970E-01
 2.2767062500000002E+00    -5.3151039720214877E-01
 2.3267437499999999E+00    -5.3113408197576040E-01
 2.3767812500000001E+00    -5.2941862459382860E-01
 2.4268187499999998E+00    -5.2656781851533929E-01
 2.4768562500000000E+00    -5.2279754628609687E-01
 2.5268937500000002E+00    -5.1833021549252789E-01
 2.5769312499999999E+00    -5.1338931508170205E-01
 2.6269687500000001E+00    -5.0819433943367165E-01
 2.6770062499999998E+00    -5.0295627308067004E-01
 2.7270437500000000E+00    -4.9787376771882619E-01
 2.7770812500000002E+00    -4.9313008201048530E-01
 2.8271187499999999E+00    -4.8889079916248807E-01
 2.8771562500000001E+00    -4.8530229116254031E-01
 2.9271937499999998E+00    -4.8249086381598222E-01
 2.9772312500000000E+00    -4.8056249369720300E-01
 3.0272687500000002E+00    -4.7960305595567654E-01
 3.0773062499999999E+00    -4.7967893896476910E-01
 3.1273437500000001E+00    -4.8083794607479213E-01
 3.1773812499999998E+00    -4.8311039419149510E-01
 3.2274187500000000E+00    -4.8651033167170255E-01
 3.2774562500000002E+00    -4.9103681252716558E-01
 3.3274937499999999E+00    -4.9667517890205881E-01
 3.3775312500000001E+00    -5.0339831829882609E-01
 3.4275687499999998E+00    -5.1116787541651698E-01
 3.4776062500000000E+00    -5.1993541028991341E-01
 3.5276437500000002E+00    -5.2964350440677466E-01
 3.5776812499999999E+00    -5.4022682447561088E-01
 3.6277187500000001E+00    -5.5161315943402467E-01
 3.6777562499999998E+00    -5.6372445010173333E-01
 3.7277937500000000E+00    -5.7647783258767671E-01
 3.7778312500000002E+00    -5.8978671618667788E-01
 3.8278687499999999E+00    -6.0356191409742832E-01
 3.8779062500000001E+00    -6.1771284094222056E-01
 3.9279437499999998E+00    -6.3214878490010284E-01
 3.9779812500000000E+00    -6.4678025446416365E-01
 4.0280187500000002E+00    -6.6152039066320101E-01
 4.0780562500000004E+00    -6.7628642540267192E-01
 4.1280937499999997E+00    -6.9100115583065858E-01
 4.1781312499999999E+00    -7.0559439388231260E-01
 4.2281687500000000E+00    -7.2000434005919034E-01
 4.2782062500000002E+00    -7.3417882178927329E-01
 4.3282437500000004E+00    -7.4807633017549247E-01
 4.3782812499999997E+00    -7.6166678533901588E-01
 4.4283187499999999E+00    -7.7493196060558167E-01
 4.4783562500000000E+00    -7.8786550001689581E-01
 4.5283937500000002E+00    -8.0047247241806052E-01
 4.5784312500000004E+00    -8.1276841873797645E-01
 4.6284687499999997E+00    -8.2477786679146081E-01
 4.6785062499999999E+00    -8.3653230942628787E-01
 4.7285437500000000E+00    -8.4806766626355612E-01
 4.7785812500000002E+00    -8.5942127558233949E-01
 4.8286187499999995E+00    -8.7062848991255315E-01
 4.8786562499999997E+00    -8.8171897546845179E-01
 4.9286937499999999E+00    -8.9271284064175149E-01
 4.9787312500000001E+00    -9.0361674152668126E-01
 5.0287687500000002E+00    -9.1442013224769203E-01
 5.0788062499999995E+00    -9.2509184424574542E-01
 5.1288437499999997E+00    -9.3557719126564709E-01
 5.1788812499999999E+00    -9.4579580506490679E-01
 5.2289187500000001E+00    -9.5564040999352684E-01
 5.2789562500000002E+00    -9.6497674116900889E-01
 5.3289937499999995E+00    -9.7364479884877664E-01
 5.3790312499999997E+00    -9.8146160783216119E-01
 5.4290687499999999E+00    -9.8822561166441170E-01
 5.4791062500000001E+00    -9.9372277310983281E-01
 5.5291437500000002E+00    -9.9773437123332154E-01
 5.5791812499999995E+00    -1.0000463793154026E+00
 5.6292187499999997E+00    -1.0004601773067714E+00
 5.6792562499999999E+00    -9.9880420239261758E-01
 5.7292937500000001E+00    -9.9494598178612270E-01
 5.7793312500000003E+00    -9.8880383961619844E-01
 5.8293687499999995E+00    -9.8035744701079586E-01
 5.8794062499999997E+00    -9.6965631724098422E-01
 5.9294437499999999E+00    -9.5682536197329993E-01
 5.9794812500000001E+00    -9.4206674059584128E-01
 6.0295187500000003E+00    -9.2565746084834954E-01
 6.0795562499999996E+00    -9.0794251724041597E-01
 6.1295937499999997E+00    -8.8932375595759328E-01
 6.1796312499999999E+00    -8.7024508473766138E-01
 6.2296687500000001E+00    -8.5117504461429050E-01
 6.2797062500000003E+00    -8.3258806553142550E-01
 6.3297437499999996E+00    -8.1494588602148721E-01
 6.3797812499999997E+00    -7.9868059380847090E-01
 6.4298187499999999E+00    -7.8418053146589917E-01
 6.4798562500000001E+00    -7.7177993136393352E-01
 6.5298937500000003E+00    -7.6175264783655150E-01
 6.5799312499999996E+00    -7.5430981460974811E-01
 6.6299687499999997E+00    -7.4960075603483145E-01
 6.6800062499999999E+00    -7.4771610241896669E-01
 6.7300437500000001E+00    -7.4869186493281381E-01
 6.7800812500000003E+00    -7.5251324435325651E-01
 6.8301187499999996E+00    -7.5911717114589283E-01
 6.8801562499999998E+00    -7.6839295562373833E-01
 6.9301937499999999E+00    -7.8018089357649845E-01
 6.9802312500000001E+00    -7.9426914374085067E-01
 7.0302687500000003E+00    -8.1038959727455873E-01
 7.0803062499999996E+00    -8.2821374728304176E-01
 7.1303437499999998E+00    -8.4734971720601815E-01
 7.1803812499999999E+00    -8.6734162303775320E-01
 7.2304187500000001E+00    -8.8767234286989050E-01
 7.2804562500000003E+00    -9.0777056890317431E-01
 7.3304937499999996E+00    -9.2702408727604957E-01
 7.3805312499999998E+00    -9.4480019060062914E-01
 7.4305687499999999E+00    -9.6046396197883721E-01
 7.4806062500000001E+00    -9.7340344110954269E-01
 7.5306437500000003E+00    -9.8305886780584739E-01
 7.5806812499999996E+00    -9.8895330131187775E-01
 7.6307187499999998E+00    -9.9072248455403944E-01
 7.6807562500000000E+00    -9.8814149637556659E-01
 7.7307937500000001E+00    -9.8114562375900427E-01
 7.7808312500000003E+00    -9.6984306561507450E-01
 7.8308687499999996E+00    -9.5451759395824554E-01
 7.8809062499999998E+00    -9.3562013760207285E-01
 7.9309437500000000E+00    -9.1374934041489020E-01
 7.9809812500000001E+00    -8.8962233667651569E-01
 8.0310187499999994E+00    -8.6403809107858420E-01
 8.0810562499999996E+00    -8.3783647591610744E-01
 8.1310937499999998E+00    -8.1185665114671934E-01
 8.1811312499999982E+00    -7.8689820597352389E-01
 8.2311687499999984E+00    -7.6368794790934924E-01
 8.2812062499999985E+00    -7.4285431385928957E-01
 8.3312437499999987E+00    -7.2491031116373084E-01
 8.3812812499999989E+00    -7.1024486655146268E-01
 8.4313187499999991E+00    -6.9912162335724859E-01
 8.4813562499999993E+00    -6.9168367468060687E-01
 8.5313937499999994E+00    -6.8796247590289261E-01
 8.5814312499999996E+00    -6.8788921078190124E-01
 8.6314687499999998E+00    -6.9130712269995542E-01
 8.6815062499999982E+00    -6.9798368536940825E-01
 8.7315437499999984E+00    -7.0762189883944770E-01
 8.7815812499999986E+00    -7.1987039497898631E-01
 8.8316187499999987E+00    -7.3433237763628467E-01
 8.8816562499999989E+00    -7.5057367928168128E-01
 8.9316937499999991E+00    -7.6813037516538318E-01
 8.9817312499999993E+00    -7.8651645592843400E-01
 9.0317687499999995E+00    -8.0523202674589411E-01
 9.0818062499999996E+00    -8.2377238872427805E-01
 9.1318437499999998E+00    -8.4163818515798261E-01
 9.1818812499999982E+00    -8.5834658451106161E-01
 9.2319187499999984E+00    -8.7344324985331001E-01
 9.2819562499999986E+00    -8.8651463838798794E-01
 9.3319937499999988E+00    -8.9720001083040735E-01
 9.3820312499999989E+00    -9.0520243064731609E-01
 9.4320687499999991E+00    -9.1029801227214080E-01
 9.4821062499999993E+00    -9.1234274057792397E-01
 9.5321437499999995E+00    -9.1127632571705663E-01
 9.5821812499999997E+00    -9.0712276235680100E-01
 9.6322187499999981E+00    -8.9998750663058846E-01
 9.6822562499999982E+00    -8.9005143916459284E-01
 9.7322937499999984E+00    -8.7756201881172768E-01
 9.7823312499999986E+00    -8.6282222297393640E-01
 9.8323687499999988E+00    -8.4617799723128839E-01
 9.8824062499999989E+00    -8.2800498939613187E-01
 9.9324437499999991E+00    -8.0869532126013466E-01
 9.9824812499999993E+00    -7.8864506472788820E-01
 1.0032518749999999E+01    -7.6824295421463795E-01
 1.0082556250000000E+01    -7.4786070431868090E-01
 1.0132593749999998E+01    -7.2784513137860973E-01
 1.0182631249999998E+01    -7.0851211763261179E-01
 1.0232668749999998E+01    -6.9014232101273776E-01
 1.0282706249999999E+01    -6.7297843072172303E-01
 1.0332743749999999E+01    -6.5722370224393178E-01
 1.0382781249999999E+01    -6.4304147471513473E-01
 1.0432818749999999E+01    -6.3055537487817215E-01
 1.0482856249999999E+01    -6.1984993951263567E-01
 1.0532893749999999E+01    -6.1097143571252377E-01
 1.0582931250000000E+01    -6.0392871912112067E-01
 1.0632968749999998E+01    -5.9869403813520650E-01
 1.0683006249999998E+01    -5.9520376180838086E-01
 1.0733043749999998E+01    -5.9335907606920524E-01
 1.0783081249999999E+01    -5.9302675282198947E-01
 1.0833118749999999E+01    -5.9404014569038455E-01
 1.0883156249999999E+01    -5.9620060087699078E-01
 1.0933193749999999E+01    -5.9927948134138076E-01
 1.0983231249999999E+01    -6.0302056675616833E-01
 1.1033268750000000E+01    -6.0714361554193697E-01
 1.1083306250000000E+01    -6.1134998929007622E-01
 1.1133343749999998E+01    -6.1532881780024951E-01
 1.1183381249999998E+01    -6.1876418163895408E-01
 1.1233418749999998E+01    -6.2134320298465151E-01
 1.1283456249999999E+01    -6.2276474673350235E-01
 1.1333493749999999E+01    -6.2274832426941673E-01
 1.1383531249999999E+01    -6.2104271054621596E-01
 1.1433568749999999E+01    -6.1743374578450028E-01
 1.1483606249999999E+01    -6.1175080684743233E-01
 1.1533643750000000E+01    -6.0387150428760494E-01
 1.1583681250000000E+01    -5.9372428481431683E-01
 1.1633718749999998E+01    -5.8128878261645245E-01
 1.1683756249999998E+01    -5.6659394682787378E-01
 1.1733793749999998E+01    -5.4971415311357263E-01
 1.1783831249999999E+01    -5.3076366219071325E-01
 1.1833868749999999E+01    -5.0988989902500226E-01
 1.1883906249999999E+01    -4.8726608298176904E-01
 1.1933943749999999E+01    -4.6308373960573312E-01
 1.1983981249999999E+01    -4.3754557524125798E-01
 1.2034018750000000E+01    -4.1085910855904545E-01
 1.2084056250000000E+01    -3.8323134337117198E-01
 1.2134093749999998E+01    -3.5486465009316864E-01
 1.2184131249999998E+01    -3.2595391178914085E-01
 1.2234168749999998E+01    -2.9668489421246746E-01
 1.2284206249999999E+01    -2.6723372287467306E-01
 1.2334243749999999E+01    -2.3776729550622303E-01
 1.2384281249999999E+01    -2.0844442408850214E-01
 1.2434318749999999E+01    -1.7941748399528873E-01
 1.2484356249999999E+01    -1.5083434506951057E-01
 1.2534393750000000E+01    -1.2284036721813231E-01
 1.2584431250000000E+01    -9.5580258583810501E-02
 1.2634468749999998E+01    -6.9199615753446408E-02
 1.2684506249999998E+01    -4.3845991943635976E-02
 1.2734543749999998E+01    -1.9669370525440877E-02
 1.2784581249999999E+01     3.1780421872293768E-03
 1.2834618749999999E+01     2.4542749196875130E-02
 1.2884656249999999E+01     4.4271617999747458E-02
 1.2934693749999999E+01     6.2214206920332700E-02
 1.2984731249999999E+01     7.8225660653941639E-02
 1.3034768750000000E+01     9.2170026042287856E-02
 1.3084806249999998E+01     1.0392379969604981E-01
 1.3134843749999998E+01     1.1337949186309867E-01
 1.3184881249999998E+01     1.2044897984329835E-01
 1.3234918749999999E+01     1.2506643174357923E-01
 1.3284956249999999E+01     1.2719060784250408E-01
 1.3334993749999999E+01     1.2680639031198604E-01
 1.3385031249999999E+01     1.2392544830994449E-01
 1.3435068749999999E+01     1.1858600863199670E-01
 1.3485106249999999E+01     1.1085176553037637E-01
 1.3535143750000000E+01     1.0081002054456557E-01
 1.3585181249999998E+01     8.8569188966013596E-02
 1.3635218749999998E+01     7.4255840412340679E-02
 1.3685256249999998E+01     5.8011455541108647E-02
 1.3735293749999999E+01     3.9989079813186570E-02
 1.3785331249999999E+01     2.0350040649143541E-02
 1.3835368749999999E+01    -7.3913042433815766E-04
 1.3885406249999999E+01    -2.3109460267142581E-02
 1.3935443749999999E+01    -4.6591904987554139E-02
 1.3985481249999999E+01    -7.1019286760844819E-02
 1.4035518750000000E+01    -9.6227785397764110E-02
 1.4085556249999998E+01    -1.2205800038079155E-01
 1.4135593749999998E+01    -1.4835562083808609E-01
 1.4185631249999998E+01    -1.7497175722362046E-01
 1.4235668749999999E+01    -2.0176299949530607E-01
 1.4285706249999999E+01    -2.2859127280623576E-01
 1.4335743749999999E+01    -2.5532356377971188E-01
 1.4385781249999999E+01    -2.8183158900379351E-01
 1.4435818749999999E+01    -3.0799147309948632E-01
 1.4485856249999999E+01    -3.3368349715115053E-01
 1.4535893750000000E+01    -3.5879196989956957E-01
 1.4585931249999998E+01    -3.8320481156964054E-01
 1.4635968749999998E+01    -4.0680721687644428E-01
 1.4686006249999998E+01    -4.2948359788461782E-01
 1.4736043749999999E+01    -4.5112366122859704E-01
 1.4786081249999999E+01    -4.7162346653662829E-01
 1.4836118749999999E+01    -4.9088652750941686E-01
 1.4886156249999999E+01    -5.0882507391382781E-01
 1.4936193749999999E+01    -5.2536142990689805E-01
 1.4986231249999999E+01    -5.4042945137895937E-01
 1.5036268750000000E+01    -5.5397595393453403E-01
 1.5086306249999998E+01    -5.6596205471097094E-01
 1.5136343749999998E+01    -5.7636434641697665E-01
 1.5186381249999998E+01    -5.8517582167220372E-01
 1.5236418749999999E+01    -5.9240647070820185E-01
 1.5286456249999999E+01    -5.9808348619339535E-01
 1.5336493749999999E+01    -6.0225102533947550E-01
 1.5386531249999999E+01    -6.0496950089654955E-01
 1.5436568749999999E+01    -6.0631439785593910E-01
 1.5486606249999999E+01    -6.0637463976664019E-01
 1.5536643750000000E+01    -6.0525055522774507E-01
 1.5586681249999998E+01    -6.0305151890871755E-01
 1.5636718749999998E+01    -5.9989336014487460E-01
 1.5686756249999998E+01    -5.9589564406424134E-01
 1.5736793749999999E+01    -5.9117893442552361E-01
 1.5786831249999999E+01    -5.8586214387643931E-01
 1.5836868749999999E+01    -5.8006006702737722E-01
 1.5886906249999999E+01    -5.7388117609069622E-01
 1.5936943749999999E+01    -5.6742573976406452E-01
 1.5986981249999999E+01    -5.6078430552583802E-01
 1.6037018750000001E+01    -5.5403656536788215E-01
 1.6087056250000000E+01    -5.4725060665125946E-01
 1.6137093750000002E+01    -5.4048253419894443E-01
 1.6187131250000000E+01    -5.3377643743753556E-01
 1.6237168750000002E+01    -5.2716466745261026E-01
 1.6287206250000001E+01    -5.2066838301219365E-01
 1.6337243749999999E+01    -5.1429832152085475E-01
 1.6387281250000001E+01    -5.0805574997987468E-01
 1.6437318749999999E+01    -5.0193355182019517E-01
 1.6487356250000001E+01    -4.9591740746307111E-01
 1.6537393750000000E+01    -4.8998702924605242E-01
 1.6587431250000002E+01    -4.8411741462390284E-01
 1.6637468750000000E+01    -4.7828008510045150E-01
 1.6687506250000002E+01    -4.7244428204184541E-01
 1.6737543750000000E+01    -4.6657809429456371E-01
 1.6787581249999999E+01    -4.6064949636144958E-01
 1.6837618750000001E+01    -4.5462727977130357E-01
 1.6887656249999999E+01    -4.4848186420778624E-01
 1.6937693750000001E+01    -4.4218597892589473E-01
 1.6987731250000000E+01    -4.3571520893659177E-01
 1.7037768750000001E+01    -4.2904840431699098E-01
 1.7087806250000000E+01    -4.2216795471522894E-01
 1.7137843750000002E+01    -4.1505993456193868E-01
 1.7187881250000000E+01    -4.0771412756702952E-01
 1.7237918750000002E+01    -4.0012394167133253E-01
 1.7287956250000001E+01    -3.9228622765872878E-01
 1.7337993749999999E+01    -3.8420101606393692E-01
 1.7388031250000001E+01    -3.7587118781672707E-01
 1.7438068749999999E+01    -3.6730209426164784E-01
 1.7488106250000001E+01    -3.5850114183307846E-01
 1.7538143750000000E+01    -3.4947735582260125E-01
 1.7588181250000002E+01    -3.4024093644419329E-01
 1.7638218750000000E+01    -3.3080281888382612E-01
 1.7688256250000002E+01    -3.2117424731969840E-01
 1.7738293750000000E+01    -3.1136637111383630E-01
 1.7788331249999999E+01    -3.0138986959339531E-01
 1.7838368750000001E+01    -2.9125461013127774E-01
 1.7888406249999999E+01    -2.8096934265668344E-01
 1.7938443750000001E+01    -2.7054143231610189E-01
 1.7988481250000000E+01    -2.5997663078810662E-01
 1.8038518750000001E+01    -2.4927888574299645E-01
 1.8088556250000000E+01    -2.3845018713084068E-01
 1.8138593750000002E+01    -2.2749044837210511E-01
 1.8188631250000000E+01    -2.1639742009959700E-01
 1.8238668750000002E+01    -2.0516952089262855E-01
 1.8288706250000001E+01    -1.9382038655696446E-01
 1.8338743749999999E+01    -1.8236796849059805E-01
 1.8388781250000001E+01    -1.7082810130210840E-01
 1.8438818749999999E+01    -1.5921460944084870E-01
 1.8488856250000001E+01    -1.4753944373909031E-01
 1.8538893750000000E+01    -1.3581283396846086E-01
 1.8588931250000002E+01    -1.2404345358315200E-01
 1.8638968750000000E+01    -1.1223859273487055E-01
 1.8689006250000002E+01    -1.0040433597181360E-01
 1.8739043750000000E+01    -8.8545741510966447E-02
 1.8789081249999999E+01    -7.6667019474851508E-02
 1.8839118750000001E+01    -6.4771706951534336E-02
 1.8889156249999999E+01    -5.2862838143426613E-02
 1.8939193750000001E+01    -4.0943108206971446E-02
 1.8989231250000000E+01    -2.9015029653278651E-02
 1.9039268750000002E+01    -1.7081080384320078E-02
 1.9089306250000000E+01    -5.1438425917338295E-03
 1.9139343750000002E+01     6.7938681455212615E-03
 1.9189381250000000E+01     1.8728884149338952E-02
 1.9239418749999999E+01     3.0657577842404964E-02
 1.9289456250000001E+01     4.2575765336784019E-02
 1.9339493749999999E+01     5.4478621840820612E-02
 1.9389531250000001E+01     6.6360609260614406E-02
 1.9439568749999999E+01     7.8215416307271232E-02
 1.9489606250000001E+01     9.0035911340847360E-02
 1.9539643750000000E+01     1.0181410808170500E-01
 1.9589681250000002E+01     1.1354114419988057E-01
 1.9639718750000000E+01     1.2520727265001219E-01
 1.9689756250000002E+01     1.3680186545403061E-01
 1.9739793750000000E+01     1.4831342944542142E-01
 1.9789831249999999E+01     1.5972963327802445E-01
 1.9839868750000001E+01     1.7103734476848156E-01
 1.9889906249999999E+01     1.8222267738589021E-01
 1.9939943750000001E+01     1.9327104442482881E-01
 1.9989981250000000E+01     2.0416721909899888E-01
 2.0040018750000002E+01     2.1489539847414516E-01
 2.0090056250000000E+01     2.2543926882142240E-01
 2.0140093750000002E+01     2.3578206962062645E-01
 2.0190131250000000E+01     2.4590665308151410E-01
 2.0240168749999999E+01     2.5579553569211105E-01
 2.0290206250000001E+01     2.6543093796288203E-01
 2.0340243749999999E+01     2.7479480824118063E-01
 2.0390281250000001E+01     2.8386882626388071E-01
 2.0440318749999999E+01     2.9263438205785025E-01
 2.0490356250000001E+01     3.0107252597163070E-01
 2.0540393750000000E+01     3.0916388614103402E-01
 2.0590431250000002E+01     3.1688855069742172E-01
 2.0640468750000000E+01     3.2422591368812814E-01
 2.0690506250000002E+01     3.3115448617324833E-01
 2.0740543750000001E+01     3.3765167745619262E-01
 2.0790581249999999E+01     3.4369355600476026E-01
 2.0840618750000001E+01     3.4925460531216290E-01
 2.0890656249999999E+01     3.5430749652538951E-01
 2.0940693750000001E+01     3.5882290664690986E-01
 2.0990731250000000E+01     3.6276941766809762E-01
 2.1040768750000002E+01     3.6611353693243587E-01
 2.1090806250000000E+01     3.6881988086842232E-01
 2.1140843750000002E+01     3.7085156136957920E-01
 2.1190881250000000E+01     3.7217080510423250E-01
 2.1240918749999999E+01     3.7273982006810957E-01
 2.1290956250000001E+01     3.7252190092241788E-01
 2.1340993749999999E+01     3.7148273662649850E-01
 2.1391031250000001E+01     3.6959185359259966E-01
 2.1441068749999999E+01     3.6682409931091353E-01
 2.1491106250000001E+01     3.6316104997389020E-01
 2.1541143750000000E+01     3.5859221558231719E-01
 2.1591181250000002E+01     3.5311592046627893E-01
 2.1641218750000000E+01     3.4673975696172799E-01
 2.1691256250000002E+01     3.3948054334241873E-01
 2.1741293750000001E+01     3.3136375975144633E-01
 2.1791331249999999E+01     3.2242248188684142E-01
 2.1841368750000001E+01     3.1269588998860809E-01
 2.1891406249999999E+01     3.0223591198696409E-01
 2.1941443750000001E+01     2.9111940161091970E-01
 2.1991481250000000E+01     2.7942705867324547E-01
 2.2041518750000002E+01     2.6723764621625934E-01
 2.2091556250000000E+01     2.5462611339242724E-01
 2.2141593750000002E+01     2.4166194567647145E-01
 2.2191631250000000E+01     2.2840780215896400E-01
 2.2241668749999999E+01     2.1491846991981475E-01
 2.2291706250000001E+01     2.0124013957705777E-01
 2.2341743749999999E+01     1.8740998578532189E-01
 2.2391781250000001E+01     1.7345602215201258E-01
 2.2441818749999999E+01     1.5939719146170567E-01
 2.2491856250000001E+01     1.4524364847753207E-01
 2.2541893750000000E+01     1.3099719289382947E-01
 2.2591931250000002E+01     1.1665181316050052E-01
 2.2641968750000000E+01     1.0219430688279502E-01
 2.2692006249999999E+01     8.7604949480865085E-02
 2.2742043750000001E+01     7.2858189131499662E-02
 2.2792081249999999E+01     5.7923352263263332E-02
 2.2842118750000001E+01     4.2765349760448670E-02
 2.2892156249999999E+01     2.7345379407928423E-02
 2.2942193750000001E+01     1.1621624932427086E-02
 2.2992231250000000E+01    -4.4500437213753317E-03
 2.3042268750000002E+01    -2.0915360454154385E-02
 2.3092306250000000E+01    -3.7820931648138226E-02
 2.3142343750000002E+01    -5.5213468677914157E-02
 2.3192381250000000E+01    -7.3138967065897495E-02
 2.3242418749999999E+01    -9.1641812952403368E-02
 2.3292456250000001E+01    -1.1076379596559477E-01
 2.3342493749999999E+01    -1.3054300665709964E-01
 2.3392531250000001E+01    -1.5101259664451352E-01
 2.3442568750000000E+01    -1.7219938079798447E-01
 2.3492606250000001E+01    -1.9412226366352478E-01
 2.3542643750000000E+01    -2.1679047739554319E-01
 2.3592681250000002E+01    -2.4020162647167459E-01
 2.3642718750000000E+01    -2.6433954619691347E-01
 2.3692756249999999E+01    -2.8917199835871205E-01
 2.3742793750000001E+01    -3.1464824923165274E-01
 2.3792831249999999E+01    -3.4069660312840111E-01
 2.3842868750000001E+01    -3.6722199908803566E-01
 2.3892906249999999E+01    -3.9410381852550269E-01
 2.3942943750000001E+01    -4.2119409593374757E-01
 2.3992981250000000E+01    -4.4831636948683617E-01
 2.4043018750000002E+01    -4.7526544790109254E-01
 2.4093056250000000E+01    -5.0180839601608984E-01
 2.4143093750000002E+01    -5.2768704391612919E-01
 2.4193131250000000E+01    -5.5262229147203290E-01
 2.4243168749999999E+01    -5.7632040112321392E-01
 2.4293206250000001E+01    -5.9848133941976189E-01
 2.4343243749999999E+01    -6.1880904254747682E-01
 2.4393281250000001E+01    -6.3702325393292070E-01
 2.4443318750000000E+01    -6.5287233729770733E-01
 2.4493356250000001E+01    -6.6614624269630762E-01
 2.4543393750000000E+01    -6.7668864000505191E-01
 2.4593431250000002E+01    -6.8440717631379611E-01
 2.4643468750000000E+01    -6.8928089001619086E-01
 2.4693506249999999E+01    -6.9136403101307720E-01
 2.4743543750000001E+01    -6.9078587038324890E-01
 2.4793581249999999E+01    -6.8774648472672195E-01
 2.4843618750000001E+01    -6.8250890483717841E-01
 2.4893656249999999E+01    -6.7538835985463841E-01
 2.4943693750000001E+01    -6.6673957636555725E-01
 2.4993731250000000E+01    -6.5694318250166772E-01
 2.5043768750000002E+01    -6.4639222336594404E-01
 2.5093806250000000E+01    -6.3547964219434849E-01
 2.5143843750000002E+01    -6.2458736055845099E-01
 2.5193881250000000E+01    -6.1407734209914522E-01
 2.5243918749999999E+01    -6.0428478360800320E-01
 2.5293956250000001E+01    -5.9551337051462305E-01
 2.5343993749999999E+01    -5.8803237561316490E-01
 2.5394031250000001E+01    -5.8207527486482336E-01
 2.5444068750000000E+01    -5.7783949949129954E-01
 2.5494106250000002E+01    -5.7548729624362560E-01
 2.5544143750000000E+01    -5.7515967317653827E-01
 2.5594181250000002E+01    -5.7698093884903645E-01
 2.5644218750000000E+01    -5.8104351927040554E-01
 2.5694256249999999E+01    -5.8740724848200587E-01
 2.5744293750000001E+01    -5.9609918491199310E-01
 2.5794331249999999E+01    -6.0711273717989467E-01
 2.5844368750000001E+01    -6.2040604386829556E-01
 2.5894406249999999E+01    -6.3589961731477407E-01
 2.5944443750000001E+01    -6.5347333685423381E-01
 2.5994481250000000E+01    -6.7296296746347728E-01
 2.6044518750000002E+01    -6.9415648959603993E-01
 2.6094556250000000E+01    -7.1679065566451516E-01
 2.6144593749999999E+01    -7.4054833220632021E-01
 2.6194631250000000E+01    -7.6505732904678569E-01
 2.6244668749999999E+01    -7.8989153120430333E-01
 2.6294706250000001E+01    -8.1457519802215106E-01
 2.6344743749999999E+01    -8.3859123170771477E-01
 2.6394781250000001E+01    -8.6139400029553526E-01
 2.6444818750000000E+01    -8.8242690027633597E-01
 2.6494856250000002E+01    -9.0114426791213342E-01
 2.6544893750000000E+01    -9.1703655126371697E-01
 2.6594931250000002E+01    -9.2965694749476990E-01
 2.6644968750000000E+01    -9.3864714358662060E-01
 2.6695006249999999E+01    -9.4375953101961152E-01
 2.6745043750000001E+01    -9.4487341096455946E-01
 2.6795081249999999E+01    -9.4200329098542035E-01
 2.6845118750000001E+01    -9.3529830986855111E-01
 2.6895156249999999E+01    -9.2503293080217153E-01
 2.6945193750000001E+01    -9.1159008838929956E-01
 2.6995231250000000E+01    -8.9543876078068496E-01
 2.7045268750000002E+01    -8.7710834448081521E-01
 2.7095306250000000E+01    -8.5716221926274205E-01
 2.7145343749999999E+01    -8.3617257582768123E-01
 2.7195381250000001E+01    -8.1469806120120092E-01
 2.7245418749999999E+01    -7.9326520586029159E-01
 2.7295456250000001E+01    -7.7235403815064718E-01
 2.7345493749999999E+01    -7.5238783373088025E-01
 2.7395531250000001E+01    -7.3372662092909657E-01
 2.7445568750000000E+01    -7.1666386810975813E-01
 2.7495606250000002E+01    -7.0142569918512532E-01
 2.7545643750000000E+01    -6.8817199247659577E-01
 2.7595681250000002E+01    -6.7699878906481092E-01
 2.7645718750000000E+01    -6.6794154538661832E-01
 2.7695756249999999E+01    -6.6097889194900561E-01
 2.7745793750000001E+01    -6.5603669162953160E-01
 2.7795831249999999E+01    -6.5299231730360463E-01
 2.7845868750000001E+01    -6.5167918221599386E-01
 2.7895906249999999E+01    -6.5189165113028513E-01
 2.7945943750000001E+01    -6.5339052877536064E-01
 2.7995981250000000E+01    -6.5590935612881751E-01
 2.8046018750000002E+01    -6.5916173543391521E-01
 2.8096056250000000E+01    -6.6284984308120187E-01
 2.8146093749999999E+01    -6.6667417065849677E-01
 2.8196131250000001E+01    -6.7034436072191983E-01
 2.8246168749999999E+01    -6.7359078793458205E-01
 2.8296206250000001E+01    -6.7617630386090755E-01
 2.8346243749999999E+01    -6.7790735312053463E-01
 2.8396281250000001E+01    -6.7864352614590295E-01
 2.8446318750000000E+01    -6.7830458514378156E-01
 2.8496356250000002E+01    -6.7687411808672626E-01
 2.8546393750000000E+01    -6.7439924881221081E-01
 2.8596431250000002E+01    -6.7098623456314532E-01
 2.8646468750000000E+01    -6.6679225702517819E-01
 2.8696506249999999E+01    -6.6201417666280804E-01
 2.8746543750000001E+01    -6.5687538464216999E-01
 2.8796581249999999E+01    -6.5161207939522858E-01
 2.8846618750000001E+01    -6.4646027793817573E-01
 2.8896656249999999E+01    -6.4164465176683794E-01
 2.8946693750000001E+01    -6.3736990258773774E-01
 2.8996731250000000E+01    -6.3381494392289917E-01
 2.9046768750000002E+01    -6.3112972199808515E-01
 2.9096806250000000E+01    -6.2943417546310765E-01
 2.9146843749999999E+01    -6.2881734276776236E-01
 2.9196881250000001E+01    -6.2932542493543531E-01
 2.9246918749999999E+01    -6.3096862124888176E-01
 2.9296956250000001E+01    -6.3373112184411085E-01
 2.9346993749999999E+01    -6.3757229469649435E-01
 2.9397031250000001E+01    -6.4242779659658900E-01
 2.9447068750000000E+01    -6.4821100404824250E-01
 2.9497106250000002E+01    -6.5481504482285779E-01
 2.9547143750000000E+01    -6.6211563263498396E-01
 2.9597181249999998E+01    -6.6997476853081861E-01
 2.9647218750000000E+01    -6.7824521686959716E-01
 2.9697256249999999E+01    -6.8677552974916645E-01
 2.9747293750000001E+01    -6.9541530653907091E-01
 2.9797331249999999E+01    -7.0402034420335935E-01
 2.9847368750000001E+01    -7.1245735520873832E-01
 2.9897406250000000E+01    -7.2060799026267863E-01
 2.9947443750000001E+01    -7.2837198665956193E-01
 2.9997481250000000E+01    -7.3566935388861010E-01
 3.0047518750000002E+01    -7.4244159351361361E-01
 3.0097556250000000E+01    -7.4865202112331763E-01
 3.0147593749999999E+01    -7.5428530914518810E-01
 3.0197631250000001E+01    -7.5934639867273190E-01
 3.0247668749999999E+01    -7.6385893713796771E-01
 3.0297706250000001E+01    -7.6786338981786229E-01
 3.0347743749999999E+01    -7.7141495147926786E-01
 3.0397781250000001E+01    -7.7458135544734663E-01
 3.0447818750000000E+01    -7.7744064657693646E-01
 3.0497856250000002E+01    -7.8007895686835693E-01
 3.0547893750000000E+01    -7.8258830132674684E-01
 3.0597931249999998E+01    -7.8506439894287783E-01
 3.0647968750000000E+01    -7.8760451942943477E-01
 3.0698006249999999E+01    -7.9030535911264155E-01
 3.0748043750000001E+01    -7.9326095667786423E-01
 3.0798081249999999E+01    -7.9656066843590667E-01
 3.0848118750000001E+01    -8.0028723079656150E-01
 3.0898156250000000E+01    -8.0451494279492430E-01
 3.0948193750000002E+01    -8.0930800286307569E-01
 3.0998231250000000E+01    -8.1471903157799286E-01
 3.1048268750000002E+01    -8.2078780660828743E-01
 3.1098306250000000E+01    -8.2754022873502864E-01
 3.1148343749999999E+01    -8.3498752995172143E-01
 3.1198381250000001E+01    -8.4312572740957448E-01
 3.1248418749999999E+01    -8.5193532117839166E-01
 3.1298456250000001E+01    -8.6138122986012777E-01
 3.1348493749999999E+01    -8.7141295606257396E-01
 3.1398531250000001E+01    -8.8196497337858448E-01
 3.1448568750000000E+01    -8.9295732739303335E-01
 3.1498606250000002E+01    -9.0429644484129124E-01
 3.1548643750000000E+01    -9.1587614682778040E-01
 3.1598681249999998E+01    -9.2757886346189378E-01
 3.1648718750000000E+01    -9.3927704790636701E-01
 3.1698756249999999E+01    -9.5083478724528936E-01
 3.1748793750000001E+01    -9.6210960543042401E-01
 3.1798831249999999E+01    -9.7295444962036925E-01
 3.1848868750000001E+01    -9.8321984539201912E-01
 3.1898906250000000E+01    -9.9275619864924736E-01
 3.1948943750000002E+01    -1.0014162128645379E+00
 3.1998981250000000E+01    -1.0090573800732141E+00
 3.2049018750000002E+01    -1.0155444935333364E+00
 3.2099056249999997E+01    -1.0207521200960237E+00
 3.2149093749999999E+01    -1.0245669621512783E+00
 3.2199131250000001E+01    -1.0268900335942002E+00
 3.2249168750000003E+01    -1.0276385725610506E+00
 3.2299206249999997E+01    -1.0267476164303515E+00
 3.2349243749999999E+01    -1.0241711721340725E+00
 3.2399281250000001E+01    -1.0198829270795842E+00
 3.2449318750000003E+01    -1.0138764623854584E+00
 3.2499356249999998E+01    -1.0061649496780363E+00
 3.2549393750000000E+01    -9.9678033405885580E-01
 3.2599431250000002E+01    -9.8577202753726556E-01
 3.2649468749999997E+01    -9.7320515774726768E-01
 3.2699506249999999E+01    -9.5915843483127416E-01
 3.2749543750000001E+01    -9.4372171399201787E-01
 3.2799581250000003E+01    -9.2699625620211867E-01
 3.2849618749999998E+01    -9.0910239882829369E-01
 3.2899656250000000E+01    -8.9016721040967250E-01
 3.2949693750000002E+01    -8.7031793424302073E-01
 3.2999731250000004E+01    -8.4967944611789858E-01
 3.3049768749999998E+01    -8.2837197585209410E-01
 3.3099806250000000E+01    -8.0650915408297874E-01
 3.3149843750000002E+01    -7.8419643369778724E-01
 3.3199881249999997E+01    -7.6152992073603609E-01
 3.3249918749999999E+01    -7.3859563319259469E-01
 3.3299956250000001E+01    -7.1546918825077110E-01
 3.3349993750000003E+01    -6.9221589955366225E-01
 3.3400031249999998E+01    -6.6889124687819435E-01
 3.3450068750000000E+01    -6.4554166201289431E-01
 3.3500106250000002E+01    -6.2220555810160971E-01
 3.3550143749999997E+01    -5.9891451682407759E-01
 3.3600181249999999E+01    -5.7569454026811129E-01
 3.3650218750000001E+01    -5.5256727376462422E-01
 3.3700256250000002E+01    -5.2955111332465776E-01
 3.3750293749999997E+01    -5.0666212675904254E-01
 3.3800331249999999E+01    -4.8391474002838714E-01
 3.3850368750000001E+01    -4.6132216757503336E-01
 3.3900406250000003E+01    -4.3889659401879888E-01
 3.3950443749999998E+01    -4.1664914080147941E-01
 3.4000481250000000E+01    -3.9458967147476354E-01
 3.4050518750000002E+01    -3.7272650059659179E-01
 3.4100556249999997E+01    -3.5106607244074090E-01
 3.4150593749999999E+01    -3.2961266754976137E-01
 3.4200631250000001E+01    -3.0836817987261228E-01
 3.4250668750000003E+01    -2.8733198824286488E-01
 3.4300706249999998E+01    -2.6650092702686440E-01
 3.4350743749999999E+01    -2.4586934516466386E-01
 3.4400781250000001E+01    -2.2542923267962389E-01
 3.4450818750000003E+01    -2.0517038976994867E-01
 3.4500856249999998E+01    -1.8508061520182970E-01
 3.4550893750000000E+01    -1.6514589632481783E-01
 3.4600931250000002E+01    -1.4535059060965222E-01
 3.4650968749999997E+01    -1.2567759623526403E-01
 3.4701006249999999E+01    -1.0610851545400704E-01
 3.4751043750000001E+01    -8.6623818428082616E-02
 3.4801081250000003E+01    -6.7203016794621345E-02
 3.4851118749999998E+01    -4.7824855737318032E-02
 3.4901156250000000E+01    -2.8467531480226425E-02
 3.4951193750000002E+01    -9.1089386273359961E-03
 3.5001231250000004E+01     1.0273050672182765E-02
 3.5051268749999998E+01     2.9700275654894082E-02
 3.5101306250000000E+01     4.9193944979593243E-02
 3.5151343750000002E+01     6.8774265090851439E-02
 3.5201381249999997E+01     8.8460039573704588E-02
 3.5251418749999999E+01     1.0826823905307575E-01
 3.5301456250000001E+01     1.2821353980069619E-01
 3.5351493750000003E+01     1.4830782782707713E-01
 3.5401531249999998E+01     1.6855966412587253E-01
 3.5451568750000000E+01     1.8897370614365097E-01
 3.5501606250000002E+01     2.0955008067376019E-01
 3.5551643749999997E+01     2.3028370439640267E-01
 3.5601681249999999E+01     2.5116355035715943E-01
 3.5651718750000001E+01     2.7217186192594539E-01
 3.5701756250000003E+01     2.9328332031707061E-01
 3.5751793749999997E+01     3.1446417766160806E-01
 3.5801831249999999E+01     3.3567137494072280E-01
 3.5851868750000001E+01     3.5685167277364332E-01
 3.5901906250000003E+01     3.7794083295279224E-01
 3.5951943749999998E+01     3.9886289941297248E-01
 3.6001981250000000E+01     4.1952963847655544E-01
 3.6052018750000002E+01     4.3984020892646025E-01
 3.6102056249999997E+01     4.5968114161000162E-01
 3.6152093749999999E+01     4.7892671443626028E-01
 3.6202131250000001E+01     4.9743981008841148E-01
 3.6252168750000003E+01     5.1507333864686577E-01
 3.6302206249999998E+01     5.3167229375592773E-01
 3.6352243750000000E+01     5.4707648742436832E-01
 3.6402281250000001E+01     5.6112397417996696E-01
 3.6452318750000003E+01     5.7365513036156446E-01
 3.6502356249999998E+01     5.8451730059462692E-01
 3.6552393750000000E+01     5.9356986450407356E-01
 3.6602431250000002E+01     6.0068951781632363E-01
 3.6652468749999997E+01     6.0577551002495922E-01
 3.6702506249999999E+01     6.0875454332515133E-01
 3.6752543750000001E+01     6.0958502179940466E-01
 3.6802581250000003E+01     6.0826035141357226E-01
 3.6852618749999998E+01     6.0481103281058768E-01
 3.6902656250000000E+01     5.9930535875932123E-01
 3.6952693750000002E+01     5.9184862072245614E-01
 3.7002731249999997E+01     5.8258083487172341E-01
 3.7052768749999998E+01     5.7167310506939539E-01
 3.7102806250000000E+01     5.5932283639929736E-01
 3.7152843750000002E+01     5.4574808688085896E-01
 3.7202881249999997E+01     5.3118138951281957E-01
 3.7252918749999999E+01     5.1586338869722392E-01
 3.7302956250000001E+01     5.0003661594248738E-01
 3.7352993750000003E+01     4.8393968501658347E-01
 3.7403031249999998E+01     4.6780212447220215E-01
 3.7453068750000000E+01     4.5183999473545533E-01
 3.7503106250000002E+01     4.3625236624321695E-01
 3.7553143749999997E+01     4.2121867130345764E-01
 3.7603181249999999E+01     4.0689689005324658E-01
 3.7653218750000001E+01     3.9342249237942389E-01
 3.7703256250000003E+01     3.8090803316595634E-01
 3.7753293749999997E+01     3.6944328643353036E-01
 3.7803331249999999E+01     3.5909580259290663E-01
 3.7853368750000001E+01     3.4991177950664676E-01
 3.7903406250000003E+01     3.4191714973639242E-01
 3.7953443749999998E+01     3.3511880094787549E-01
 3.8003481250000000E+01     3.2950586211615729E-01
 3.8053518750000002E+01     3.2505100357253086E-01
 3.8103556249999997E+01     3.2171171318325392E-01
 3.8153593749999999E+01     3.1943152355519361E-01
 3.8203631250000001E+01     3.1814117593734276E-01
 3.8253668750000003E+01     3.1775971545281156E-01
 3.8303706249999998E+01     3.1819551961583892E-01
 3.8353743750000000E+01     3.1934726799248203E-01
 3.8403781250000002E+01     3.2110486559730700E-01
 3.8453818749999996E+01     3.2335033640109440E-01
 3.8503856249999998E+01     3.2595870631112112E-01
 3.8553893750000000E+01     3.2879889724476408E-01
 3.8603931250000002E+01     3.3173465541422442E-01
 3.8653968749999997E+01     3.3462553753275526E-01
 3.8704006249999999E+01     3.3732797810418036E-01
 3.8754043750000001E+01     3.3969645896309142E-01
 3.8804081250000003E+01     3.4158479847034739E-01
 3.8854118749999998E+01     3.4284757195994425E-01
 3.8904156250000000E+01     3.4334166702577767E-01
 3.8954193750000002E+01     3.4292796707995271E-01
 3.9004231249999997E+01     3.4147314463229361E-01
 3.9054268749999999E+01     3.3887313893396426E-01
 3.9104306250000000E+01     3.3497441284831353E-01
 3.9154343750000002E+01     3.2926813900904850E-01
 3.9204381249999997E+01     3.2144749542384121E-01
 3.9254418749999999E+01     3.1142761220189835E-01
 3.9304456250000001E+01     2.9928220876097117E-01
 3.9354493750000003E+01     2.8518909478956206E-01
 3.9404531249999998E+01     2.6938574897001544E-01
 3.9454568750000000E+01     2.5213364505496699E-01
 3.9504606250000002E+01     2.3369006695378253E-01
 3.9554643749999997E+01     2.1428671744729272E-01
 3.9604681249999999E+01     1.9411477822507633E-01
 3.9654718750000001E+01     1.7331618159965423E-01
 3.9704756250000003E+01     1.5198081268538349E-01
 3.9754793749999997E+01     1.3014920393341001E-01
 3.9804831249999999E+01     1.0781995346787723E-01
 3.9854868750000001E+01     8.4960569629398963E-02
 3.9904906250000003E+01     6.1519858541624332E-02
 3.9954943749999998E+01     3.7439655332304075E-02
 4.0004981250000000E+01     1.2664006142977118E-02
