# n_row: 16 n_col: 16
# row  col                       real                       imag
    0   15    -9.8389322611558372E-01    -1.7875715259499109E-01
    1   14     7.3587169475690251E-01     6.7712100015846799E-01
    2   13     6.9029615075818573E-01    -7.2352693401727075E-01
    3   12    -9.7019115807735212E-01     2.4234091026594445E-01
    4   11    -8.8189254597857836E-01     4.7145046118062195E-01
    5   10     9.9732315051359965E-01     7.3119993501283453E-02
    6    9     9.1113864742320250E-02    -9.9584048102681488E-01
    7    8    -6.0944508400489461E-01     7.9282828505437875E-01
    8    7    -6.0944508400489461E-01    -7.9282828505437875E-01
    9    6     9.1113864742320250E-02     9.9584048102681488E-01
   10    5     9.9732315051359965E-01    -7.3119993501283453E-02
   11    4    -8.8189254597857836E-01    -4.7145046118062195E-01
   12    3    -9.7019115807735212E-01    -2.4234091026594445E-01
   13    2     6.9029615075818573E-01     7.2352693401727075E-01
   14    1     7.3587169475690251E-01    -6.7712100015846799E-01
   15    0    -9.8389322611558372E-01     1.7875715259499109E-01
