#                  time                       real
 2.8125000000000001E-02     1.1988965149326227E-02
 8.4374999999999992E-02     3.2223343242087442E-02
 1.4062500000000000E-01     4.6990180388717717E-02
 1.9687499999999999E-01     5.5510533052189288E-02
 2.5312499999999999E-01     5.7127201474639566E-02
 3.0937500000000001E-01     5.1854312254751372E-02
 3.6562499999999998E-01     4.0996938498410691E-02
 4.2187499999999994E-01     2.7608050903296801E-02
 4.7812499999999997E-01     1.6432794227963728E-02
 5.3437499999999993E-01     1.3032447519105837E-02
 5.9062499999999996E-01     2.2119378269958939E-02
 6.4687499999999987E-01     4.5710108544054669E-02
 7.0312499999999989E-01     8.2115069853691006E-02
 7.5937499999999991E-01     1.2651072346756048E-01
 8.1562499999999982E-01     1.7285760506428299E-01
 8.7187499999999984E-01     2.1601636710062733E-01
 9.2812499999999987E-01     2.5294277506924467E-01
 9.8437499999999989E-01     2.8270757256438872E-01
 1.0406249999999999E+00     3.0567471325468826E-01
 1.0968749999999998E+00     3.2294606755006672E-01
 1.1531250000000000E+00     3.3615520104603031E-01
 1.2093749999999999E+00     3.4640128222652278E-01
 1.2656249999999998E+00     3.5442958885354037E-01
 1.3218749999999999E+00     3.6076088753641827E-01
 1.3781249999999998E+00     3.6576744302309044E-01
 1.4343749999999997E+00     3.6972007980342442E-01
 1.4906249999999999E+00     3.7281860624561214E-01
 1.5468749999999998E+00     3.7521215871809743E-01
 1.6031249999999997E+00     3.7701316127800910E-01
 1.6593749999999998E+00     3.7830709569371074E-01
 1.7156249999999997E+00     3.7915944522694534E-01
 1.7718749999999999E+00     3.7962069062441173E-01
 1.8281249999999998E+00     3.7972994082109252E-01
 1.8843749999999997E+00     3.7951759351417086E-01
 1.9406249999999998E+00     3.7900729872101124E-01
 1.9968749999999997E+00     3.7821741714406687E-01
 2.0531250000000001E+00     3.7716211005978245E-01
 2.1093750000000000E+00     3.7585215954519313E-01
 2.1656249999999999E+00     3.7429559143208818E-01
 2.2218749999999998E+00     3.7249815471303460E-01
 2.2781250000000002E+00     3.7046369774040244E-01
 2.3343750000000001E+00     3.6819447179635900E-01
 2.3906250000000000E+00     3.6569138533781981E-01
 2.4468749999999999E+00     3.6295422665965804E-01
 2.5031249999999998E+00     3.5998186834212376E-01
 2.5593749999999997E+00     3.5677246329255902E-01
 2.6156250000000001E+00     3.5332363921101179E-01
 2.6718750000000000E+00     3.4963269574838568E-01
 2.7281249999999999E+00     3.4569680638524308E-01
 2.7843749999999998E+00     3.4151322508998150E-01
 2.8406249999999997E+00     3.3707949609663435E-01
 2.8968750000000001E+00     3.3239366368071849E-01
 2.9531250000000000E+00     3.2745447762590063E-01
 3.0093749999999999E+00     3.2226158919065190E-01
 3.0656249999999998E+00     3.1681573183099498E-01
 3.1218749999999997E+00     3.1111888073405503E-01
 3.1781249999999996E+00     3.0517438537944364E-01
 3.2343750000000000E+00     2.9898706986667561E-01
 3.2906249999999999E+00     2.9256329660589825E-01
 3.3468749999999998E+00     2.8591099012441962E-01
 3.4031249999999997E+00     2.7903961913346165E-01
 3.4593749999999996E+00     2.7196013655184770E-01
 3.5156250000000000E+00     2.6468487880745223E-01
 3.5718749999999999E+00     2.5722742733998938E-01
 3.6281249999999998E+00     2.4960243671395377E-01
 3.6843749999999997E+00     2.4182543503388443E-01
 3.7406249999999996E+00     2.3391260336038938E-01
 3.7968750000000000E+00     2.2588054150313897E-01
 3.8531249999999999E+00     2.1774602788416042E-01
 3.9093749999999998E+00     2.0952578111717202E-01
 3.9656249999999997E+00     2.0123623055427542E-01
 4.0218749999999996E+00     1.9289330235073543E-01
 4.0781250000000000E+00     1.8451222664957029E-01
 4.1343749999999995E+00     1.7610737035935853E-01
 4.1906249999999998E+00     1.6769209876540050E-01
 4.2468750000000002E+00     1.5927866795122458E-01
 4.3031249999999996E+00     1.5087814878090805E-01
 4.3593750000000000E+00     1.4250038206228374E-01
 4.4156249999999995E+00     1.3415396352060427E-01
 4.4718749999999998E+00     1.2584625639254945E-01
 4.5281250000000002E+00     1.1758342881782788E-01
 4.5843749999999996E+00     1.0937051276299950E-01
 4.6406250000000000E+00     1.0121148095113765E-01
 4.6968749999999995E+00     9.3109338175324324E-02
 4.7531249999999998E+00     8.5066223420144138E-02
 4.8093749999999993E+00     7.7083519377998830E-02
 4.8656249999999996E+00     6.9161966198213326E-02
 4.9218750000000000E+00     6.1301776620402176E-02
 4.9781249999999995E+00     5.3502749995172384E-02
 5.0343749999999998E+00     4.5764383063699975E-02
 5.0906249999999993E+00     3.8085975735527459E-02
 5.1468749999999996E+00     3.0466730457586334E-02
 5.2031250000000000E+00     2.2905844097031825E-02
 5.2593749999999995E+00     1.5402591559281576E-02
 5.3156249999999998E+00     7.9564006273778153E-03
 5.3718749999999993E+00     5.6691773807177308E-04
 5.4281249999999996E+00    -6.7659353947772723E-03
 5.4843750000000000E+00    -1.4041914235767779E-02
 5.5406249999999995E+00    -2.1260412754370645E-02
 5.5968749999999998E+00    -2.8420433303360297E-02
 5.6531249999999993E+00    -3.5520564640610049E-02
 5.7093749999999996E+00    -4.2558967610366469E-02
 5.7656250000000000E+00    -4.9533367937067953E-02
 5.8218749999999995E+00    -5.6441055528804004E-02
 5.8781249999999998E+00    -6.3278889636497956E-02
 5.9343749999999993E+00    -7.0043309165886428E-02
 5.9906249999999996E+00    -7.6730347391577872E-02
 6.0468750000000000E+00    -8.3335650274791687E-02
 6.1031249999999995E+00    -8.9854497539981815E-02
 6.1593749999999998E+00    -9.6281825621727490E-02
 6.2156249999999993E+00    -1.0261225155476077E-01
 6.2718749999999996E+00    -1.0884009684990509E-01
 6.3281249999999991E+00    -1.1495941038158329E-01
 6.3843749999999995E+00    -1.2096398931264074E-01
 6.4406249999999998E+00    -1.2684739710380991E-01
 6.4968749999999993E+00    -1.3260297770354240E-01
 6.5531249999999996E+00    -1.3822386509162549E-01
 6.6093749999999991E+00    -1.4370298746051552E-01
 6.6656249999999995E+00    -1.4903306546218750E-01
 6.7218749999999998E+00    -1.5420660412465703E-01
 6.7781249999999993E+00    -1.5921587824843328E-01
 6.8343749999999996E+00    -1.6405291132278058E-01
 6.8906249999999991E+00    -1.6870944824804315E-01
 6.9468749999999995E+00    -1.7317692240212068E-01
 7.0031249999999998E+00    -1.7744641783569737E-01
 7.0593749999999993E+00    -1.8150862760848879E-01
 7.1156249999999996E+00    -1.8535380947436486E-01
 7.1718749999999991E+00    -1.8897174027399363E-01
 7.2281249999999995E+00    -1.9235167048850360E-01
 7.2843749999999998E+00    -1.9548228043754912E-01
 7.3406249999999993E+00    -1.9835163956558466E-01
 7.3968749999999996E+00    -2.0094717014924340E-01
 7.4531249999999991E+00    -2.0325561658084840E-01
 7.5093749999999995E+00    -2.0526302114557915E-01
 7.5656249999999998E+00    -2.0695470692621659E-01
 7.6218749999999993E+00    -2.0831526815486903E-01
 7.6781249999999996E+00    -2.0932856800554453E-01
 7.7343749999999991E+00    -2.0997774350440057E-01
 7.7906249999999995E+00    -2.1024521694729412E-01
 7.8468749999999998E+00    -2.1011271297448281E-01
 7.9031249999999993E+00    -2.0956128027750573E-01
 7.9593749999999996E+00    -2.0857131681478475E-01
 8.0156249999999982E+00    -2.0712259739721445E-01
 8.0718749999999986E+00    -2.0519430257695023E-01
 8.1281249999999989E+00    -2.0276504792634378E-01
 8.1843749999999993E+00    -1.9981291344297733E-01
 8.2406249999999979E+00    -1.9632056383388535E-01
 8.2968749999999982E+00    -1.9228797321307106E-01
 8.3531249999999986E+00    -1.8771860929793147E-01
 8.4093749999999989E+00    -1.8261567066134307E-01
 8.4656249999999993E+00    -1.7698218559252860E-01
 8.5218749999999979E+00    -1.7082109755095568E-01
 8.5781249999999982E+00    -1.6413534473523089E-01
 8.6343749999999986E+00    -1.5692793756712667E-01
 8.6906249999999989E+00    -1.4920203662687156E-01
 8.7468749999999993E+00    -1.4096103303810142E-01
 8.8031249999999979E+00    -1.3220863300871877E-01
 8.8593749999999982E+00    -1.2294894802043246E-01
 8.9156249999999986E+00    -1.1318659195369099E-01
 8.9718749999999989E+00    -1.0292678620601792E-01
 9.0281249999999993E+00    -9.2175473596531762E-02
 9.0843749999999979E+00    -8.0939441544239876E-02
 9.1406249999999982E+00    -6.9226454664995454E-02
 9.1968749999999986E+00    -5.7045396555417897E-02
 9.2531249999999989E+00    -4.4406420128892461E-02
 9.3093749999999975E+00    -3.1321105447138502E-02
 9.3656249999999979E+00    -1.7802623557582907E-02
 9.4218749999999982E+00    -3.8659044121762834E-03
 9.4781249999999986E+00     1.0472193485833479E-02
 9.5343749999999989E+00     2.5192714474982770E-02
 9.5906249999999975E+00     4.0274441329669251E-02
 9.6468749999999979E+00     5.5693738580463448E-02
 9.7031249999999982E+00     7.1424407415534283E-02
 9.7593749999999986E+00     8.7437556306555600E-02
 9.8156249999999989E+00     1.0370149174407244E-01
 9.8718749999999975E+00     1.2018163365559181E-01
 9.9281249999999979E+00     1.3684046020642507E-01
 9.9843749999999982E+00     1.5363748673993560E-01
 1.0040624999999999E+01     1.7052928358753466E-01
 1.0096874999999999E+01     1.8746953735604491E-01
 1.0153124999999998E+01     2.0440916006323537E-01
 1.0209374999999998E+01     2.2129645012238577E-01
 1.0265624999999998E+01     2.3807730865363155E-01
 1.0321874999999999E+01     2.5469551390285095E-01
 1.0378124999999999E+01     2.7109305566147623E-01
 1.0434374999999998E+01     2.8721053048900208E-01
 1.0490624999999998E+01     3.0298759723998925E-01
 1.0546874999999998E+01     3.1836349089290211E-01
 1.0603124999999999E+01     3.3327759098731824E-01
 1.0659374999999999E+01     3.4767003912972055E-01
 1.0715624999999998E+01     3.6148239807278432E-01
 1.0771874999999998E+01     3.7465834287119160E-01
 1.0828124999999998E+01     3.8714437264306423E-01
 1.0884374999999999E+01     3.9889052960899340E-01
 1.0940624999999999E+01     4.0985111043490940E-01
 1.0996874999999998E+01     4.1998535357116362E-01
 1.1053124999999998E+01     4.2925808535561011E-01
 1.1109374999999998E+01     4.3764030722369057E-01
 1.1165624999999999E+01     4.4510970651860249E-01
 1.1221874999999999E+01     4.5165107417526584E-01
 1.1278124999999998E+01     4.5725661399009282E-01
 1.1334374999999998E+01     4.6192613028098684E-01
 1.1390624999999998E+01     4.6566708344949492E-01
 1.1446874999999999E+01     4.6849450620390298E-01
 1.1503124999999999E+01     4.7043077687889412E-01
 1.1559374999999998E+01     4.7150525025220075E-01
 1.1615624999999998E+01     4.7175375034883305E-01
 1.1671874999999998E+01     4.7121793375854992E-01
 1.1728124999999999E+01     4.6994453579266804E-01
 1.1784374999999999E+01     4.6798451519834100E-01
 1.1840624999999998E+01     4.6539211598166813E-01
 1.1896874999999998E+01     4.6222386704508539E-01
 1.1953124999999998E+01     4.5853754173941330E-01
 1.2009374999999999E+01     4.5439110002984057E-01
 1.2065624999999999E+01     4.4984163578811309E-01
 1.2121874999999998E+01     4.4494435080052414E-01
 1.2178124999999998E+01     4.3975157551258959E-01
 1.2234374999999998E+01     4.3431185443128872E-01
 1.2290624999999999E+01     4.2866930114326424E-01
 1.2346874999999999E+01     4.2287538554829923E-01
 1.2403124999999998E+01     4.1699609696486850E-01
 1.2459374999999998E+01     4.1109273492858717E-01
 1.2515624999999998E+01     4.0521964576440628E-01
 1.2571874999999999E+01     3.9942398705537058E-01
 1.2628124999999997E+01     3.9374563782081196E-01
 1.2684374999999998E+01     3.8821723853967915E-01
 1.2740624999999998E+01     3.8286434571181993E-01
 1.2796874999999998E+01     3.7770568544056404E-01
 1.2853124999999999E+01     3.7275349049685902E-01
 1.2909374999999997E+01     3.6801390565073283E-01
 1.2965624999999998E+01     3.6348744672126349E-01
 1.3021874999999998E+01     3.5916949974002133E-01
 1.3078124999999998E+01     3.5505084776974449E-01
 1.3134374999999999E+01     3.5111821419298705E-01
 1.3190624999999997E+01     3.4735481261565659E-01
 1.3246874999999998E+01     3.4374089485963782E-01
 1.3303124999999998E+01     3.4025428980026762E-01
 1.3359374999999998E+01     3.3687092700434529E-01
 1.3415624999999999E+01     3.3356534022015843E-01
 1.3471874999999997E+01     3.3031114674835632E-01
 1.3528124999999998E+01     3.2708149957833899E-01
 1.3584374999999998E+01     3.2384950990990213E-01
 1.3640624999999998E+01     3.2058863830226925E-01
 1.3696874999999999E+01     3.1727305321333937E-01
 1.3753124999999997E+01     3.1387795612382241E-01
 1.3809374999999998E+01     3.1037987279953189E-01
 1.3865624999999998E+01     3.0675691054433407E-01
 1.3921874999999998E+01     3.0298898155092924E-01
 1.3978124999999999E+01     2.9905799267945393E-01
 1.4034374999999997E+01     2.9494800219551726E-01
 1.4090624999999998E+01     2.9064534418914661E-01
 1.4146874999999998E+01     2.8613872158023157E-01
 1.4203124999999998E+01     2.8141926879858326E-01
 1.4259374999999999E+01     2.7648058541007436E-01
 1.4315624999999997E+01     2.7131874214374119E-01
 1.4371874999999998E+01     2.6593226095677897E-01
 1.4428124999999998E+01     2.6032207095236032E-01
 1.4484374999999998E+01     2.5449144213407260E-01
 1.4540624999999999E+01     2.4844589913781390E-01
 1.4596874999999997E+01     2.4219311722060957E-01
 1.4653124999999998E+01     2.3574280290364930E-01
 1.4709374999999998E+01     2.2910656175833718E-01
 1.4765624999999998E+01     2.2229775588751116E-01
 1.4821874999999999E+01     2.1533135368579018E-01
 1.4878124999999997E+01     2.0822377446229196E-01
 1.4934374999999998E+01     2.0099273047490748E-01
 1.4990624999999998E+01     1.9365706885801956E-01
 1.5046874999999998E+01     1.8623661582577075E-01
 1.5103124999999999E+01     1.7875202540251303E-01
 1.5159374999999997E+01     1.7122463477215996E-01
 1.5215624999999998E+01     1.6367632815226951E-01
 1.5271874999999998E+01     1.5612941088803461E-01
 1.5328124999999998E+01     1.4860649522999042E-01
 1.5384374999999999E+01     1.4113039900975602E-01
 1.5440624999999997E+01     1.3372405816346983E-01
 1.5496874999999998E+01     1.2641045377639137E-01
 1.5553124999999998E+01     1.1921255403817717E-01
 1.5609374999999998E+01     1.1215327120973922E-01
 1.5665624999999999E+01     1.0525543341408544E-01
 1.5721874999999997E+01     9.8541770778916585E-02
 1.5778124999999998E+01     9.2034915183047461E-02
 1.5834374999999998E+01     8.5757412596770138E-02
 1.5890624999999998E+01     7.9731746762803229E-02
 1.5946874999999999E+01     7.3980372745893350E-02
 1.6003124999999997E+01     6.8525758689540819E-02
 1.6059374999999999E+01     6.3390433964131215E-02
 1.6115624999999998E+01     5.8597041775980269E-02
 1.6171874999999996E+01     5.4168394236725065E-02
 1.6228124999999999E+01     5.0127527869619756E-02
 1.6284374999999997E+01     4.6497757557409217E-02
 1.6340624999999999E+01     4.3302727015746105E-02
 1.6396874999999998E+01     4.0565198630075544E-02
 1.6453124999999996E+01     3.8288869449244881E-02
 1.6509374999999999E+01     3.6462518267235740E-02
 1.6565624999999997E+01     3.5074958193320474E-02
 1.6621874999999999E+01     3.4115456546289384E-02
 1.6678124999999998E+01     3.3573729179189875E-02
 1.6734374999999996E+01     3.3439924122108937E-02
 1.6790624999999999E+01     3.3704594819797477E-02
 1.6846874999999997E+01     3.4358663826490214E-02
 1.6903124999999999E+01     3.5393378106872847E-02
 1.6959374999999998E+01     3.6800257261141237E-02
 1.7015624999999996E+01     3.8571036079391025E-02
 1.7071874999999999E+01     4.0697602854699304E-02
 1.7128124999999997E+01     4.3171934857667321E-02
 1.7184374999999999E+01     4.5986032308420306E-02
 1.7240624999999998E+01     4.9131852085922030E-02
 1.7296874999999996E+01     5.2601242297364501E-02
 1.7353124999999999E+01     5.6385878701537578E-02
 1.7409374999999997E+01     6.0477203847775225E-02
 1.7465624999999999E+01     6.4866369662961526E-02
 1.7521874999999998E+01     6.9544184099151696E-02
 1.7578124999999996E+01     7.4501062347491251E-02
 1.7634374999999999E+01     7.9726983032890622E-02
 1.7690624999999997E+01     8.5211449728674213E-02
 1.7746874999999999E+01     9.0943458070586042E-02
 1.7803124999999998E+01     9.6911468702869152E-02
 1.7859374999999996E+01     1.0310338625302433E-01
 1.7915624999999999E+01     1.0950654450297184E-01
 1.7971874999999997E+01     1.1610769790042322E-01
 1.8028124999999999E+01     1.2289301953264123E-01
 1.8084374999999998E+01     1.2984810566490984E-01
 1.8140624999999996E+01     1.3695798692761346E-01
 1.8196874999999999E+01     1.4420714622013861E-01
 1.8253124999999997E+01     1.5157954338837656E-01
 1.8309374999999996E+01     1.5905864672731485E-01
 1.8365624999999998E+01     1.6662747136188977E-01
 1.8421874999999996E+01     1.7426862456812672E-01
 1.8478124999999999E+01     1.8196435810888928E-01
 1.8534374999999997E+01     1.8969662766969358E-01
 1.8590624999999996E+01     1.9744715948003674E-01
 1.8646874999999998E+01     2.0519752418243703E-01
 1.8703124999999996E+01     2.1292921794948683E-01
 1.8759374999999999E+01     2.2062375073123180E-01
 1.8815624999999997E+01     2.2826274132449742E-01
 1.8871874999999996E+01     2.3582801867638195E-01
 1.8928124999999998E+01     2.4330172845727638E-01
 1.8984374999999996E+01     2.5066644346122141E-01
 1.9040624999999999E+01     2.5790527582274797E-01
 1.9096874999999997E+01     2.6500198840116274E-01
 1.9153124999999996E+01     2.7194110201204325E-01
 1.9209374999999998E+01     2.7870799453280948E-01
 1.9265624999999996E+01     2.8528898733792912E-01
 1.9321874999999999E+01     2.9167141410204600E-01
 1.9378124999999997E+01     2.9784366682052338E-01
 1.9434374999999996E+01     3.0379521400581005E-01
 1.9490624999999998E+01     3.0951658647885549E-01
 1.9546874999999996E+01     3.1499932701889244E-01
 1.9603124999999999E+01     3.2023590136139157E-01
 1.9659374999999997E+01     3.2521956960558485E-01
 1.9715624999999996E+01     3.2994421893487330E-01
 1.9771874999999998E+01     3.3440416055436395E-01
 1.9828124999999996E+01     3.3859389577342358E-01
 1.9884374999999999E+01     3.4250785805391137E-01
 1.9940624999999997E+01     3.4614013945535632E-01
 1.9996874999999996E+01     3.4948421109903444E-01
 2.0053124999999998E+01     3.5253264793821204E-01
 2.0109374999999996E+01     3.5527686819731225E-01
 2.0165624999999999E+01     3.5770689731173350E-01
 2.0221874999999997E+01     3.5981116509703398E-01
 2.0278124999999996E+01     3.6157634327739679E-01
 2.0334374999999998E+01     3.6298722852255533E-01
 2.0390624999999996E+01     3.6402667391646554E-01
 2.0446874999999999E+01     3.6467556945488755E-01
 2.0503124999999997E+01     3.6491669497144297E-01
 2.0559374999999996E+01     3.6475410534944924E-01
 2.0615624999999998E+01     3.6419878884698614E-01
 2.0671874999999996E+01     3.6326022727649759E-01
 2.0728124999999999E+01     3.6194660220594094E-01
 2.0784374999999997E+01     3.6026502295798490E-01
 2.0840624999999996E+01     3.5822175484293073E-01
 2.0896874999999998E+01     3.5582244040948552E-01
 2.0953124999999996E+01     3.5307230701599512E-01
 2.1009374999999999E+01     3.4997635508909070E-01
 2.1065624999999997E+01     3.4653952276960498E-01
 2.1121874999999996E+01     3.4276682408368553E-01
 2.1178124999999998E+01     3.3866345920211199E-01
 2.1234374999999996E+01     3.3423489667246853E-01
 2.1290624999999999E+01     3.2948692866020635E-01
 2.1346874999999997E+01     3.2442570117141367E-01
 2.1403124999999996E+01     3.1905772193004411E-01
 2.1459374999999998E+01     3.1338984904208239E-01
 2.1515624999999996E+01     3.0742926381353380E-01
 2.1571874999999999E+01     3.0118343112464174E-01
 2.1628124999999997E+01     2.9466005063756462E-01
 2.1684374999999996E+01     2.8786700186877839E-01
 2.1740624999999998E+01     2.8081228583404494E-01
 2.1796874999999996E+01     2.7350396561205853E-01
 2.1853124999999999E+01     2.6595010780659245E-01
 2.1909374999999997E+01     2.5815872654351013E-01
 2.1965624999999996E+01     2.5013773133594991E-01
 2.2021874999999998E+01     2.4189487989967906E-01
 2.2078124999999996E+01     2.3343773680333801E-01
 2.2134374999999999E+01     2.2477363869154499E-01
 2.2190624999999997E+01     2.1590966671511258E-01
 2.2246874999999996E+01     2.0685262672983051E-01
 2.2303124999999998E+01     1.9760903777122601E-01
 2.2359374999999996E+01     1.8818512926453212E-01
 2.2415624999999999E+01     1.7858684737496588E-01
 2.2471874999999997E+01     1.6881987083420125E-01
 2.2528124999999996E+01     1.5888963648733220E-01
 2.2584374999999998E+01     1.4880137468709831E-01
 2.2640624999999996E+01     1.3856015451733278E-01
 2.2696874999999999E+01     1.2817093865741339E-01
 2.2753124999999997E+01     1.1763864750821888E-01
 2.2809374999999996E+01     1.0696823199339545E-01
 2.2865624999999998E+01     9.6164754235627467E-02
 2.2921874999999996E+01     8.5233475093983629E-02
 2.2978124999999999E+01     7.4179947344638522E-02
 2.3034374999999997E+01     6.3010113101566054E-02
 2.3090624999999996E+01     5.1730403914532007E-02
 2.3146874999999998E+01     4.0347841856507999E-02
 2.3203124999999996E+01     2.8870139827528972E-02
 2.3259374999999999E+01     1.7305799261423213E-02
 2.3315624999999997E+01     5.6642034302823675E-03
 2.3371874999999996E+01    -6.0442954008067505E-03
 2.3428124999999998E+01    -1.7808296608144480E-02
 2.3484374999999996E+01    -2.9615281116438373E-02
 2.3540624999999999E+01    -4.1451551861700610E-02
 2.3596874999999997E+01    -5.3302185853448203E-02
 2.3653124999999996E+01    -6.5150998608634908E-02
 2.3709374999999998E+01    -7.6980521434178314E-02
 2.3765624999999996E+01    -8.8771991727109936E-02
 2.3821874999999999E+01    -1.0050535615022255E-01
 2.3878124999999997E+01    -1.1215928624061294E-01
 2.3934374999999996E+01    -1.2371120572950194E-01
 2.3990624999999998E+01    -1.3513732860767050E-01
 2.4046874999999996E+01    -1.4641270677291035E-01
 2.4103124999999999E+01    -1.5751128595414648E-01
 2.4159374999999997E+01    -1.6840596852964484E-01
 2.4215624999999996E+01    -1.7906868184861416E-01
 2.4271874999999998E+01    -1.8947045072739721E-01
 2.4328124999999996E+01    -1.9958147292053474E-01
 2.4384374999999999E+01    -2.0937119655403036E-01
 2.4440624999999997E+01    -2.1880839874033020E-01
 2.4496874999999996E+01    -2.2786126485392222E-01
 2.4553124999999998E+01    -2.3649748117743299E-01
 2.4609374999999996E+01    -2.4469175424969400E-01
 2.4665624999999999E+01    -2.5243837511223982E-01
 2.4721874999999997E+01    -2.5973472202382614E-01
 2.4778124999999996E+01    -2.6657811619485899E-01
 2.4834374999999998E+01    -2.7296595196550938E-01
 2.4890624999999996E+01    -2.7889580894942362E-01
 2.4946874999999999E+01    -2.8436555150080423E-01
 2.5003124999999997E+01    -2.8937341848314579E-01
 2.5059374999999996E+01    -2.9391810498408616E-01
 2.5115624999999998E+01    -2.9799883682542927E-01
 2.5171874999999996E+01    -3.0161543818877345E-01
 2.5228124999999995E+01    -3.0476839229968344E-01
 2.5284374999999997E+01    -3.0745889484431888E-01
 2.5340624999999996E+01    -3.0968889961772894E-01
 2.5396874999999998E+01    -3.1146115581845052E-01
 2.5453124999999996E+01    -3.1277923640734923E-01
 2.5509374999999995E+01    -3.1364755703251906E-01
 2.5565624999999997E+01    -3.1407138517615274E-01
 2.5621874999999996E+01    -3.1405683938726042E-01
 2.5678124999999998E+01    -3.1361087870797055E-01
 2.5734374999999996E+01    -3.1274128265924828E-01
 2.5790624999999995E+01    -3.1145662240445660E-01
 2.5846874999999997E+01    -3.0976622393648734E-01
 2.5903124999999996E+01    -3.0768012432171887E-01
 2.5959374999999998E+01    -3.0520902216885953E-01
 2.6015624999999996E+01    -3.0236422356765486E-01
 2.6071874999999995E+01    -2.9915758475916460E-01
 2.6128124999999997E+01    -2.9560145275877642E-01
 2.6184374999999996E+01    -2.9170860506307539E-01
 2.6240624999999998E+01    -2.8749218944196925E-01
 2.6296874999999996E+01    -2.8296566465950762E-01
 2.6353124999999995E+01    -2.7814274279532514E-01
 2.6409374999999997E+01    -2.7303733366368665E-01
 2.6465624999999996E+01    -2.6766349166236530E-01
 2.6521874999999998E+01    -2.6203536523654525E-01
 2.6578124999999996E+01    -2.5616714902158805E-01
 2.6634374999999995E+01    -2.5007303863669267E-01
 2.6690624999999997E+01    -2.4376718804027181E-01
 2.6746874999999996E+01    -2.3726366932790804E-01
 2.6803124999999998E+01    -2.3057643485135099E-01
 2.6859374999999996E+01    -2.2371928155915446E-01
 2.6915624999999995E+01    -2.1670581750181186E-01
 2.6971874999999997E+01    -2.0954943050158659E-01
 2.7028124999999996E+01    -2.0226325905592657E-01
 2.7084374999999998E+01    -1.9486016561858527E-01
 2.7140624999999996E+01    -1.8735271248212226E-01
 2.7196874999999995E+01    -1.7975314056573008E-01
 2.7253124999999997E+01    -1.7207335149166220E-01
 2.7309374999999996E+01    -1.6432489341028636E-01
 2.7365624999999998E+01    -1.5651895110551914E-01
 2.7421874999999996E+01    -1.4866634097833334E-01
 2.7478124999999995E+01    -1.4077751156283319E-01
 2.7534374999999997E+01    -1.3286255027563595E-01
 2.7590624999999996E+01    -1.2493119713091533E-01
 2.7646874999999998E+01    -1.1699286616734089E-01
 2.7703124999999996E+01    -1.0905667532550775E-01
 2.7759374999999995E+01    -1.0113148548036881E-01
 2.7815624999999997E+01    -9.3225949269757621E-02
 2.7871874999999996E+01    -8.5348570262096385E-02
 2.7928124999999998E+01    -7.7507772871558328E-02
 2.7984374999999996E+01    -6.9711983254492613E-02
 2.8040624999999995E+01    -6.1969721205021554E-02
 2.8096874999999997E+01    -5.4289702810832577E-02
 2.8153124999999996E+01    -4.6680953333379210E-02
 2.8209374999999998E+01    -3.9152929442836916E-02
 2.8265624999999996E+01    -3.1715649572775353E-02
 2.8321874999999995E+01    -2.4379830768684607E-02
 2.8378124999999997E+01    -1.7157029997809152E-02
 2.8434374999999996E+01    -1.0059787476070786E-02
 2.8490624999999998E+01    -3.1017691644193556E-03
 2.8546874999999996E+01     3.7020947930760215E-03
 2.8603124999999995E+01     1.0335479255966833E-02
 2.8659374999999997E+01     1.6780792739986446E-02
 2.8715624999999996E+01     2.3027968332573239E-02
 2.8771874999999998E+01     2.9076843774279566E-02
 2.8828124999999996E+01     3.4926285472664458E-02
 2.8884374999999995E+01     4.0573450552268089E-02
 2.8940624999999997E+01     4.6013822053327796E-02
 2.8996874999999996E+01     5.1241271836454431E-02
 2.9053124999999998E+01     5.6248152118024315E-02
 2.9109374999999996E+01     6.1025415764696549E-02
 2.9165624999999995E+01     6.5562764732221696E-02
 2.9221874999999997E+01     6.9848825303321080E-02
 2.9278124999999996E+01     7.3871348044544219E-02
 2.9334374999999998E+01     7.7617429672116600E-02
 2.9390624999999996E+01     8.1073753314066951E-02
 2.9446874999999995E+01     8.4226843005611271E-02
 2.9503124999999997E+01     8.7063327686774633E-02
 2.9559374999999996E+01     8.9570209514345314E-02
 2.9615624999999998E+01     9.1735130981605947E-02
 2.9671874999999996E+01     9.3546635181521370E-02
 2.9728124999999995E+01     9.4994413569633271E-02
 2.9784374999999997E+01     9.6069535790700336E-02
 2.9840624999999996E+01     9.6764656529728932E-02
 2.9896874999999998E+01     9.7074194923868762E-02
 2.9953124999999996E+01     9.6994482809862864E-02
 3.0009374999999995E+01     9.6523878954383191E-02
 3.0065624999999997E+01     9.5662847387009309E-02
 3.0121874999999996E+01     9.4413998986737413E-02
 3.0178124999999998E+01     9.2782096517443652E-02
 3.0234374999999996E+01     9.0774024319728613E-02
 3.0290624999999995E+01     8.8398724800954925E-02
 3.0346874999999997E+01     8.5667104682993017E-02
 3.0403124999999996E+01     8.2591914634860097E-02
 3.0459374999999998E+01     7.9187606412765052E-02
 3.0515624999999996E+01     7.5470171940318242E-02
 3.0571874999999995E+01     7.1456968886692909E-02
 3.0628124999999997E+01     6.7166537249510910E-02
 3.0684374999999996E+01     6.2618411242784180E-02
 3.0740624999999998E+01     5.7832930453865790E-02
 3.0796874999999996E+01     5.2831053800080754E-02
 3.0853124999999995E+01     4.7634179317121696E-02
 3.0909374999999997E+01     4.2263972281627663E-02
 3.0965624999999996E+01     3.6742203637987372E-02
 3.1021874999999998E+01     3.1090600189292255E-02
 3.1078124999999996E+01     2.5330707543849210E-02
 3.1134374999999995E+01     1.9483766394066338E-02
 3.1190624999999997E+01     1.3570602351396241E-02
 3.1246874999999996E+01     7.6115292710745427E-03
 3.1303124999999998E+01     1.6262657719082953E-03
 3.1359374999999996E+01    -4.3661355154613682E-03
 3.1415624999999995E+01    -1.0347346560813847E-02
 3.1471874999999997E+01    -1.6299811075542670E-02
 3.1528124999999996E+01    -2.2206780896386297E-02
 3.1584374999999998E+01    -2.8052342342552595E-02
 3.1640624999999996E+01    -3.3821433273370630E-02
 3.1696874999999995E+01    -3.9499851554037818E-02
 3.1753124999999997E+01    -4.5074255606766561E-02
 3.1809374999999996E+01    -5.0532157687152031E-02
 3.1865624999999998E+01    -5.5861910484198349E-02
 3.1921874999999996E+01    -6.1052687599879772E-02
 3.1978124999999995E+01    -6.6094458422477631E-02
 3.2034374999999997E+01    -7.0977957868753452E-02
 3.2090625000000003E+01    -7.5694651435189525E-02
 3.2146875000000001E+01    -8.0236695968969290E-02
 3.2203125000000000E+01    -8.4596896545697783E-02
 3.2259374999999999E+01    -8.8768659824306068E-02
 3.2315624999999997E+01    -9.2745944239686892E-02
 3.2371875000000003E+01    -9.6523207390738525E-02
 3.2428125000000001E+01    -1.0009535098516475E-01
 3.2484375000000000E+01    -1.0345766371166608E-01
 3.2540624999999999E+01    -1.0660576242461894E-01
 3.2596874999999997E+01    -1.0953553204384477E-01
 3.2653125000000003E+01    -1.1224306459202051E-01
 3.2709375000000001E+01    -1.1472459781246416E-01
 3.2765625000000000E+01    -1.1697718456921384E-01
 3.2821874999999999E+01    -1.1900594532174656E-01
 3.2878124999999997E+01    -1.2082094578165475E-01
 3.2934375000000003E+01    -1.2243222674658925E-01
 3.2990625000000001E+01    -1.2384967355534572E-01
 3.3046875000000000E+01    -1.2508296535014915E-01
 3.3103124999999999E+01    -1.2614152952504015E-01
 3.3159374999999997E+01    -1.2703450145494222E-01
 3.3215625000000003E+01    -1.2777068964474078E-01
 3.3271875000000001E+01    -1.2835854638170135E-01
 3.3328125000000000E+01    -1.2880614389651282E-01
 3.3384374999999999E+01    -1.2912115595933135E-01
 3.3440624999999997E+01    -1.2931084476383442E-01
 3.3496875000000003E+01    -1.2938205288737462E-01
 3.3553125000000001E+01    -1.2934120005964481E-01
 3.3609375000000000E+01    -1.2919428442563499E-01
 3.3665624999999999E+01    -1.2894688795221063E-01
 3.3721874999999997E+01    -1.2860418559972930E-01
 3.3778125000000003E+01    -1.2817095786197136E-01
 3.3834375000000001E+01    -1.2765160626717964E-01
 3.3890625000000000E+01    -1.2705017143133107E-01
 3.3946874999999999E+01    -1.2637035325893070E-01
 3.4003124999999997E+01    -1.2561553289801508E-01
 3.4059375000000003E+01    -1.2478879607215293E-01
 3.4115625000000001E+01    -1.2389295743262285E-01
 3.4171875000000000E+01    -1.2293058559791176E-01
 3.4228124999999999E+01    -1.2190402857387521E-01
 3.4284374999999997E+01    -1.2081543927577475E-01
 3.4340625000000003E+01    -1.1966680090231857E-01
 3.4396875000000001E+01    -1.1845995194068348E-01
 3.4453125000000000E+01    -1.1719661061013276E-01
 3.4509374999999999E+01    -1.1587839857996335E-01
 3.4565624999999997E+01    -1.1450686382393559E-01
 3.4621875000000003E+01    -1.1308350249910815E-01
 3.4678125000000001E+01    -1.1160977976076625E-01
 3.4734375000000000E+01    -1.1008714944730963E-01
 3.4790624999999999E+01    -1.0851707258974098E-01
 3.4846874999999997E+01    -1.0690103471937537E-01
 3.4903125000000003E+01    -1.0524056196460747E-01
 3.4959375000000001E+01    -1.0353723594352915E-01
 3.5015625000000000E+01    -1.0179270747325236E-01
 3.5071874999999999E+01    -1.0000870912994128E-01
 3.5128124999999997E+01    -9.8187066704476897E-02
 3.5184375000000003E+01    -9.6329709609159819E-02
 3.5240625000000001E+01    -9.4438680299040775E-02
 3.5296875000000000E+01    -9.2516142778965083E-02
 3.5353124999999999E+01    -9.0564390272944051E-02
 3.5409374999999997E+01    -8.8585852136839241E-02
 3.5465625000000003E+01    -8.6583100097884863E-02
 3.5521875000000001E+01    -8.4558853905694772E-02
 3.5578125000000000E+01    -8.2515986478503056E-02
 3.5634374999999999E+01    -8.0457528626074928E-02
 3.5690624999999997E+01    -7.8386673426084630E-02
 3.5746875000000003E+01    -7.6306780324693360E-02
 3.5803125000000001E+01    -7.4221379023796261E-02
 3.5859375000000000E+01    -7.2134173207574023E-02
 3.5915624999999999E+01    -7.0049044149392531E-02
 3.5971874999999997E+01    -6.7970054226947116E-02
 3.6028125000000003E+01    -6.5901450359389158E-02
 3.6084375000000001E+01    -6.3847667365019373E-02
 3.6140625000000000E+01    -6.1813331222498387E-02
 3.6196874999999999E+01    -5.9803262203072867E-02
 3.6253124999999997E+01    -5.7822477826314722E-02
 3.6309374999999996E+01    -5.5876195578156054E-02
 3.6365625000000001E+01    -5.3969835318017863E-02
 3.6421875000000000E+01    -5.2109021292295443E-02
 3.6478124999999999E+01    -5.0299583664984576E-02
 3.6534374999999997E+01    -4.8547559473158947E-02
 3.6590624999999996E+01    -4.6859192915948707E-02
 3.6646875000000001E+01    -4.5240934890883974E-02
 3.6703125000000000E+01    -4.3699441700914332E-02
 3.6759374999999999E+01    -4.2241572869202895E-02
 3.6815624999999997E+01    -4.0874388016341384E-02
 3.6871874999999996E+01    -3.9603909204167717E-02
 3.6928125000000001E+01    -3.8430692611608835E-02
 3.6984375000000000E+01    -3.7353853880241067E-02
 3.7040624999999999E+01    -3.6372673557961963E-02
 3.7096874999999997E+01    -3.5486582991541907E-02
 3.7153124999999996E+01    -3.4695151146767106E-02
 3.7209375000000001E+01    -3.3998072291953479E-02
 3.7265625000000000E+01    -3.3395154435171062E-02
 3.7321874999999999E+01    -3.2886308409508368E-02
 3.7378124999999997E+01    -3.2471537515264319E-02
 3.7434374999999996E+01    -3.2150927647690140E-02
 3.7490625000000001E+01    -3.1924637856928312E-02
 3.7546875000000000E+01    -3.1792891299933672E-02
 3.7603124999999999E+01    -3.1755966552741717E-02
 3.7659374999999997E+01    -3.1814189255244797E-02
 3.7715624999999996E+01    -3.1967924061142711E-02
 3.7771875000000001E+01    -3.2217566863748555E-02
 3.7828125000000000E+01    -3.2563537265177106E-02
 3.7884374999999999E+01    -3.3006271252298124E-02
 3.7940624999999997E+01    -3.3546214039919593E-02
 3.7996874999999996E+01    -3.4183813039196237E-02
 3.8053125000000001E+01    -3.4919510908821255E-02
 3.8109375000000000E+01    -3.5753738648105979E-02
 3.8165624999999999E+01    -3.6686908694713818E-02
 3.8221874999999997E+01    -3.7719407995591196E-02
 3.8278124999999996E+01    -3.8851591027430701E-02
 3.8334375000000001E+01    -4.0083772752274552E-02
 3.8390625000000000E+01    -4.1416221504140746E-02
 3.8446874999999999E+01    -4.2849151813389635E-02
 3.8503124999999997E+01    -4.4382717186332576E-02
 3.8559374999999996E+01    -4.6017002867470978E-02
 3.8615625000000001E+01    -4.7752018620752804E-02
 3.8671875000000000E+01    -4.9587691573506766E-02
 3.8728124999999999E+01    -5.1523859171776480E-02
 3.8784374999999997E+01    -5.3560262299284053E-02
 3.8840624999999996E+01    -5.5696538612903773E-02
 3.8896875000000001E+01    -5.7932216146568759E-02
 3.8953125000000000E+01    -6.0266707232107433E-02
 3.9009374999999999E+01    -6.2699302780685959E-02
 3.9065624999999997E+01    -6.5229166961957560E-02
 3.9121874999999996E+01    -6.7855332310446811E-02
 3.9178125000000001E+01    -7.0576695280390317E-02
 3.9234375000000000E+01    -7.3392012261385364E-02
 3.9290624999999999E+01    -7.6299896058664538E-02
 3.9346874999999997E+01    -7.9298812833149282E-02
 3.9403124999999996E+01    -8.2387079488744616E-02
 3.9459375000000001E+01    -8.5562861487469222E-02
 3.9515625000000000E+01    -8.8824171067281688E-02
 3.9571874999999999E+01    -9.2168865833234775E-02
 3.9628124999999997E+01    -9.5594647689786996E-02
 3.9684374999999996E+01    -9.9099062081329736E-02
 3.9740625000000001E+01    -1.0267949750877212E-01
 3.9796875000000000E+01    -1.0633318529306027E-01
 3.9853124999999999E+01    -1.1005719956145321E-01
 3.9909374999999997E+01    -1.1384845743923021E-01
 3.9965624999999996E+01    -1.1770371943838472E-01
 4.0021875000000001E+01    -1.2161959004553075E-01
 4.0078125000000000E+01    -1.2559251852298514E-01
 4.0134374999999999E+01    -1.2961879995028400E-01
 4.0190624999999997E+01    -1.3369457654665587E-01
 4.0246874999999996E+01    -1.3781583932837160E-01
 4.0303125000000001E+01    -1.4197843016698419E-01
 4.0359375000000000E+01    -1.4617804432472137E-01
 4.0415624999999999E+01    -1.5041023355020630E-01
 4.0471874999999997E+01    -1.5467040982039806E-01
 4.0528124999999996E+01    -1.5895384981174374E-01
 4.0584375000000001E+01    -1.6325570017369012E-01
 4.0640625000000000E+01    -1.6757098366036935E-01
 4.0696874999999999E+01    -1.7189460614959187E-01
 4.0753124999999997E+01    -1.7622136454261503E-01
 4.0809374999999996E+01    -1.8054595549256142E-01
 4.0865625000000001E+01    -1.8486298485451058E-01
 4.0921875000000000E+01    -1.8916697768705432E-01
 4.0978124999999999E+01    -1.9345238856478300E-01
 4.1034374999999997E+01    -1.9771361188682113E-01
 4.1090624999999996E+01    -2.0194499179033923E-01
 4.1146875000000001E+01    -2.0614083120515930E-01
 4.1203125000000000E+01    -2.1029539951952861E-01
 4.1259374999999999E+01    -2.1440293827424955E-01
 4.1315624999999997E+01    -2.1845766426814292E-01
 4.1371874999999996E+01    -2.2245376944754033E-01
 4.1428125000000001E+01    -2.2638541697374154E-01
 4.1484375000000000E+01    -2.3024673291907155E-01
 4.1540624999999999E+01    -2.3403179313992212E-01
 4.1596874999999997E+01    -2.3773460501786403E-01
 4.1653124999999996E+01    -2.4134908394776278E-01
 4.1709375000000001E+01    -2.4486902468663971E-01
 4.1765625000000000E+01    -2.4828806795305364E-01
 4.1821874999999999E+01    -2.5159966297946246E-01
 4.1878124999999997E+01    -2.5479702705847895E-01
 4.1934374999999996E+01    -2.5787310347409542E-01
 4.1990625000000001E+01    -2.6082051955438124E-01
 4.2046875000000000E+01    -2.6363154690069912E-01
 4.2103124999999999E+01    -2.6629806611718482E-01
 4.2159374999999997E+01    -2.6881153855817042E-01
 4.2215624999999996E+01    -2.7116298770347452E-01
 4.2271875000000001E+01    -2.7334299274076473E-01
 4.2328125000000000E+01    -2.7534169675870102E-01
 4.2384374999999999E+01    -2.7714883162277126E-01
 4.2440624999999997E+01    -2.7875376111241851E-01
 4.2496874999999996E+01    -2.8014554325041297E-01
 4.2553125000000001E+01    -2.8131301197169817E-01
 4.2609375000000000E+01    -2.8224487739112530E-01
 4.2665624999999999E+01    -2.8292984298078350E-01
 4.2721874999999997E+01    -2.8335673701245995E-01
 4.2778124999999996E+01    -2.8351465471908266E-01
 4.2834375000000001E+01    -2.8339310684443059E-01
 4.2890625000000000E+01    -2.8298216964345768E-01
 4.2946874999999999E+01    -2.8227263101758332E-01
 4.3003124999999997E+01    -2.8125612736001798E-01
 4.3059374999999996E+01    -2.7992526586549721E-01
 4.3115625000000001E+01    -2.7827372752730539E-01
 4.3171875000000000E+01    -2.7629634678119147E-01
 4.3228124999999999E+01    -2.7398916471780888E-01
 4.3284374999999997E+01    -2.7134945391551191E-01
 4.3340624999999996E+01    -2.6837571417059392E-01
 4.3396875000000001E+01    -2.6506763964626090E-01
 4.3453125000000000E+01    -2.6142605914708417E-01
 4.3509374999999999E+01    -2.5745285228165171E-01
 4.3565624999999997E+01    -2.5315084514524722E-01
 4.3621874999999996E+01    -2.4852368979375228E-01
 4.3678125000000001E+01    -2.4357573216754219E-01
 4.3734375000000000E+01    -2.3831187325527053E-01
 4.3790624999999999E+01    -2.3273742817671356E-01
 4.3846874999999997E+01    -2.2685798754118888E-01
 4.3903124999999996E+01    -2.2067928494336680E-01
 4.3959375000000001E+01    -2.1420707384112955E-01
 4.4015625000000000E+01    -2.0738275360848965E-01
 4.4071874999999999E+01    -1.9908149243662390E-01
 4.4128124999999997E+01    -1.8909272787832029E-01
 4.4184374999999996E+01    -1.7773601689818136E-01
 4.4240625000000001E+01    -1.6535113167688970E-01
 4.4296875000000000E+01    -1.5226502453748939E-01
 4.4353124999999999E+01    -1.3877413203368288E-01
 4.4409374999999997E+01    -1.2513602017013720E-01
 4.4465624999999996E+01    -1.1156545763118007E-01
 4.4521875000000001E+01    -9.8231947312134166E-02
 4.4578125000000000E+01    -8.5257500392429061E-02
 4.4634374999999999E+01    -7.2714864141186594E-02
 4.4690624999999997E+01    -6.0627496363338917E-02
 4.4746874999999996E+01    -4.8973135315285882E-02
 4.4803125000000001E+01    -3.7692579572294896E-02
 4.4859375000000000E+01    -2.6704177514921726E-02
 4.4915624999999999E+01    -1.5922829736508621E-02
 4.4971874999999997E+01    -5.2806771479735268E-03
