#                  time                       real
 2.8125000000000001E-02     9.7489413208381101E-03
 8.4374999999999992E-02     2.5764742254710638E-02
 1.4062500000000000E-01     3.6622838296183693E-02
 1.9687499999999999E-01     4.1395684218118671E-02
 2.5312499999999999E-01     3.9013101460242575E-02
 3.0937500000000001E-01     2.8590377182450492E-02
 3.6562499999999998E-01     9.8235554945742889E-03
 4.2187499999999994E-01    -1.6619682993270476E-02
 4.7812499999999997E-01    -4.8823791418970516E-02
 5.3437499999999993E-01    -8.3592973542055110E-02
 5.9062499999999996E-01    -1.1675925050799046E-01
 6.4687499999999987E-01    -1.4382615246132169E-01
 7.0312499999999989E-01    -1.6080170802302429E-01
 7.5937499999999991E-01    -1.6497010806198958E-01
 8.1562499999999982E-01    -1.5535750488452035E-01
 8.7187499999999984E-01    -1.3276560579288826E-01
 9.2812499999999987E-01    -9.9406346094486134E-02
 9.8437499999999989E-01    -5.8295755494014764E-02
 1.0406249999999999E+00    -1.4594180439267520E-02
 1.0968749999999998E+00     2.4989712663953237E-02
 1.1531250000000000E+00     6.0782605813603827E-02
 1.2093749999999999E+00     9.3336260339665494E-02
 1.2656249999999998E+00     1.2309685738944216E-01
 1.3218749999999999E+00     1.5043033854250859E-01
 1.3781249999999998E+00     1.7563955100254908E-01
 1.4343749999999997E+00     1.9897664869834275E-01
 1.4906249999999999E+00     2.2065248735619564E-01
 1.5468749999999998E+00     2.4084395337062198E-01
 1.6031249999999997E+00     2.5969978211523465E-01
 1.6593749999999998E+00     2.7734522619088431E-01
 1.7156249999999997E+00     2.9388582688420495E-01
 1.7718749999999999E+00     3.0941047725965343E-01
 1.8281249999999998E+00     3.2399392216365797E-01
 1.8843749999999997E+00     3.3769880942757569E-01
 1.9406249999999998E+00     3.5057738312757702E-01
 1.9968749999999997E+00     3.6267289152659954E-01
 2.0531250000000001E+00     3.7402076793141104E-01
 2.1093750000000000E+00     3.8464963127318541E-01
 2.1656249999999999E+00     3.9458214413214471E-01
 2.2218749999999998E+00     4.0383575868981686E-01
 2.2781250000000002E+00     4.1242337531177653E-01
 2.3343750000000001E+00     4.2035393381485919E-01
 2.3906250000000000E+00     4.2763295368657150E-01
 2.4468749999999999E+00     4.3426303638056390E-01
 2.5031249999999998E+00     4.4024434012977992E-01
 2.5593749999999997E+00     4.4557503535866771E-01
 2.6156250000000001E+00     4.5025174663109957E-01
 2.6718750000000000E+00     4.5426998506975835E-01
 2.7281249999999999E+00     4.5762457328449746E-01
 2.7843749999999998E+00     4.6031006304057259E-01
 2.8406249999999997E+00     4.6232114419574555E-01
 2.8968750000000001E+00     4.6365304187429685E-01
 2.9531250000000000E+00     4.6430189747759698E-01
 3.0093749999999999E+00     4.6426512801520381E-01
 3.0656249999999998E+00     4.6354175744246201E-01
 3.1218749999999997E+00     4.6213271326471295E-01
 3.1781249999999996E+00     4.6004108166044572E-01
 3.2343750000000000E+00     4.5727231480588265E-01
 3.2906249999999999E+00     4.5383438495084660E-01
 3.3468749999999998E+00     4.4973788106532880E-01
 3.4031249999999997E+00     4.4499604548893484E-01
 3.4593749999999996E+00     4.3962474988165123E-01
 3.5156250000000000E+00     4.3364241178550345E-01
 3.5718749999999999E+00     4.2706985514293883E-01
 3.6281249999999998E+00     4.1993012005007035E-01
 3.6843749999999997E+00     4.1224822873717804E-01
 3.7406249999999996E+00     4.0405091615919453E-01
 3.7968750000000000E+00     3.9536633457010473E-01
 3.8531249999999999E+00     3.8622374199750042E-01
 3.9093749999999998E+00     3.7665318461348707E-01
 3.9656249999999997E+00     3.6668518263269123E-01
 4.0218749999999996E+00     3.5635042860330424E-01
 4.0781250000000000E+00     3.4567950586329910E-01
 4.1343749999999995E+00     3.3470263359649743E-01
 4.1906249999999998E+00     3.2344944343456594E-01
 4.2468750000000002E+00     3.1194879100643363E-01
 4.3031249999999996E+00     3.0022860431905340E-01
 4.3593750000000000E+00     2.8831576943911402E-01
 4.4156249999999995E+00     2.7623605268892171E-01
 4.4718749999999998E+00     2.6401405751321566E-01
 4.5281250000000002E+00     2.5167321333504455E-01
 4.5843749999999996E+00     2.3923579310731391E-01
 4.6406250000000000E+00     2.2672295586945979E-01
 4.6968749999999995E+00     2.1415481042001389E-01
 4.7531249999999998E+00     2.0155049618587112E-01
 4.8093749999999993E+00     1.8892827747876814E-01
 4.8656249999999996E+00     1.7630564754579334E-01
 4.9218750000000000E+00     1.6369943911096579E-01
 4.9781249999999995E+00     1.5112593844204369E-01
 5.0343749999999998E+00     1.3860100033324096E-01
 5.0906249999999993E+00     1.2614016175093751E-01
 5.1468749999999996E+00     1.1375875222842932E-01
 5.2031250000000000E+00     1.0147199940556804E-01
 5.2593749999999995E+00     8.9295128381855104E-02
 5.3156249999999998E+00     7.7243453782510116E-02
 5.3718749999999993E+00     6.5332463625413326E-02
 5.4281249999999996E+00     5.3577894223550894E-02
 5.4843750000000000E+00     4.1995795465963499E-02
 5.5406249999999995E+00     3.0602585895151867E-02
 5.5968749999999998E+00     1.9415097046119094E-02
 5.6531249999999993E+00     8.4506065383028982E-03
 5.7093749999999996E+00    -2.2731405760324126E-03
 5.7656250000000000E+00    -1.2737922698058254E-02
 5.8218749999999995E+00    -2.2925045288188249E-02
 5.8781249999999998E+00    -3.2815357662728840E-02
 5.9343749999999993E+00    -4.2389283424321883E-02
 5.9906249999999996E+00    -5.1626864920383896E-02
 6.0468750000000000E+00    -6.0507822048541791E-02
 6.1031249999999995E+00    -6.9011625621898928E-02
 6.1593749999999998E+00    -7.7117585366429237E-02
 6.2156249999999993E+00    -8.4804952444669457E-02
 6.2718749999999996E+00    -9.2053036184162773E-02
 6.3281249999999991E+00    -9.8841334435467471E-02
 6.3843749999999995E+00    -1.0514967669589387E-01
 6.4406249999999998E+00    -1.1095837881558088E-01
 6.4968749999999993E+00    -1.1624840775845291E-01
 6.5531249999999996E+00    -1.2100155453046016E-01
 6.6093749999999991E+00    -1.2520061302162380E-01
 6.6656249999999995E+00    -1.2882956214952920E-01
 6.7218749999999998E+00    -1.3187374835347646E-01
 6.7781249999999993E+00    -1.3432006518659828E-01
 6.8343749999999996E+00    -1.3615712650309608E-01
 6.8906249999999991E+00    -1.3737542955648963E-01
 6.9468749999999995E+00    -1.3796750422719342E-01
 7.0031249999999998E+00    -1.3792804459868840E-01
 7.0593749999999993E+00    -1.3725401921205496E-01
 7.1156249999999996E+00    -1.3594475655801758E-01
 7.1718749999999991E+00    -1.3400200271726687E-01
 7.2281249999999995E+00    -1.3142994853354348E-01
 7.2843749999999998E+00    -1.2823522429345185E-01
 7.3406249999999993E+00    -1.2442686057994130E-01
 7.3968749999999996E+00    -1.2001621474499098E-01
 7.4531249999999991E+00    -1.1501686328824180E-01
 7.5093749999999995E+00    -1.0944446130325990E-01
 7.5656249999999998E+00    -1.0331657103121514E-01
 7.6218749999999993E+00    -9.6652462408367112E-02
 7.6781249999999996E+00    -8.9472889275765646E-02
 7.7343749999999991E+00    -8.1799845604187002E-02
 7.7906249999999995E+00    -7.3656306646146336E-02
 7.8468749999999998E+00    -6.5065960335957213E-02
 7.9031249999999993E+00    -5.6052934502508554E-02
 7.9593749999999996E+00    -4.6641525527931063E-02
 8.0156249999999982E+00    -3.6855933979435686E-02
 8.0718749999999986E+00    -2.6720012469024047E-02
 8.1281249999999989E+00    -1.6257030572793166E-02
 8.1843749999999993E+00    -5.4894613811881550E-03
 8.2406249999999979E+00     5.5576844894632653E-03
 8.2968749999999982E+00     1.6848239732438819E-02
 8.3531249999999986E+00     2.8344609634191099E-02
 8.4093749999999989E+00     4.0010526849573680E-02
 8.4656249999999993E+00     5.1811097240363792E-02
 8.5218749999999979E+00     6.3712815882068660E-02
 8.5781249999999982E+00     7.5683552594880424E-02
 8.6343749999999986E+00     8.7692509960918943E-02
 8.6906249999999989E+00     9.9710157904394414E-02
 8.7468749999999993E+00     1.1170814930522896E-01
 8.8031249999999979E+00     1.2365922119772427E-01
 8.8593749999999982E+00     1.3553708599746236E-01
 8.9156249999999986E+00     1.4731631695691197E-01
 8.9718749999999989E+00     1.5897223170812047E-01
 9.0281249999999993E+00     1.7048077733696484E-01
 9.0843749999999979E+00     1.8181841997325188E-01
 9.1406249999999982E+00     1.9296204139883263E-01
 9.1968749999999986E+00     2.0388884469428190E-01
 9.2531249999999989E+00     2.1457627048611777E-01
 9.3093749999999975E+00     2.2500192494040955E-01
 9.3656249999999979E+00     2.3514352029303620E-01
 9.4218749999999982E+00     2.4497882842682867E-01
 9.4781249999999986E+00     2.5448564781223670E-01
 9.5343749999999989E+00     2.6364178402802052E-01
 9.5906249999999975E+00     2.7242504407296858E-01
 9.6468749999999979E+00     2.8081324476422176E-01
 9.7031249999999982E+00     2.8878423568067202E-01
 9.7593749999999986E+00     2.9631593733284939E-01
 9.8156249999999989E+00     3.0338639549756036E-01
 9.8718749999999975E+00     3.0997385291436308E-01
 9.9281249999999979E+00     3.1605683976384069E-01
 9.9843749999999982E+00     3.2161428449360141E-01
 1.0040624999999999E+01     3.2662564658409848E-01
 1.0096874999999999E+01     3.3107107271316200E-01
 1.0153124999999998E+01     3.3493157745041602E-01
 1.0209374999999998E+01     3.3818924906577263E-01
 1.0265624999999998E+01     3.4082748025801185E-01
 1.0321874999999999E+01     3.4283122260559906E-01
 1.0378124999999999E+01     3.4418726233698838E-01
 1.0434374999999998E+01     3.4488451365646111E-01
 1.0490624999999998E+01     3.4491432441088354E-01
 1.0546874999999998E+01     3.4427078742527462E-01
 1.0603124999999999E+01     3.4295104946907745E-01
 1.0659374999999999E+01     3.4095560864455954E-01
 1.0715624999999998E+01     3.3828859011729184E-01
 1.0771874999999998E+01     3.3495798963087048E-01
 1.0828124999999998E+01     3.3097587423671859E-01
 1.0884374999999999E+01     3.2635853017378680E-01
 1.0940624999999999E+01     3.2112654886361686E-01
 1.0996874999999998E+01     3.1530484351939342E-01
 1.1053124999999998E+01     3.0892259084059065E-01
 1.1109374999999998E+01     3.0201309457902242E-01
 1.1165624999999999E+01     2.9461357029146351E-01
 1.1221874999999999E+01     2.8676485319491157E-01
 1.1278124999999998E+01     2.7851103355873930E-01
 1.1334374999999998E+01     2.6989902635957208E-01
 1.1390624999999998E+01     2.6097808385850657E-01
 1.1446874999999999E+01     2.5179926123728474E-01
 1.1503124999999999E+01     2.4241484638574587E-01
 1.1559374999999998E+01     2.3287776534500471E-01
 1.1615624999999998E+01     2.2324097480002777E-01
 1.1671874999999998E+01     2.1355685243960679E-01
 1.1728124999999999E+01     2.0387659505358979E-01
 1.1784374999999999E+01     1.9424963302801493E-01
 1.1840624999999998E+01     1.8472306855114226E-01
 1.1896874999999998E+01     1.7534114347617757E-01
 1.1953124999999998E+01     1.6614474150392225E-01
 1.2009374999999999E+01     1.5717092823265594E-01
 1.2065624999999999E+01     1.4845253172561174E-01
 1.2121874999999998E+01     1.4001776559192816E-01
 1.2178124999999998E+01     1.3188989615905511E-01
 1.2234374999999998E+01     1.2408695510571770E-01
 1.2290624999999999E+01     1.1662163271173208E-01
 1.2346874999999999E+01     1.0950993261227182E-01
 1.2403124999999998E+01     1.0277655012126330E-01
 1.2459374999999998E+01     9.6441633604530536E-02
 1.2515624999999998E+01     9.0519505214142343E-02
 1.2571874999999999E+01     8.5018784191643146E-02
 1.2628124999999997E+01     7.9942579785006879E-02
 1.2684374999999998E+01     7.5288743014187476E-02
 1.2740624999999998E+01     7.1050168491551005E-02
 1.2796874999999998E+01     6.7215138329614871E-02
 1.2853124999999999E+01     6.3767700690983864E-02
 1.2909374999999997E+01     6.0688075949698966E-02
 1.2965624999999998E+01     5.7953083801789290E-02
 1.3021874999999998E+01     5.5536585008531099E-02
 1.3078124999999998E+01     5.3409931792698553E-02
 1.3134374999999999E+01     5.1542421244624020E-02
 1.3190624999999997E+01     4.9901746438595233E-02
 1.3246874999999998E+01     4.8454440316589450E-02
 1.3303124999999998E+01     4.7166307771117230E-02
 1.3359374999999998E+01     4.6002841753783365E-02
 1.3415624999999999E+01     4.4929619653525918E-02
 1.3471874999999997E+01     4.3912676626904228E-02
 1.3528124999999998E+01     4.2918853020244757E-02
 1.3584374999999998E+01     4.1916113495891638E-02
 1.3640624999999998E+01     4.0873835957052733E-02
 1.3696874999999999E+01     3.9763068851179195E-02
 1.3753124999999997E+01     3.8556755914152190E-02
 1.3809374999999998E+01     3.7229927889010354E-02
 1.3865624999999998E+01     3.5759861206928388E-02
 1.3921874999999998E+01     3.4126204047400507E-02
 1.3978124999999999E+01     3.2311070593096972E-02
 1.4034374999999997E+01     3.0299104657063588E-02
 1.4090624999999998E+01     2.8077514180800206E-02
 1.4146874999999998E+01     2.5636078378410095E-02
 1.4203124999999998E+01     2.2967129530849926E-02
 1.4259374999999999E+01     2.0065511614652323E-02
 1.4315624999999997E+01     1.6928518080858851E-02
 1.4371874999999998E+01     1.3555811182813092E-02
 1.4428124999999998E+01     9.9493252884109602E-03
 1.4484374999999998E+01     6.1131566059072391E-03
 1.4540624999999999E+01     2.0534417068867996E-03
 1.4596874999999997E+01    -2.2217728503189172E-03
 1.4653124999999998E+01    -6.7026676026896471E-03
 1.4709374999999998E+01    -1.1377791908557696E-02
 1.4765624999999998E+01    -1.6234208406163401E-02
 1.4821874999999999E+01    -2.1257638454187058E-02
 1.4878124999999997E+01    -2.6432606970217778E-02
 1.4934374999999998E+01    -3.1742585249208297E-02
 1.4990624999999998E+01    -3.7170130505045945E-02
 1.5046874999999998E+01    -4.2697021029652678E-02
 1.5103124999999999E+01    -4.8304386002974764E-02
 1.5159374999999997E+01    -5.3972829110000620E-02
 1.5215624999999998E+01    -5.9682545227307003E-02
 1.5271874999999998E+01    -6.5413429530053815E-02
 1.5328124999999998E+01    -7.1145178441825691E-02
 1.5384374999999999E+01    -7.6857381905317809E-02
 1.5440624999999997E+01    -8.2529606494340296E-02
 1.5496874999999998E+01    -8.8141468919892926E-02
 1.5553124999999998E+01    -9.3672699509042973E-02
 1.5609374999999998E+01    -9.9103195259981763E-02
 1.5665624999999999E+01    -1.0441306210420551E-01
 1.5721874999999997E+01    -1.0958264604308809E-01
 1.5778124999999998E+01    -1.1459255287514911E-01
 1.5834374999999998E+01    -1.1942365629798962E-01
 1.5890624999999998E+01    -1.2405709425750523E-01
 1.5946874999999999E+01    -1.2847425353102332E-01
 1.6003124999999997E+01    -1.3265674267080679E-01
 1.6059374999999999E+01    -1.3658635360127619E-01
 1.6115624999999998E+01    -1.4024501235455461E-01
 1.6171874999999996E+01    -1.4361471964304520E-01
 1.6228124999999999E+01    -1.4667748219795640E-01
 1.6284374999999997E+01    -1.4941523604433604E-01
 1.6340624999999999E+01    -1.5180976312729161E-01
 1.6396874999999998E+01    -1.5384337367361706E-01
 1.6453124999999996E+01    -1.5551000332681639E-01
 1.6509374999999999E+01    -1.5681261281756059E-01
 1.6565624999999997E+01    -1.5775397679918279E-01
 1.6621874999999999E+01    -1.5833639777177508E-01
 1.6678124999999998E+01    -1.5856167407435795E-01
 1.6734374999999996E+01    -1.5843107300315484E-01
 1.6790624999999999E+01    -1.5794531245033860E-01
 1.6846874999999997E+01    -1.5710455303538678E-01
 1.6903124999999999E+01    -1.5590840196751068E-01
 1.6959374999999998E+01    -1.5435592938010348E-01
 1.7015624999999996E+01    -1.5244569749301023E-01
 1.7071874999999999E+01    -1.5017580264228683E-01
 1.7128124999999997E+01    -1.4754392995103985E-01
 1.7184374999999999E+01    -1.4454742019086991E-01
 1.7240624999999998E+01    -1.4118334819766670E-01
 1.7296874999999996E+01    -1.3744861205618342E-01
 1.7353124999999999E+01    -1.3334003215396636E-01
 1.7409374999999997E+01    -1.2885445912396526E-01
 1.7465624999999999E+01    -1.2398888964357141E-01
 1.7521874999999998E+01    -1.1874058903089130E-01
 1.7578124999999996E+01    -1.1310721957008801E-01
 1.7634374999999999E+01    -1.0708697349900048E-01
 1.7690624999999997E+01    -1.0067870959515904E-01
 1.7746874999999999E+01    -9.3882092291453625E-02
 1.7803124999999998E+01    -8.6697732231337671E-02
 1.7859374999999996E+01    -7.9127327126980701E-02
 1.7915624999999999E+01    -7.1173801706476664E-02
 1.7971874999999997E+01    -6.2841445422945896E-02
 1.8028124999999999E+01    -5.4136046448762201E-02
 1.8084374999999998E+01    -4.5065020293718450E-02
 1.8140624999999996E+01    -3.5637531172258825E-02
 1.8196874999999999E+01    -2.5864604011689475E-02
 1.8253124999999997E+01    -1.5759224752612062E-02
 1.8309374999999996E+01    -5.3364263611737559E-03
 1.8365624999999998E+01     5.3866422319225893E-03
 1.8421874999999996E+01     1.6390667207853930E-02
 1.8478124999999999E+01     2.7654143981876853E-02
 1.8534374999999997E+01     3.9153377399357467E-02
 1.8590624999999996E+01     5.0862510920243589E-02
 1.8646874999999998E+01     6.2753587463360655E-02
 1.8703124999999996E+01     7.4796644193326767E-02
 1.8759374999999999E+01     8.6959842988708957E-02
 1.8815624999999997E+01     9.9209637625051736E-02
 1.8871874999999996E+01     1.1151097784426137E-01
 1.8928124999999998E+01     1.2382754947485645E-01
 1.8984374999999996E+01     1.3612204863830069E-01
 1.9040624999999999E+01     1.4835648686086672E-01
 1.9096874999999997E+01     1.6049252265361907E-01
 1.9153124999999996E+01     1.7249181388503701E-01
 1.9209374999999998E+01     1.8431638411895140E-01
 1.9265624999999996E+01     1.9592899510053541E-01
 1.9321874999999999E+01     2.0729351682335587E-01
 1.9378124999999997E+01     2.1837528617450666E-01
 1.9434374999999996E+01     2.2914144509785356E-01
 1.9490624999999998E+01     2.3956124958329095E-01
 1.9546874999999996E+01     2.4960634160515746E-01
 1.9603124999999999E+01     2.5925097738729674E-01
 1.9659374999999997E+01     2.6847220702338320E-01
 1.9715624999999996E+01     2.7725000245308506E-01
 1.9771874999999998E+01     2.8556733297851888E-01
 1.9828124999999996E+01     2.9341018976988609E-01
 1.9884374999999999E+01     3.0076756300446511E-01
 1.9940624999999997E+01     3.0763137725969913E-01
 1.9996874999999996E+01     3.1399639239708971E-01
 2.0053124999999998E+01     3.1986007831084240E-01
 2.0109374999999996E+01     3.2522247248878200E-01
 2.0165624999999999E+01     3.3008602929902314E-01
 2.0221874999999997E+01     3.3445546927533248E-01
 2.0278124999999996E+01     3.3833763547286783E-01
 2.0334374999999998E+01     3.4174136228993796E-01
 2.0390624999999996E+01     3.4467736012105127E-01
 2.0446874999999999E+01     3.4715811696515619E-01
 2.0503124999999997E+01     3.4919898472022542E-01
 2.0559374999999996E+01     3.5082400715264755E-01
 2.0615624999999998E+01     3.5206141006110681E-01
 2.0671874999999996E+01     3.5294086109993139E-01
 2.0728124999999999E+01     3.5349336376970825E-01
 2.0784374999999997E+01     3.5375115406778007E-01
 2.0840624999999996E+01     3.5374758685809965E-01
 2.0896874999999998E+01     3.5351700485304260E-01
 2.0953124999999996E+01     3.5309458463928300E-01
 2.1009374999999999E+01     3.5251615588013291E-01
 2.1065624999999997E+01     3.5181799165943278E-01
 2.1121874999999996E+01     3.5103656983200765E-01
 2.1178124999999998E+01     3.5020830712419176E-01
 2.1234374999999996E+01     3.4936926948358976E-01
 2.1290624999999999E+01     3.4855486371645422E-01
 2.1346874999999997E+01     3.4779951669330261E-01
 2.1403124999999996E+01     3.4713634929272513E-01
 2.1459374999999998E+01     3.4659685275482005E-01
 2.1515624999999996E+01     3.4621057522495230E-01
 2.1571874999999999E+01     3.4600482600187854E-01
 2.1628124999999997E+01     3.4600440440236896E-01
 2.1684374999999996E+01     3.4623135927331361E-01
 2.1740624999999998E+01     3.4670478408937533E-01
 2.1796874999999996E+01     3.4744065134509444E-01
 2.1853124999999999E+01     3.4845168865667175E-01
 2.1909374999999997E+01     3.4974729770328300E-01
 2.1965624999999996E+01     3.5133351591974993E-01
 2.2021874999999998E+01     3.5321301975334202E-01
 2.2078124999999996E+01     3.5538516735594905E-01
 2.2134374999999999E+01     3.5784607782110367E-01
 2.2190624999999997E+01     3.6058874350837178E-01
 2.2246874999999996E+01     3.6360317162288130E-01
 2.2303124999999998E+01     3.6687655102747546E-01
 2.2359374999999996E+01     3.7039344024122006E-01
 2.2415624999999999E+01     3.7413597269695176E-01
 2.2471874999999997E+01     3.7808407556592016E-01
 2.2528124999999996E+01     3.8221569877994882E-01
 2.2584374999999998E+01     3.8650705126124718E-01
 2.2640624999999996E+01     3.9093284177962567E-01
 2.2696874999999999E+01     3.9546652226907286E-01
 2.2753124999999997E+01     4.0008053182869147E-01
 2.2809374999999996E+01     4.0474653998585697E-01
 2.2865624999999998E+01     4.0943568809826791E-01
 2.2921874999999996E+01     4.1411882800391964E-01
 2.2978124999999999E+01     4.1876675718787593E-01
 2.3034374999999997E+01     4.2335044982017361E-01
 2.3090624999999996E+01     4.2784128303113145E-01
 2.3146874999999998E+01     4.3221125773519598E-01
 2.3203124999999996E+01     4.3643321320200618E-01
 2.3259374999999999E+01     4.4048103441382874E-01
 2.3315624999999997E+01     4.4432985105849815E-01
 2.3371874999999996E+01     4.4795622680026270E-01
 2.3428124999999998E+01     4.5133833726473938E-01
 2.3484374999999996E+01     4.5445613498491993E-01
 2.3540624999999999E+01     4.5729149939712843E-01
 2.3596874999999997E+01     4.5982836986455300E-01
 2.3653124999999996E+01     4.6205285965129522E-01
 2.3709374999999998E+01     4.6395334878320554E-01
 2.3765624999999996E+01     4.6552055381853436E-01
 2.3821874999999999E+01     4.6674757271690076E-01
 2.3878124999999997E+01     4.6762990324068815E-01
 2.3934374999999996E+01     4.6816543364912711E-01
 2.3990624999999998E+01     4.6835440484826496E-01
 2.4046874999999996E+01     4.6819934363721105E-01
 2.4103124999999999E+01     4.6770496723421356E-01
 2.4159374999999997E+01     4.6687805986805853E-01
 2.4215624999999996E+01     4.6572732286883600E-01
 2.4271874999999998E+01     4.6426320037279845E-01
 2.4328124999999996E+01     4.6249768345127762E-01
 2.4384374999999999E+01     4.6044409615920678E-01
 2.4440624999999997E+01     4.5811686765019222E-01
 2.4496874999999996E+01     4.5553129508861612E-01
 2.4553124999999998E+01     4.5270330191477404E-01
 2.4609374999999996E+01     4.4964882051572874E-01
 2.4665624999999999E+01     4.4638292372431509E-01
 2.4721874999999997E+01     4.4292043836860595E-01
 2.4778124999999996E+01     4.3927589834442349E-01
 2.4834374999999998E+01     4.3546336076449077E-01
 2.4890624999999996E+01     4.3149625335013841E-01
 2.4946874999999999E+01     4.2738725424345214E-01
 2.5003124999999997E+01     4.2314820542487319E-01
 2.5059374999999996E+01     4.1879005998912705E-01
 2.5115624999999998E+01     4.1432286240894128E-01
 2.5171874999999996E+01     4.0975575979565765E-01
 2.5228124999999995E+01     4.0509704115101258E-01
 2.5284374999999997E+01     4.0035420076294725E-01
 2.5340624999999996E+01     3.9553402127235682E-01
 2.5396874999999998E+01     3.9064267155269017E-01
 2.5453124999999996E+01     3.8568581440929528E-01
 2.5509374999999995E+01     3.8066871921002121E-01
 2.5565624999999997E+01     3.7559637488133674E-01
 2.5621874999999996E+01     3.7047359920915629E-01
 2.5678124999999998E+01     3.6530514102636363E-01
 2.5734374999999996E+01     3.6009577260192471E-01
 2.5790624999999995E+01     3.5485037031845268E-01
 2.5846874999999997E+01     3.4957398248903399E-01
 2.5903124999999996E+01     3.4427188387784519E-01
 2.5959374999999998E+01     3.3894961711784566E-01
 2.6015624999999996E+01     3.3361302173742147E-01
 2.6071874999999995E+01     3.2826825190096837E-01
 2.6128124999999997E+01     3.2292178422985335E-01
 2.6184374999999996E+01     3.1758041720458896E-01
 2.6240624999999998E+01     3.1225126366613248E-01
 2.6296874999999996E+01     3.0694173785315704E-01
 2.6353124999999995E+01     3.0165953825311764E-01
 2.6409374999999997E+01     2.9641262733271939E-01
 2.6465624999999996E+01     2.9120920897203223E-01
 2.6521874999999998E+01     2.8605770417805726E-01
 2.6578124999999996E+01     2.8096672541907902E-01
 2.6634374999999995E+01     2.7594504971523615E-01
 2.6690624999999997E+01     2.7100159045565786E-01
 2.6746874999999996E+01     2.6614536779465603E-01
 2.6803124999999998E+01     2.6138547741045071E-01
 2.6859374999999996E+01     2.5673105738815655E-01
 2.6915624999999995E+01     2.5219125300846096E-01
 2.6971874999999997E+01     2.4777517927671877E-01
 2.7028124999999996E+01     2.4349188110460668E-01
 2.7084374999999998E+01     2.3935029114812223E-01
 2.7140624999999996E+01     2.3535918540139972E-01
 2.7196874999999995E+01     2.3152713673740818E-01
 2.7253124999999997E+01     2.2786246666580848E-01
 2.7309374999999996E+01     2.2437319564055774E-01
 2.7365624999999998E+01     2.2106699229089055E-01
 2.7421874999999996E+01     2.1795112196789221E-01
 2.7478124999999995E+01     2.1503239499517754E-01
 2.7534374999999997E+01     2.1231711498790964E-01
 2.7590624999999996E+01     2.0981102756304576E-01
 2.7646874999999998E+01     2.0751926970867443E-01
 2.7703124999999996E+01     2.0544632001754512E-01
 2.7759374999999995E+01     2.0359594992342842E-01
 2.7815624999999997E+01     2.0197117601483572E-01
 2.7871874999999996E+01     2.0057421344378379E-01
 2.7928124999999998E+01     1.9940643040228218E-01
 2.7984374999999996E+01     1.9846830361089265E-01
 2.8040624999999995E+01     1.9775937475492023E-01
 2.8096874999999997E+01     1.9727820781843391E-01
 2.8153124999999996E+01     1.9702234730543366E-01
 2.8209374999999998E+01     1.9698827740272762E-01
 2.8265624999999996E+01     1.9717138223014252E-01
 2.8321874999999995E+01     1.9756590743971889E-01
 2.8378124999999997E+01     1.9816492356332868E-01
 2.8434374999999996E+01     1.9896029166500609E-01
 2.8490624999999998E+01     1.9994263202412907E-01
 2.8546874999999996E+01     2.0110129675288335E-01
 2.8603124999999995E+01     2.0242434742777798E-01
 2.8659374999999997E+01     2.0389858669150895E-01
 2.8715624999999996E+01     2.0551126089472435E-01
 2.8771874999999998E+01     2.0725053164471410E-01
 2.8828124999999996E+01     2.0910339576627301E-01
 2.8884374999999995E+01     2.1105555748705807E-01
 2.8940624999999997E+01     2.1309145541674893E-01
 2.8996874999999996E+01     2.1519430102681564E-01
 2.9053124999999998E+01     2.1734612948392582E-01
 2.9109374999999996E+01     2.1952786368449001E-01
 2.9165624999999995E+01     2.2171939223352644E-01
 2.9221874999999997E+01     2.2389966192829680E-01
 2.9278124999999996E+01     2.2604678506543324E-01
 2.9334374999999998E+01     2.2813816160072486E-01
 2.9390624999999996E+01     2.3015061586413801E-01
 2.9446874999999995E+01     2.3206054718009225E-01
 2.9503124999999997E+01     2.3384409337431905E-01
 2.9559374999999996E+01     2.3547730577721343E-01
 2.9615624999999998E+01     2.3693633397078606E-01
 2.9671874999999996E+01     2.3819761818595395E-01
 2.9728124999999995E+01     2.3923808695247054E-01
 2.9784374999999997E+01     2.4003535734802306E-01
 2.9840624999999996E+01     2.4056793499815654E-01
 2.9896874999999998E+01     2.4081541085436503E-01
 2.9953124999999996E+01     2.4075865173242761E-01
 3.0009374999999995E+01     2.4037998162989629E-01
 3.0065624999999997E+01     2.3966335096235508E-01
 3.0121874999999996E+01     2.3859449105912167E-01
 3.0178124999999998E+01     2.3716105153363232E-01
 3.0234374999999996E+01     2.3535271848201386E-01
 3.0290624999999995E+01     2.3316131185280903E-01
 3.0346874999999997E+01     2.3058086075657711E-01
 3.0403124999999996E+01     2.2760765593148422E-01
 3.0459374999999998E+01     2.2424027903417623E-01
 3.0515624999999996E+01     2.2047960887040946E-01
 3.0571874999999995E+01     2.1632880510325986E-01
 3.0628124999999997E+01     2.1179327036775786E-01
 3.0684374999999996E+01     2.0688059207048809E-01
 3.0740624999999998E+01     2.0160046545346350E-01
 3.0796874999999996E+01     1.9596459975012084E-01
 3.0853124999999995E+01     1.8998660945335416E-01
 3.0909374999999997E+01     1.8368189285128420E-01
 3.0965624999999996E+01     1.7706750006616526E-01
 3.1021874999999998E+01     1.7016199285738129E-01
 3.1078124999999996E+01     1.6298529842420237E-01
 3.1134374999999995E+01     1.5555855937252289E-01
 3.1190624999999997E+01     1.4790398189665072E-01
 3.1246874999999996E+01     1.4004468407920961E-01
 3.1303124999999998E+01     1.3200454603542003E-01
 3.1359374999999996E+01     1.2380806342933671E-01
 3.1415624999999995E+01     1.1548020567691568E-01
 3.1471874999999997E+01     1.0704627992996926E-01
 3.1528124999999996E+01     9.8531801713779024E-02
 3.1584374999999998E+01     8.9962372875645708E-02
 3.1640624999999996E+01     8.1363567296345599E-02
 3.1696874999999995E+01     7.2760824627895238E-02
 3.1753124999999997E+01     6.4179352150927016E-02
 3.1809374999999996E+01     5.5644034698124789E-02
 3.1865624999999998E+01     4.7179352466426565E-02
 3.1921874999999996E+01     3.8809306442792992E-02
 3.1978124999999995E+01     3.0557351094951047E-02
 3.2034374999999997E+01     2.2446333929434972E-02
 3.2090625000000003E+01     1.4498441493022565E-02
 3.2146875000000001E+01     6.7351513880717509E-03
 3.2203125000000000E+01    -8.2281011482978478E-04
 3.2259374999999999E+01    -8.1555052555651961E-03
 3.2315624999999997E+01    -1.5243817102369672E-02
 3.2371875000000003E+01    -2.2069477307069301E-02
 3.2428125000000001E+01    -2.8615089540157450E-02
 3.2484375000000000E+01    -3.4864148789574473E-02
 3.2540624999999999E+01    -4.0801056648773038E-02
 3.2596874999999997E+01    -4.6411132664358486E-02
 3.2653125000000003E+01    -5.1680621763919146E-02
 3.2709375000000001E+01    -5.6596697742291251E-02
 3.2765625000000000E+01    -6.1148056202411996E-02
 3.2821874999999999E+01    -6.5330849631723628E-02
 3.2878124999999997E+01    -6.9146195898162927E-02
 3.2934375000000003E+01    -7.2596184286899318E-02
 3.2990625000000001E+01    -7.5683803495216251E-02
 3.3046875000000000E+01    -7.8412923658477865E-02
 3.3103124999999999E+01    -8.0788272449455079E-02
 3.3159374999999997E+01    -8.2815405689212057E-02
 3.3215625000000003E+01    -8.4500672948444863E-02
 3.3271875000000001E+01    -8.5851178638977815E-02
 3.3328125000000000E+01    -8.6874739106824139E-02
 3.3384374999999999E+01    -8.7579836246245699E-02
 3.3440624999999997E+01    -8.7975568158581263E-02
 3.3496875000000003E+01    -8.8071597380162459E-02
 3.3553125000000001E+01    -8.7878097199551086E-02
 3.3609375000000000E+01    -8.7405696574547678E-02
 3.3665624999999999E+01    -8.6665424144215839E-02
 3.3721874999999997E+01    -8.5668651809785307E-02
 3.3778125000000003E+01    -8.4427038331993387E-02
 3.3834375000000001E+01    -8.2952473360820067E-02
 3.3890625000000000E+01    -8.1257022278878335E-02
 3.3946874999999999E+01    -7.9352872201405647E-02
 3.4003124999999997E+01    -7.7252279436654747E-02
 3.4059375000000003E+01    -7.4967518670341349E-02
 3.4115625000000001E+01    -7.2510834098655413E-02
 3.4171875000000000E+01    -6.9894392696621677E-02
 3.4228124999999999E+01    -6.7130239773838724E-02
 3.4284374999999997E+01    -6.4230256937837849E-02
 3.4340625000000003E+01    -6.1206122557803916E-02
 3.4396875000000001E+01    -5.8069274798010724E-02
 3.4453125000000000E+01    -5.4830877271597217E-02
 3.4509374999999999E+01    -5.1501787351036429E-02
 3.4565624999999997E+01    -4.8092527161920709E-02
 3.4621875000000003E+01    -4.4613257281012515E-02
 3.4678125000000001E+01    -4.1073753157559609E-02
 3.4734375000000000E+01    -3.7483384278175859E-02
 3.4790624999999999E+01    -3.3851096099417034E-02
 3.4846874999999997E+01    -3.0185394778090100E-02
 3.4903125000000003E+01    -2.6494334736278137E-02
 3.4959375000000001E+01    -2.2785509105938212E-02
 3.5015625000000000E+01    -1.9066043105396696E-02
 3.5071874999999999E+01    -1.5342590407020254E-02
 3.5128124999999997E+01    -1.1621332560973304E-02
 3.5184375000000003E+01    -7.9079815437281559E-03
 3.5240625000000001E+01    -4.2077855015544901E-03
 3.5296875000000000E+01    -5.2553775821176244E-04
 3.5353124999999999E+01     3.1344108480326040E-03
 3.5409374999999997E+01     6.7681362398202601E-03
 3.5465625000000003E+01     1.0372121940885094E-02
 3.5521875000000001E+01     1.3943236446714616E-02
 3.5578125000000000E+01     1.7478707108588974E-02
 3.5634374999999999E+01     2.0976090533841370E-02
 3.5690624999999997E+01     2.4433239528844897E-02
 3.5746875000000003E+01     2.7848266637470472E-02
 3.5803125000000001E+01     3.1219504357258565E-02
 3.5859375000000000E+01     3.4545462147586525E-02
 3.5915624999999999E+01     3.7824780378886258E-02
 3.5971874999999997E+01     4.1056181409070962E-02
 3.6028125000000003E+01     4.4238418012602136E-02
 3.6084375000000001E+01     4.7370219428946578E-02
 3.6140625000000000E+01     5.0450235340086413E-02
 3.6196874999999999E+01     5.3476978131255709E-02
 3.6253124999999997E+01     5.6448763834295881E-02
 3.6309374999999996E+01     5.9363652199171661E-02
 3.6365625000000001E+01     6.2219386384963674E-02
 3.6421875000000000E+01     6.5013332807234661E-02
 3.6478124999999999E+01     6.7742421722156845E-02
 3.6534374999999997E+01     7.0403089169250893E-02
 3.6590624999999996E+01     7.2991220932383569E-02
 3.6646875000000001E+01     7.5502099211180812E-02
 3.6703125000000000E+01     7.7930352721585439E-02
 3.6759374999999999E+01     8.0269910962541463E-02
 3.6815624999999997E+01     8.2513963394523188E-02
 3.6871874999999996E+01     8.4656570874723600E-02
 3.6928125000000001E+01     8.6698542200271400E-02
 3.6984375000000000E+01     8.8642038203278678E-02
 3.7040624999999999E+01     9.0488418473973417E-02
 3.7096874999999997E+01     9.2238257596278350E-02
 3.7153124999999996E+01     9.3891366822664996E-02
 3.7209375000000001E+01     9.5446821620412778E-02
 3.7265625000000000E+01     9.6902995330772915E-02
 3.7321874999999999E+01     9.8257598986516925E-02
 3.7378124999999997E+01     9.9507727170089072E-02
 3.7434374999999996E+01     1.0064990965200278E-01
 3.7490625000000001E+01     1.0168016842568495E-01
 3.7546875000000000E+01     1.0259407964755607E-01
 3.7603124999999999E+01     1.0338683989786893E-01
 3.7659374999999997E+01     1.0405333609821432E-01
 3.7715624999999996E+01     1.0458821835505758E-01
 3.7771875000000001E+01     1.0498597494564237E-01
 3.7828125000000000E+01     1.0524100862412840E-01
 3.7884374999999999E+01     1.0534771340200644E-01
 3.7940624999999997E+01     1.0530055094910329E-01
 3.7996874999999996E+01     1.0509412576924614E-01
 3.8053125000000001E+01     1.0472325832881896E-01
 3.8109375000000000E+01     1.0418305535591763E-01
 3.8165624999999999E+01     1.0346897658164100E-01
 3.8221874999999997E+01     1.0257689726222669E-01
 3.8278124999999996E+01     1.0150316589860710E-01
 3.8334375000000001E+01     1.0024465665686946E-01
 3.8390625000000000E+01     9.8798816085787430E-02
 3.8446874999999999E+01     9.7163703823656758E-02
 3.8503124999999997E+01     9.5338027082801979E-02
 3.8559374999999996E+01     9.3321168793780968E-02
 3.8615625000000001E+01     9.1113209379512103E-02
 3.8671875000000000E+01     8.8714942210072784E-02
 3.8728124999999999E+01     8.6127882859599075E-02
 3.8784374999999997E+01     8.3354272346274849E-02
 3.8840624999999996E+01     8.0397074583487563E-02
 3.8896875000000001E+01     7.7259968304376953E-02
 3.8953125000000000E+01     7.3947333743705976E-02
 3.9009374999999999E+01     7.0464234370072751E-02
 3.9065624999999997E+01     6.6816393959498011E-02
 3.9121874999999996E+01     6.3010169289314882E-02
 3.9178125000000001E+01     5.9052518711386365E-02
 3.9234375000000000E+01     5.4950966837019097E-02
 3.9290624999999999E+01     5.0713565535503567E-02
 3.9346874999999997E+01     4.6348851415763156E-02
 3.9403124999999996E+01     4.1865799928316391E-02
 3.9459375000000001E+01     3.7273776195418676E-02
 3.9515625000000000E+01     3.2582482652184927E-02
 3.9571874999999999E+01     2.7801903563615841E-02
 3.9628124999999997E+01     2.2942246472988842E-02
 3.9684374999999996E+01     1.8013880638255320E-02
 3.9740625000000001E+01     1.3027272526015649E-02
 3.9796875000000000E+01     7.9929184588569627E-03
 3.9853124999999999E+01     2.9212745524340119E-03
 3.9909374999999997E+01    -2.1773158660843583E-03
 3.9965624999999996E+01    -7.2926970959989682E-03
 4.0021875000000001E+01    -1.2414977809278329E-02
 4.0078125000000000E+01    -1.7534609256680395E-02
 4.0134374999999999E+01    -2.2642464371151430E-02
 4.0190624999999997E+01    -2.7729917080290399E-02
 4.0246874999999996E+01    -3.2788921003643577E-02
 4.0303125000000001E+01    -3.7812086568391301E-02
 4.0359375000000000E+01    -4.2792755431124194E-02
 4.0415624999999999E+01    -4.7725070948835671E-02
 4.0471874999999997E+01    -5.2604043303485427E-02
 4.0528124999999996E+01    -5.7425607757449697E-02
 4.0584375000000001E+01    -6.2186674407635964E-02
 4.0640625000000000E+01    -6.6885167720795960E-02
 4.0696874999999999E+01    -7.1520054078225079E-02
 4.0753124999999997E+01    -7.6091355541560199E-02
 4.0809374999999996E+01    -8.0600148079286463E-02
 4.0865625000000001E+01    -8.5048542572391445E-02
 4.0921875000000000E+01    -8.9439647052148116E-02
 4.0978124999999999E+01    -9.3777508818663549E-02
 4.1034374999999997E+01    -9.8067035347458767E-02
 4.1090624999999996E+01    -1.0231389321537984E-01
 4.1146875000000001E+01    -1.0652438466467715E-01
 4.1203125000000000E+01    -1.1070530187359948E-01
 4.1259374999999999E+01    -1.1486375950650643E-01
 4.1315624999999997E+01    -1.1900700666978521E-01
 4.1371874999999996E+01    -1.2314221999015698E-01
 4.1428125000000001E+01    -1.2727628014773340E-01
 4.1484375000000000E+01    -1.3141553482105967E-01
 4.1540624999999999E+01    -1.3556555161944642E-01
 4.1596874999999997E+01    -1.3973086517007083E-01
 4.1653124999999996E+01    -1.4391472307419720E-01
 4.1709375000000001E+01    -1.4811883592842906E-01
 4.1765625000000000E+01    -1.5234313700309987E-01
 4.1821874999999999E+01    -1.5658555746136593E-01
 4.1878124999999997E+01    -1.6084182317102438E-01
 4.1934374999999996E+01    -1.6510527919013110E-01
 4.1990625000000001E+01    -1.6936674788269113E-01
 4.2046875000000000E+01    -1.7361442633063234E-01
 4.2103124999999999E+01    -1.7783382824389468E-01
 4.2159374999999997E+01    -1.8200777492692477E-01
 4.2215624999999996E+01    -1.8611643903612979E-01
 4.2271875000000001E+01    -1.9013744386186071E-01
 4.2328125000000000E+01    -1.9404601969941240E-01
 4.2384374999999999E+01    -1.9781521755051634E-01
 4.2440624999999997E+01    -2.0141617894166924E-01
 4.2496874999999996E+01    -2.0481845908742019E-01
 4.2553125000000001E+01    -2.0799039900323413E-01
 4.2609375000000000E+01    -2.1089954053043936E-01
 4.2665624999999999E+01    -2.1351307663006097E-01
 4.2721874999999997E+01    -2.1579832779684530E-01
 4.2778124999999996E+01    -2.1772323410812286E-01
 4.2834375000000001E+01    -2.1925685132656136E-01
 4.2890625000000000E+01    -2.2036983869270405E-01
 4.2946874999999999E+01    -2.2103492563634880E-01
 4.3003124999999997E+01    -2.2122734465934590E-01
 4.3059374999999996E+01    -2.2092521813091864E-01
 4.3115625000000001E+01    -2.2010988770462755E-01
 4.3171875000000000E+01    -2.1876617650101526E-01
 4.3228124999999999E+01    -2.1688257606201464E-01
 4.3284374999999997E+01    -2.1445135230694903E-01
 4.3340624999999996E+01    -2.1146856721399643E-01
 4.3396875000000001E+01    -2.0793401560768338E-01
 4.3453125000000000E+01    -2.0385107913068862E-01
 4.3509374999999999E+01    -1.9922650209201517E-01
 4.3565624999999997E+01    -1.9407009629347077E-01
 4.3621874999999996E+01    -1.8839438403154540E-01
 4.3678125000000001E+01    -1.8221419016352236E-01
 4.3734375000000000E+01    -1.7554619534602989E-01
 4.3790624999999999E+01    -1.6840846326199987E-01
 4.3846874999999997E+01    -1.6081995483635572E-01
 4.3903124999999996E+01    -1.5280004211679449E-01
 4.3959375000000001E+01    -1.4436803370663445E-01
 4.4015625000000000E+01    -1.3556338025131359E-01
 4.4071874999999999E+01    -1.2683443579905240E-01
 4.4128124999999997E+01    -1.1842491101195837E-01
 4.4184374999999996E+01    -1.1043463622730873E-01
 4.4240625000000001E+01    -1.0295225984738268E-01
 4.4296875000000000E+01    -9.6016934458721656E-02
 4.4353124999999999E+01    -8.9599331452032360E-02
 4.4409374999999997E+01    -8.3598499306711954E-02
 4.4465624999999996E+01    -7.7850790151087590E-02
 4.4521875000000001E+01    -7.2147692270029359E-02
 4.4578125000000000E+01    -6.6259522933881945E-02
 4.4634374999999999E+01    -5.9961488599002230E-02
 4.4690624999999997E+01    -5.3057975484238552E-02
 4.4746874999999996E+01    -4.5400567317964109E-02
 4.4803125000000001E+01    -3.6895638162216450E-02
 4.4859375000000000E+01    -2.7498734283303610E-02
 4.4915624999999999E+01    -1.7195366261073215E-02
 4.4971874999999997E+01    -5.9709182406533093E-03
