#                  time                       real
 2.8125000000000001E-02     1.0245214718675075E-02
 8.4374999999999992E-02     3.0355365415523500E-02
 1.4062500000000000E-01     4.9964113737547070E-02
 1.9687499999999999E-01     6.9084239323209604E-02
 2.5312499999999999E-01     8.7729354040434235E-02
 3.0937500000000001E-01     1.0590724775338720E-01
 3.6562499999999998E-01     1.2361442984001500E-01
 4.2187499999999994E-01     1.4083284639246613E-01
 4.7812499999999997E-01     1.5752936796502687E-01
 5.3437499999999993E-01     1.7365817514841889E-01
 5.9062499999999996E-01     1.8916569079895812E-01
 6.4687499999999987E-01     2.0399729164671743E-01
 7.0312499999999989E-01     2.1810474299152532E-01
 7.5937499999999991E-01     2.3145318443120555E-01
 8.1562499999999982E-01     2.4402657096036326E-01
 8.7187499999999984E-01     2.5583072895806119E-01
 9.2812499999999987E-01     2.6689357563298255E-01
 9.8437499999999989E-01     2.7726250440934758E-01
 1.0406249999999999E+00     2.8703014967353013E-01
 1.0968749999999998E+00     2.9631782088301184E-01
 1.1531250000000000E+00     3.0513923758080574E-01
 1.2093749999999999E+00     3.1350265838392233E-01
 1.2656249999999998E+00     3.2141620887734196E-01
 1.3218749999999999E+00     3.2888786307597700E-01
 1.3781249999999998E+00     3.3592542642850892E-01
 1.4343749999999997E+00     3.4253652083893599E-01
 1.4906249999999999E+00     3.4872857214765013E-01
 1.5468749999999998E+00     3.5450880046556388E-01
 1.6031249999999997E+00     3.5988421369300722E-01
 1.6593749999999998E+00     3.6486160448125582E-01
 1.7156249999999997E+00     3.6944755081036734E-01
 1.7718749999999999E+00     3.7364842026500122E-01
 1.8281249999999998E+00     3.7747037799282218E-01
 1.8843749999999997E+00     3.8091939823092408E-01
 1.9406249999999998E+00     3.8400127918780291E-01
 1.9968749999999997E+00     3.8672166097499550E-01
 2.0531250000000001E+00     3.8908604619674253E-01
 2.1093750000000000E+00     3.9109982273103960E-01
 2.1656249999999999E+00     3.9276828817363818E-01
 2.2218749999999998E+00     3.9409667537030313E-01
 2.2781250000000002E+00     3.9509017843339117E-01
 2.3343750000000001E+00     3.9575397862766443E-01
 2.3906250000000000E+00     3.9609326951742030E-01
 2.4468749999999999E+00     3.9611328079221908E-01
 2.5031249999999998E+00     3.9581930023065148E-01
 2.5593749999999997E+00     3.9521669331911491E-01
 2.6156250000000001E+00     3.9431092011326174E-01
 2.6718750000000000E+00     3.9310754901108191E-01
 2.7281249999999999E+00     3.9161226719554254E-01
 2.7843749999999998E+00     3.8983088759823670E-01
 2.8406249999999997E+00     3.8776935233040588E-01
 2.8968750000000001E+00     3.8543373262093727E-01
 2.9531250000000000E+00     3.8283022538949529E-01
 3.0093749999999999E+00     3.7996514666434322E-01
 3.0656249999999998E+00     3.7684492212632970E-01
 3.1218749999999997E+00     3.7347607512121761E-01
 3.1781249999999996E+00     3.6986521253077220E-01
 3.2343750000000000E+00     3.6601900892800987E-01
 3.2906249999999999E+00     3.6194418946355533E-01
 3.3468749999999998E+00     3.5764751193832983E-01
 3.4031249999999997E+00     3.5313574851356178E-01
 3.4593749999999996E+00     3.4841566749335084E-01
 3.5156250000000000E+00     3.4349401558914516E-01
 3.5718749999999999E+00     3.3837750104106162E-01
 3.6281249999999998E+00     3.3307277792969742E-01
 3.6843749999999997E+00     3.2758643196582549E-01
 3.7406249999999996E+00     3.2192496799579634E-01
 3.7968750000000000E+00     3.1609479940942009E-01
 3.8531249999999999E+00     3.1010223958609184E-01
 3.9093749999999998E+00     3.0395349546536804E-01
 3.9656249999999997E+00     2.9765466328137857E-01
 4.0218749999999996E+00     2.9121172645731375E-01
 4.0781250000000000E+00     2.8463055561750911E-01
 4.1343749999999995E+00     2.7791691064101237E-01
 4.1906249999999998E+00     2.7107644465211855E-01
 4.2468750000000002E+00     2.6411470982048857E-01
 4.3031249999999996E+00     2.5703716482594513E-01
 4.3593750000000000E+00     2.4984918383071450E-01
 4.4156249999999995E+00     2.4255606679437822E-01
 4.4718749999999998E+00     2.3516305096372783E-01
 4.5281250000000002E+00     2.2767532337044599E-01
 4.5843749999999996E+00     2.2009803417364154E-01
 4.6406250000000000E+00     2.1243631069100347E-01
 4.6968749999999995E+00     2.0469527197120077E-01
 4.7531249999999998E+00     1.9688004377048535E-01
 4.8093749999999993E+00     1.8899577380769028E-01
 4.8656249999999996E+00     1.8104764718342717E-01
 4.9218750000000000E+00     1.7304090186073495E-01
 4.9781249999999995E+00     1.6498084411532135E-01
 5.0343749999999998E+00     1.5687286387341953E-01
 5.0906249999999993E+00     1.4872244986385233E-01
 5.1468749999999996E+00     1.4053520451788459E-01
 5.2031250000000000E+00     1.3231685855559283E-01
 5.2593749999999995E+00     1.2407328520070419E-01
 5.3156249999999998E+00     1.1581051396699907E-01
 5.3718749999999993E+00     1.0753474395846165E-01
 5.4281249999999996E+00     9.9252356622398050E-02
 5.4843750000000000E+00     9.0969927889839583E-02
 5.5406249999999995E+00     8.2694239630872954E-02
 5.5968749999999998E+00     7.4432290344293064E-02
 5.6531249999999993E+00     6.6191304991467637E-02
 5.7093749999999996E+00     5.7978743873852247E-02
 5.7656250000000000E+00     4.9802310442622594E-02
 5.8218749999999995E+00     4.1669957917837848E-02
 5.8781249999999998E+00     3.3589894583923210E-02
 5.9343749999999993E+00     2.5570587618613399E-02
 5.9906249999999996E+00     1.7620765304399603E-02
 6.0468750000000000E+00     9.7494174655930153E-03
 6.1031249999999995E+00     1.9657939709520887E-03
 6.1593749999999998E+00    -5.7205988579467938E-03
 6.2156249999999993E+00    -1.3300004088223565E-02
 6.2718749999999996E+00    -2.0762422414013021E-02
 6.3281249999999991E+00    -2.8097622924802192E-02
 6.3843749999999995E+00    -3.5295156517932864E-02
 6.4406249999999998E+00    -4.2344372044689833E-02
 6.4968749999999993E+00    -4.9234435248904210E-02
 6.5531249999999996E+00    -5.5954350520752608E-02
 6.6093749999999991E+00    -6.2492985446667551E-02
 6.6656249999999995E+00    -6.8839098089390663E-02
 6.7218749999999998E+00    -7.4981366880828668E-02
 6.7781249999999993E+00    -8.0908422955393480E-02
 6.8343749999999996E+00    -8.6608884693927815E-02
 6.8906249999999991E+00    -9.2071394189490188E-02
 6.9468749999999995E+00    -9.7284655287590741E-02
 7.0031249999999998E+00    -1.0223747279658804E-01
 7.0593749999999993E+00    -1.0691879241061064E-01
 7.1156249999999996E+00    -1.1131774083933246E-01
 7.1718749999999991E+00    -1.1542366559804976E-01
 7.2281249999999995E+00    -1.1922617387950717E-01
 7.2843749999999998E+00    -1.2271516990743594E-01
 7.3406249999999993E+00    -1.2588089016223938E-01
 7.3968749999999996E+00    -1.2871393587282809E-01
 7.4531249999999991E+00    -1.3120530218612253E-01
 7.5093749999999995E+00    -1.3334640345764329E-01
 7.5656249999999998E+00    -1.3512909415289312E-01
 7.6218749999999993E+00    -1.3654568490949312E-01
 7.6781249999999996E+00    -1.3758895338329741E-01
 7.7343749999999991E+00    -1.3825214958663329E-01
 7.7906249999999995E+00    -1.3852899552156889E-01
 7.8468749999999998E+00    -1.3841367901345525E-01
 7.9031249999999993E+00    -1.3790084175745701E-01
 7.9593749999999996E+00    -1.3698556170053486E-01
 8.0156249999999982E+00    -1.3566332999050579E-01
 8.0718749999999986E+00    -1.3393002282940025E-01
 8.1281249999999989E+00    -1.3178186866747543E-01
 8.1843749999999993E+00    -1.2921541155385707E-01
 8.2406249999999979E+00    -1.2623099344606084E-01
 8.2968749999999982E+00    -1.2284148724483429E-01
 8.3531249999999986E+00    -1.1906263346866408E-01
 8.4093749999999989E+00    -1.1491031008410056E-01
 8.4656249999999993E+00    -1.1040048502913780E-01
 8.5218749999999979E+00    -1.0554916986442667E-01
 8.5781249999999982E+00    -1.0037237525386648E-01
 8.6343749999999986E+00    -9.4886068898625026E-02
 8.6906249999999989E+00    -8.9106136461976279E-02
 8.7468749999999993E+00    -8.3048345929734230E-02
 8.8031249999999979E+00    -7.6728315755546575E-02
 8.8593749999999982E+00    -7.0161487044755583E-02
 8.9156249999999986E+00    -6.3363099937471357E-02
 8.9718749999999989E+00    -5.6348174263120006E-02
 9.0281249999999993E+00    -4.9131494456818275E-02
 9.0843749999999979E+00    -4.1727598653829030E-02
 9.1406249999999982E+00    -3.4150771813039056E-02
 9.1968749999999986E+00    -2.6415042664419838E-02
 9.2531249999999989E+00    -1.8534184228962722E-02
 9.3093749999999975E+00    -1.0521717622527611E-02
 9.3656249999999979E+00    -2.3909188269687943E-03
 9.4218749999999982E+00     5.8451719077616399E-03
 9.4781249999999986E+00     1.4173738378911362E-02
 9.5343749999999989E+00     2.2582174817332060E-02
 9.5906249999999975E+00     3.1058070698258076E-02
 9.6468749999999979E+00     3.9589194324467954E-02
 9.7031249999999982E+00     4.8163475520675215E-02
 9.7593749999999986E+00     5.6768987765844291E-02
 9.8156249999999989E+00     6.5393930075723888E-02
 9.8718749999999975E+00     7.4026608931955160E-02
 9.9281249999999979E+00     8.2655420537175783E-02
 9.9843749999999982E+00     9.1268833658016080E-02
 1.0040624999999999E+01     9.9855373300074879E-02
 1.0096874999999999E+01     1.0840360544098476E-01
 1.0153124999999998E+01     1.1690212302954807E-01
 1.0209374999999998E+01     1.2533953344055163E-01
 1.0265624999999998E+01     1.3370444755599756E-01
 1.0321874999999999E+01     1.4198547062384331E-01
 1.0378124999999999E+01     1.5017119502454693E-01
 1.0434374999999998E+01     1.5825019505333116E-01
 1.0490624999999998E+01     1.6621102380173716E-01
 1.0546874999999998E+01     1.7404221219527413E-01
 1.0603124999999999E+01     1.8173227021450949E-01
 1.0659374999999999E+01     1.8926969029448379E-01
 1.0715624999999998E+01     1.9664295286176009E-01
 1.0771874999999998E+01     2.0384053392980495E-01
 1.0828124999999998E+01     2.1085091463190003E-01
 1.0884374999999999E+01     2.1766259252692630E-01
 1.0940624999999999E+01     2.2426409446777712E-01
 1.0996874999999998E+01     2.3064399077576325E-01
 1.1053124999999998E+01     2.3679091041841949E-01
 1.1109374999999998E+01     2.4269355684390331E-01
 1.1165624999999999E+01     2.4834072408440150E-01
 1.1221874999999999E+01     2.5372131270533876E-01
 1.1278124999999998E+01     2.5882434514855884E-01
 1.1334374999999998E+01     2.6363897999798769E-01
 1.1390624999999998E+01     2.6815452468727929E-01
 1.1446874999999999E+01     2.7236044617233823E-01
 1.1503124999999999E+01     2.7624637910874378E-01
 1.1559374999999998E+01     2.7980213110591101E-01
 1.1615624999999998E+01     2.8301768467694466E-01
 1.1671874999999998E+01     2.8588319556540015E-01
 1.1728124999999999E+01     2.8838898720696426E-01
 1.1784374999999999E+01     2.9052554117402646E-01
 1.1840624999999998E+01     2.9228348355215950E-01
 1.1896874999999998E+01     2.9365356730702424E-01
 1.1953124999999998E+01     2.9462665081478417E-01
 1.2009374999999999E+01     2.9519367284504699E-01
 1.2065624999999999E+01     2.9534562439844619E-01
 1.2121874999999998E+01     2.9507351790690345E-01
 1.2178124999999998E+01     2.9436835439911446E-01
 1.2234374999999998E+01     2.9322108931266877E-01
 1.2290624999999999E+01     2.9162273152831897E-01
 1.2346874999999999E+01     2.8957315586928545E-01
 1.2403124999999998E+01     2.8708658594615583E-01
 1.2459374999999998E+01     2.8417838551159741E-01
 1.2515624999999998E+01     2.8086371696102042E-01
 1.2571874999999999E+01     2.7715752034848407E-01
 1.2628124999999997E+01     2.7307449631826686E-01
 1.2684374999999998E+01     2.6862909321834888E-01
 1.2740624999999998E+01     2.6383549853257043E-01
 1.2796874999999998E+01     2.5870763464190227E-01
 1.2853124999999999E+01     2.5325915880653804E-01
 1.2909374999999997E+01     2.4750346715297403E-01
 1.2965624999999998E+01     2.4145370235690550E-01
 1.3021874999999998E+01     2.3512276463564646E-01
 1.3078124999999998E+01     2.2852332560420280E-01
 1.3134374999999999E+01     2.2166784450752378E-01
 1.3190624999999997E+01     2.1456858631751491E-01
 1.3246874999999998E+01     2.0723764117622839E-01
 1.3303124999999998E+01     1.9968694467475301E-01
 1.3359374999999998E+01     1.9192829847883972E-01
 1.3415624999999999E+01     1.8397339084511583E-01
 1.3471874999999997E+01     1.7583381661350334E-01
 1.3528124999999998E+01     1.6752109630988501E-01
 1.3584374999999998E+01     1.5904669404588451E-01
 1.3640624999999998E+01     1.5042203395768503E-01
 1.3696874999999999E+01     1.4165851498129228E-01
 1.3753124999999997E+01     1.3276752381580179E-01
 1.3809374999999998E+01     1.2376044597781063E-01
 1.3865624999999998E+01     1.1464867489798897E-01
 1.3921874999999998E+01     1.0544361905427849E-01
 1.3978124999999999E+01     9.6156707174714431E-02
 1.4034374999999997E+01     8.6799391576265456E-02
 1.4090624999999998E+01     7.7383149734312290E-02
 1.4146874999999998E+01     6.7919484200668678E-02
 1.4203124999999998E+01     5.8419921006641534E-02
 1.4259374999999999E+01     4.8896006702047974E-02
 1.4315624999999997E+01     3.9359304191770889E-02
 1.4371874999999998E+01     2.9821387538944043E-02
 1.4428124999999998E+01     2.0293835908727752E-02
 1.4484374999999998E+01     1.0788226829381740E-02
 1.4540624999999999E+01     1.3161289484786528E-03
 1.4596874999999997E+01    -8.1109055379917812E-03
 1.4653124999999998E+01    -1.7481348606827683E-02
 1.4709374999999998E+01    -2.6783704103869481E-02
 1.4765624999999998E+01    -3.6006515242031127E-02
 1.4821874999999999E+01    -4.5138371730127677E-02
 1.4878124999999997E+01    -5.4167916364168942E-02
 1.4934374999999998E+01    -6.3083850915847395E-02
 1.4990624999999998E+01    -7.1874941156580427E-02
 1.5046874999999998E+01    -8.0530020859907930E-02
 1.5103124999999999E+01    -8.9037994630557823E-02
 1.5159374999999997E+01    -9.7387839415400301E-02
 1.5215624999999998E+01    -1.0556860456016733E-01
 1.5271874999999998E+01    -1.1356941028654108E-01
 1.5328124999999998E+01    -1.2137944447738475E-01
 1.5384374999999999E+01    -1.2898795767377519E-01
 1.5440624999999997E+01    -1.3638425620636552E-01
 1.5496874999999998E+01    -1.4355769340565624E-01
 1.5553124999999998E+01    -1.5049765886103511E-01
 1.5609374999999998E+01    -1.5719356572699661E-01
 1.5665624999999999E+01    -1.6363483610657686E-01
 1.5721874999999997E+01    -1.6981088457650093E-01
 1.5778124999999998E+01    -1.7571109995540776E-01
 1.5834374999999998E+01    -1.8132482545519910E-01
 1.5890624999999998E+01    -1.8664133739538197E-01
 1.5946874999999999E+01    -1.9164982270036302E-01
 1.6003124999999997E+01    -1.9633935543902764E-01
 1.6059374999999999E+01    -2.0069887270356362E-01
 1.6115624999999998E+01    -2.0471715015919609E-01
 1.6171874999999996E+01    -2.0838277762712631E-01
 1.6228124999999999E+01    -2.1168413508833289E-01
 1.6284374999999997E+01    -2.1460936951490528E-01
 1.6340624999999999E+01    -2.1714637294714798E-01
 1.6396874999999998E+01    -2.1928353296911304E-01
 1.6453124999999996E+01    -2.2102090194766555E-01
 1.6509374999999999E+01    -2.2236765229797148E-01
 1.6565624999999997E+01    -2.2333289384320243E-01
 1.6621874999999999E+01    -2.2392541133479893E-01
 1.6678124999999998E+01    -2.2415366071414047E-01
 1.6734374999999996E+01    -2.2402576842649891E-01
 1.6790624999999999E+01    -2.2354953381324641E-01
 1.6846874999999997E+01    -2.2273243456425232E-01
 1.6903124999999999E+01    -2.2158163517020790E-01
 1.6959374999999998E+01    -2.2010399827507682E-01
 1.7015624999999996E+01    -2.1830609879239668E-01
 1.7071874999999999E+01    -2.1619424061627582E-01
 1.7128124999999997E+01    -2.1377447572890138E-01
 1.7184374999999999E+01    -2.1105262548140097E-01
 1.7240624999999998E+01    -2.0803430380414689E-01
 1.7296874999999996E+01    -2.0472494208596492E-01
 1.7353124999999999E+01    -2.0112981544924768E-01
 1.7409374999999997E+01    -1.9725407013946983E-01
 1.7465624999999999E+01    -1.9310275174288088E-01
 1.7521874999999998E+01    -1.8868083394503690E-01
 1.7578124999999996E+01    -1.8399324754496427E-01
 1.7634374999999999E+01    -1.7904490944497198E-01
 1.7690624999999997E+01    -1.7384075134404273E-01
 1.7746874999999999E+01    -1.6838574787311397E-01
 1.7803124999999998E+01    -1.6268494392309590E-01
 1.7859374999999996E+01    -1.5674348093084736E-01
 1.7915624999999999E+01    -1.5056662190430042E-01
 1.7971874999999997E+01    -1.4415977498518762E-01
 1.8028124999999999E+01    -1.3752851536610847E-01
 1.8084374999999998E+01    -1.3067860539777029E-01
 1.8140624999999996E+01    -1.2361601274185843E-01
 1.8196874999999999E+01    -1.1634692644496430E-01
 1.8253124999999997E+01    -1.0887777082911498E-01
 1.8309374999999996E+01    -1.0121521711451605E-01
 1.8365624999999998E+01    -9.3366192710075277E-02
 1.8421874999999996E+01    -8.5337888126911871E-02
 1.8478124999999999E+01    -7.7137761489391457E-02
 1.8534374999999997E+01    -6.8773540637206851E-02
 1.8590624999999996E+01    -6.0253222830612359E-02
 1.8646874999999998E+01    -5.1585072089241749E-02
 1.8703124999999996E+01    -4.2777614212988598E-02
 1.8759374999999999E+01    -3.3839629551343953E-02
 1.8815624999999997E+01    -2.4780143605516364E-02
 1.8871874999999996E+01    -1.5608415565620513E-02
 1.8928124999999998E+01    -6.3339249034645813E-03
 1.8984374999999996E+01     3.0336438400566613E-03
 1.9040624999999999E+01     1.2484417915126106E-02
 1.9096874999999997E+01     2.2008354693725203E-02
 1.9153124999999996E+01     3.1595261274595401E-02
 1.9209374999999998E+01     4.1234815146709819E-02
 1.9265624999999996E+01     5.0916585676461200E-02
 1.9321874999999999E+01     6.0630056165353829E-02
 1.9378124999999997E+01     7.0364646207775383E-02
 1.9434374999999996E+01     8.0109734063112767E-02
 1.9490624999999998E+01     8.9854678743678307E-02
 1.9546874999999996E+01     9.9588841510574802E-02
 1.9603124999999999E+01     1.0930160646452852E-01
 1.9659374999999997E+01     1.1898239991874457E-01
 1.9715624999999996E+01     1.2862070824691210E-01
 1.9771874999999998E+01     1.3820609391225600E-01
 1.9828124999999996E+01     1.4772820940376494E-01
 1.9884374999999999E+01     1.5717680883379703E-01
 1.9940624999999997E+01     1.6654175698738866E-01
 1.9996874999999996E+01     1.7581303565778655E-01
 2.0053124999999998E+01     1.8498074715446261E-01
 2.0109374999999996E+01     1.9403511492853304E-01
 2.0165624999999999E+01     2.0296648132490641E-01
 2.0221874999999997E+01     2.1176530253914413E-01
 2.0278124999999996E+01     2.2042214092821455E-01
 2.0334374999999998E+01     2.2892765489580516E-01
 2.0390624999999996E+01     2.3727258664245804E-01
 2.0446874999999999E+01     2.4544774813588627E-01
 2.0503124999999997E+01     2.5344517461680599E-01
 2.0559374999999996E+01     2.6126400926737764E-01
 2.0615624999999998E+01     2.6890606154244923E-01
 2.0671874999999996E+01     2.7637315195296280E-01
 2.0728124999999999E+01     2.8366709313815630E-01
 2.0784374999999997E+01     2.9078967691604363E-01
 2.0840624999999996E+01     2.9774266301351821E-01
 2.0896874999999998E+01     3.0452776972047968E-01
 2.0953124999999996E+01     3.1114666664890483E-01
 2.1009374999999999E+01     3.1760096971137114E-01
 2.1065624999999997E+01     3.2389223836650188E-01
 2.1121874999999996E+01     3.3002197511330095E-01
 2.1178124999999998E+01     3.3599162715429304E-01
 2.1234374999999996E+01     3.4180259009069336E-01
 2.1290624999999999E+01     3.4745621346284539E-01
 2.1346874999999997E+01     3.5295380790711095E-01
 2.1403124999999996E+01     3.5829665366711672E-01
 2.1459374999999998E+01     3.6348601017308269E-01
 2.1515624999999996E+01     3.6852312638816276E-01
 2.1571874999999999E+01     3.7340925161493027E-01
 2.1628124999999997E+01     3.7814564645794624E-01
 2.1684374999999996E+01     3.8273359364896609E-01
 2.1740624999999998E+01     3.8717440845875006E-01
 2.1796874999999996E+01     3.9146944844263920E-01
 2.1853124999999999E+01     3.9562012229471816E-01
 2.1909374999999997E+01     3.9962789761633594E-01
 2.1965624999999996E+01     4.0349430743771003E-01
 2.2021874999999998E+01     4.0722095536508646E-01
 2.2078124999999996E+01     4.1080951925942760E-01
 2.2134374999999999E+01     4.1426175338477866E-01
 2.2190624999999997E+01     4.1757948899459185E-01
 2.2246874999999996E+01     4.2076463335165654E-01
 2.2303124999999998E+01     4.2381916720142798E-01
 2.2359374999999996E+01     4.2674514073921710E-01
 2.2415624999999999E+01     4.2954466812877601E-01
 2.2471874999999997E+01     4.3221992064334913E-01
 2.2528124999999996E+01     4.3477311851056244E-01
 2.2584374999999998E+01     4.3720652154986739E-01
 2.2640624999999996E+01     4.3952241869621311E-01
 2.2696874999999999E+01     4.4172311650674667E-01
 2.2753124999999997E+01     4.4381092674919864E-01
 2.2809374999999996E+01     4.4578815317200277E-01
 2.2865624999999998E+01     4.4765707755760248E-01
 2.2921874999999996E+01     4.4941994516260619E-01
 2.2978124999999999E+01     4.5107894965186768E-01
 2.3034374999999997E+01     4.5263621763877615E-01
 2.3090624999999996E+01     4.5409379295133484E-01
 2.3146874999999998E+01     4.5545362075317591E-01
 2.3203124999999996E+01     4.5671753166063100E-01
 2.3259374999999999E+01     4.5788722601117798E-01
 2.3315624999999997E+01     4.5896425845476618E-01
 2.3371874999999996E+01     4.5995002305721178E-01
 2.3428124999999998E+01     4.6084573912340265E-01
 2.3484374999999996E+01     4.6165243796669919E-01
 2.3540624999999999E+01     4.6237095086864360E-01
 2.3596874999999997E+01     4.6300189848891571E-01
 2.3653124999999996E+01     4.6354568199815832E-01
 2.3709374999999998E+01     4.6400247621462754E-01
 2.3765624999999996E+01     4.6437222502846037E-01
 2.3821874999999999E+01     4.6465463939337043E-01
 2.3878124999999997E+01     4.6484919815377318E-01
 2.3934374999999996E+01     4.6495515195480996E-01
 2.3990624999999998E+01     4.6497153045256856E-01
 2.4046874999999996E+01     4.6489715300180628E-01
 2.4103124999999999E+01     4.6473064294824940E-01
 2.4159374999999997E+01     4.6447044559257056E-01
 2.4215624999999996E+01     4.6411484982390183E-01
 2.4271874999999998E+01     4.6366201334342272E-01
 2.4328124999999996E+01     4.6310999131470970E-01
 2.4384374999999999E+01     4.6245676818906101E-01
 2.4440624999999997E+01     4.6170029236338228E-01
 2.4496874999999996E+01     4.6083851323813052E-01
 2.4553124999999998E+01     4.5986941949768573E-01
 2.4609374999999996E+01     4.5879070150893547E-01
 2.4665624999999999E+01     4.5759915883067470E-01
 2.4721874999999997E+01     4.5629158577041118E-01
 2.4778124999999996E+01     4.5486497878633902E-01
 2.4834374999999998E+01     4.5331657471063630E-01
 2.4890624999999996E+01     4.5164388638069314E-01
 2.4946874999999999E+01     4.4984473505175826E-01
 2.5003124999999997E+01     4.4791727902712086E-01
 2.5059374999999996E+01     4.4586003801845164E-01
 2.5115624999999998E+01     4.4367191283713964E-01
 2.5171874999999996E+01     4.4135220011488929E-01
 2.5228124999999995E+01     4.3890060185554192E-01
 2.5284374999999997E+01     4.3631722972723214E-01
 2.5340624999999996E+01     4.3360260411127682E-01
 2.5396874999999998E+01     4.3075764802882138E-01
 2.5453124999999996E+01     4.2778367616522317E-01
 2.5509374999999995E+01     4.2468237930294467E-01
 2.5565624999999997E+01     4.2145580455404025E-01
 2.5621874999999996E+01     4.1810633185143625E-01
 2.5678124999999998E+01     4.1463664721266286E-01
 2.5734374999999996E+01     4.1104971332977547E-01
 2.5790624999999995E+01     4.0734873806448829E-01
 2.5846874999999997E+01     4.0353714143816449E-01
 2.5903124999999996E+01     3.9961852170295298E-01
 2.5959374999999998E+01     3.9559662106388077E-01
 2.6015624999999996E+01     3.9147529159357347E-01
 2.6071874999999995E+01     3.8725846184293233E-01
 2.6128124999999997E+01     3.8295010460438794E-01
 2.6184374999999996E+01     3.7855420623113556E-01
 2.6240624999999998E+01     3.7407473785785805E-01
 2.6296874999999996E+01     3.6951562880782984E-01
 2.6353124999999995E+01     3.6488074240962903E-01
 2.6409374999999997E+01     3.6017385438561161E-01
 2.6465624999999996E+01     3.5539863391525967E-01
 2.6521874999999998E+01     3.5055862742068500E-01
 2.6578124999999996E+01     3.4565724506998935E-01
 2.6634374999999995E+01     3.4069774994752372E-01
 2.6690624999999997E+01     3.3568324979899933E-01
 2.6746874999999996E+01     3.3061669122410126E-01
 2.6803124999999998E+01     3.2550085615989993E-01
 2.6859374999999996E+01     3.2033836047493863E-01
 2.6915624999999995E+01     3.1513165447613978E-01
 2.6971874999999997E+01     3.0988302511835503E-01
 2.7028124999999996E+01     3.0459459969906699E-01
 2.7084374999999998E+01     2.9926835081797704E-01
 2.7140624999999996E+01     2.9390610238249093E-01
 2.7196874999999995E+01     2.8850953644488925E-01
 2.7253124999999997E+01     2.8308020066478090E-01
 2.7309374999999996E+01     2.7761951620074660E-01
 2.7365624999999998E+01     2.7212878584738748E-01
 2.7421874999999996E+01     2.6660920224799800E-01
 2.7478124999999995E+01     2.6106185602818799E-01
 2.7534374999999997E+01     2.5548774371186389E-01
 2.7590624999999996E+01     2.4988777529758899E-01
 2.7646874999999998E+01     2.4426278139028670E-01
 2.7703124999999996E+01     2.3861351980036399E-01
 2.7759374999999995E+01     2.3294068153933140E-01
 2.7815624999999997E+01     2.2724489615785529E-01
 2.7871874999999996E+01     2.2152673638870785E-01
 2.7928124999999998E+01     2.1578672207317229E-01
 2.7984374999999996E+01     2.1002532336508975E-01
 2.8040624999999995E+01     2.0424296322172761E-01
 2.8096874999999997E+01     1.9844001920497545E-01
 2.8153124999999996E+01     1.9261682462992977E-01
 2.8209374999999998E+01     1.8677366911058269E-01
 2.8265624999999996E+01     1.8091079856404027E-01
 2.8321874999999995E+01     1.7502841474525618E-01
 2.8378124999999997E+01     1.6912667439364673E-01
 2.8434374999999996E+01     1.6320568808095440E-01
 2.8490624999999998E+01     1.5726551885623838E-01
 2.8546874999999996E+01     1.5130618078880909E-01
 2.8603124999999995E+01     1.4532763751308270E-01
 2.8659374999999997E+01     1.3932984858980085E-01
 2.8715624999999996E+01     1.3331447947045649E-01
 2.8771874999999998E+01     1.2728537213434563E-01
 2.8828124999999996E+01     1.2124645597061158E-01
 2.8884374999999995E+01     1.1520160167131113E-01
 2.8940624999999997E+01     1.0915461934470959E-01
 2.8996874999999996E+01     1.0310925714172212E-01
 2.9053124999999998E+01     9.7069200418419127E-02
 2.9109374999999996E+01     9.1038071446538291E-02
 2.9165624999999995E+01     8.5019429673264521E-02
 2.9221874999999997E+01     7.9016772521437184E-02
 2.9278124999999996E+01     7.3033536711891639E-02
 2.9334374999999998E+01     6.7073100081039908E-02
 2.9390624999999996E+01     6.1138783859172000E-02
 2.9446874999999995E+01     5.5233855368372248E-02
 2.9503124999999997E+01     4.9361531093534070E-02
 2.9559374999999996E+01     4.3524980075715827E-02
 2.9615624999999998E+01     3.7727327574059825E-02
 2.9671874999999996E+01     3.1971658940705208E-02
 2.9728124999999995E+01     2.6261023652471793E-02
 2.9784374999999997E+01     2.0598439443610915E-02
 2.9840624999999996E+01     1.4986896485436781E-02
 2.9896874999999998E+01     9.4293615611427250E-03
 2.9953124999999996E+01     3.9287821874374523E-03
 3.0009374999999995E+01    -1.5119093613496022E-03
 3.0065624999999997E+01    -6.8897921664095411E-03
 3.0121874999999996E+01    -1.2201952949512138E-02
 3.0178124999999998E+01    -1.7445482559279784E-02
 3.0234374999999996E+01    -2.2617472682419794E-02
 3.0290624999999995E+01    -2.7715012798081015E-02
 3.0346874999999997E+01    -3.2735187387953515E-02
 3.0403124999999996E+01    -3.7675073409392093E-02
 3.0459374999999998E+01    -4.2531738033758162E-02
 3.0515624999999996E+01    -4.7302236647429149E-02
 3.0571874999999995E+01    -5.1983611108618266E-02
 3.0628124999999997E+01    -5.6572888249266109E-02
 3.0684374999999996E+01    -6.1067078607908040E-02
 3.0740624999999998E+01    -6.5463175376563265E-02
 3.0796874999999996E+01    -6.9758153542339385E-02
 3.0853124999999995E+01    -7.3948969202633094E-02
 3.0909374999999997E+01    -7.8032559031441406E-02
 3.0965624999999996E+01    -8.2005839873432532E-02
 3.1021874999999998E+01    -8.5865708441959135E-02
 3.1078124999999996E+01    -8.9609041097114026E-02
 3.1134374999999995E+01    -9.3232693680206785E-02
 3.1190624999999997E+01    -9.6733501381571607E-02
 3.1246874999999996E+01    -1.0010827861943361E-01
 3.1303124999999998E+01    -1.0335381890855268E-01
 3.1359374999999996E+01    -1.0646689469852043E-01
 3.1415624999999995E+01    -1.0944425716289054E-01
 3.1471874999999997E+01    -1.1228263592168507E-01
 3.1528124999999996E+01    -1.1497873868129171E-01
 3.1584374999999998E+01    -1.1752925077727566E-01
 3.1640624999999996E+01    -1.1993083460718003E-01
 3.1696874999999995E+01    -1.2218012894200989E-01
 3.1753124999999997E+01    -1.2427374810671639E-01
 3.1809374999999996E+01    -1.2620828102172321E-01
 3.1865624999999998E+01    -1.2798029009927983E-01
 3.1921874999999996E+01    -1.2958630999026854E-01
 3.1978124999999995E+01    -1.3102284617902626E-01
 3.2034374999999997E+01    -1.3228637342575386E-01
 3.2090625000000003E+01    -1.3337333405823235E-01
 3.2146875000000001E+01    -1.3428013611681555E-01
 3.2203125000000000E+01    -1.3500315135902982E-01
 3.2259374999999999E+01    -1.3553871313258320E-01
 3.2315624999999997E+01    -1.3588311412815224E-01
 3.2371875000000003E+01    -1.3603260402593015E-01
 3.2428125000000001E+01    -1.3598338705257443E-01
 3.2484375000000000E+01    -1.3573161946782616E-01
 3.2540624999999999E+01    -1.3527340700263360E-01
 3.2596874999999997E+01    -1.3460480227303634E-01
 3.2653125000000003E+01    -1.3372180219629398E-01
 3.2709375000000001E+01    -1.3262034543768328E-01
 3.2765625000000000E+01    -1.3129690336853789E-01
 3.2821874999999999E+01    -1.2975441708892496E-01
 3.2878124999999997E+01    -1.2799980945913247E-01
 3.2934375000000003E+01    -1.2603999598830068E-01
 3.2990625000000001E+01    -1.2388182265928901E-01
 3.3046875000000000E+01    -1.2153206444169033E-01
 3.3103124999999999E+01    -1.1899742417975809E-01
 3.3159374999999997E+01    -1.1628453184970514E-01
 3.3215625000000003E+01    -1.1339994417741174E-01
 3.3271875000000001E+01    -1.1035014460442796E-01
 3.3328125000000000E+01    -1.0714154358735337E-01
 3.3384374999999999E+01    -1.0378047921325284E-01
 3.3440624999999997E+01    -1.0027321811168655E-01
 3.3496875000000003E+01    -9.6625956642284780E-02
 3.3553125000000001E+01    -9.2844822335536814E-02
 3.3609375000000000E+01    -8.8935875563597194E-02
 3.3665624999999999E+01    -8.4905111417491200E-02
 3.3721874999999997E+01    -8.0758461767029666E-02
 3.3778125000000003E+01    -7.6501797480109268E-02
 3.3834375000000001E+01    -7.2140930778786999E-02
 3.3890625000000000E+01    -6.7681617710588088E-02
 3.3946874999999999E+01    -6.3129560714945646E-02
 3.4003124999999997E+01    -5.8490411266367615E-02
 3.4059375000000003E+01    -5.3769772577956336E-02
 3.4115625000000001E+01    -4.8973202351164535E-02
 3.4171875000000000E+01    -4.4106215560142333E-02
 3.4228124999999999E+01    -3.9174287261720300E-02
 3.4284374999999997E+01    -3.4182855424866015E-02
 3.4340625000000003E+01    -2.9137323776389123E-02
 3.4396875000000001E+01    -2.4043064662660721E-02
 3.4453125000000000E+01    -1.8905421930111313E-02
 3.4509374999999999E+01    -1.3729713830292445E-02
 3.4565624999999997E+01    -8.5212359581785056E-03
 3.4621875000000003E+01    -3.2852642352068783E-03
 3.4678125000000001E+01     1.9729420488189039E-03
 3.4734375000000000E+01     7.2481371184483024E-03
 3.4790624999999999E+01     1.2535085501264039E-02
 3.4846874999999997E+01     1.7828558702107547E-02
 3.4903125000000003E+01     2.3123331741036639E-02
 3.4959375000000001E+01     2.8414179532278365E-02
 3.5015625000000000E+01     3.3695873081045408E-02
 3.5071874999999999E+01     3.8963175475223259E-02
 3.5128124999999997E+01     4.4210837649746142E-02
 3.5184375000000003E+01     4.9433593902930902E-02
 3.5240625000000001E+01     5.4626157146206472E-02
 3.5296875000000000E+01     5.9783213871615490E-02
 3.5353124999999999E+01     6.4899418825124164E-02
 3.5409374999999997E+01     6.9969389378258834E-02
 3.5465625000000003E+01     7.4987699595799123E-02
 3.5521875000000001E+01     7.9948874003218123E-02
 3.5578125000000000E+01     8.4847381064221905E-02
 3.5634374999999999E+01     8.9677626385990750E-02
 3.5690624999999997E+01     9.4433945677546732E-02
 3.5746875000000003E+01     9.9110597494870750E-02
 3.5803125000000001E+01     1.0370175581487867E-01
 3.5859375000000000E+01     1.0820150248897192E-01
 3.5915624999999999E+01     1.1260381963537514E-01
 3.5971874999999997E+01     1.1690258203773260E-01
 3.6028125000000003E+01     1.2109154962516891E-01
 3.6084375000000001E+01     1.2516436011602625E-01
 3.6140625000000000E+01     1.2911452191355624E-01
 3.6196874999999999E+01     1.3293540734667436E-01
 3.6253124999999997E+01     1.3662024635232597E-01
 3.6309374999999996E+01     1.4016212069779951E-01
 3.6365625000000001E+01     1.4355395884128763E-01
 3.6421875000000000E+01     1.4678853152698612E-01
 3.6478124999999999E+01     1.4985844820692124E-01
 3.6534374999999997E+01     1.5275615437541507E-01
 3.6590624999999996E+01     1.5547392989366107E-01
 3.6646875000000001E+01     1.5800388837128954E-01
 3.6703125000000000E+01     1.6033797765918906E-01
 3.6759374999999999E+01     1.6246798149336908E-01
 3.6815624999999997E+01     1.6438552231353634E-01
 3.6871874999999996E+01     1.6608371186471421E-01
 3.6928125000000001E+01     1.6756305986725475E-01
 3.6984375000000000E+01     1.6882609429192183E-01
 3.7040624999999999E+01     1.6987520874387790E-01
 3.7096874999999997E+01     1.7071267318808539E-01
 3.7153124999999996E+01     1.7134064557436920E-01
 3.7209375000000001E+01     1.7176118404401802E-01
 3.7265625000000000E+01     1.7197625957270177E-01
 3.7321874999999999E+01     1.7198776890265541E-01
 3.7378124999999997E+01     1.7179754761831739E-01
 3.7434374999999996E+01     1.7140738322372087E-01
 3.7490625000000001E+01     1.7081902808675634E-01
 3.7546875000000000E+01     1.7003421212463704E-01
 3.7603124999999999E+01     1.6905465511623913E-01
 3.7659374999999997E+01     1.6788207854008114E-01
 3.7715624999999996E+01     1.6651821685120027E-01
 3.7771875000000001E+01     1.6496482812569543E-01
 3.7828125000000000E+01     1.6322370401786424E-01
 3.7884374999999999E+01     1.6129667899127972E-01
 3.7940624999999997E+01     1.5918563880151601E-01
 3.7996874999999996E+01     1.5689252822415842E-01
 3.8053125000000001E+01     1.5441935803698839E-01
 3.8109375000000000E+01     1.5176821127951556E-01
 3.8165624999999999E+01     1.4894124882610787E-01
 3.8221874999999997E+01     1.4594071432072198E-01
 3.8278124999999996E+01     1.4276893853140465E-01
 3.8334375000000001E+01     1.3942834319133668E-01
 3.8390625000000000E+01     1.3592144440004444E-01
 3.8446874999999999E+01     1.3225085566351000E-01
 3.8503124999999997E+01     1.2841929065528640E-01
 3.8559374999999996E+01     1.2442956578226662E-01
 3.8615625000000001E+01     1.2028460263863705E-01
 3.8671875000000000E+01     1.1598743042968199E-01
 3.8728124999999999E+01     1.1154118844359977E-01
 3.8784374999999997E+01     1.0694912864444613E-01
 3.8840624999999996E+01     1.0221461845269364E-01
 3.8896875000000001E+01     9.7341143771872821E-02
 3.8953125000000000E+01     9.2332312310344500E-02
 3.9009374999999999E+01     8.7191857236514264E-02
 3.9065624999999997E+01     8.1923641193885746E-02
 3.9121874999999996E+01     7.6531660689228856E-02
 3.9178125000000001E+01     7.1020050853016076E-02
 3.9234375000000000E+01     6.5393090556162270E-02
 3.9290624999999999E+01     5.9655207851143748E-02
 3.9346874999999997E+01     5.3810985688913071E-02
 3.9403124999999996E+01     4.7865167845757284E-02
 3.9459375000000001E+01     4.1822664976622972E-02
 3.9515625000000000E+01     3.5688560693615382E-02
 3.9571874999999999E+01     2.9468117550614542E-02
 3.9628124999999997E+01     2.3166782797591844E-02
 3.9684374999999996E+01     1.6790193751489650E-02
 3.9740625000000001E+01     1.0344182614931009E-02
 3.9796875000000000E+01     3.8347805599134623E-03
 3.9853124999999999E+01    -2.7317791184928910E-03
 3.9909374999999997E+01    -9.3490589830272711E-03
 3.9965624999999996E+01    -1.6010416780882143E-02
 4.0021875000000001E+01    -2.2709006330213000E-02
 4.0078125000000000E+01    -2.9437780179344654E-02
 4.0134374999999999E+01    -3.6189494245416877E-02
 4.0190624999999997E+01    -4.2956714627719939E-02
 4.0246874999999996E+01    -4.9731826773622125E-02
 4.0303125000000001E+01    -5.6507047151259822E-02
 4.0359375000000000E+01    -6.3274437552753943E-02
 4.0415624999999999E+01    -7.0025922114412095E-02
 4.0471874999999997E+01    -7.6753307096082413E-02
 4.0528124999999996E+01    -8.3448303410773597E-02
 4.0584375000000001E+01    -9.0102551838126405E-02
 4.0640625000000000E+01    -9.6707650792016611E-02
 4.0696874999999999E+01    -1.0325518644436191E-01
 4.0753124999999997E+01    -1.0973676493526895E-01
 4.0809374999999996E+01    -1.1614404632555016E-01
 4.0865625000000001E+01    -1.2246877987305693E-01
 4.0921875000000000E+01    -1.2870284014133679E-01
 4.0978124999999999E+01    -1.3483826338008018E-01
 4.1034374999999997E+01    -1.4086728355415426E-01
 4.1090624999999996E+01    -1.4678236734434977E-01
 4.1146875000000001E+01    -1.5257624740090664E-01
 4.1203125000000000E+01    -1.5824195310306308E-01
 4.1259374999999999E+01    -1.6377283806670445E-01
 4.1315624999999997E+01    -1.6916260364987520E-01
 4.1371874999999996E+01    -1.7440531773424153E-01
 4.1428125000000001E+01    -1.7949542811087313E-01
 4.1484375000000000E+01    -1.8442776987160686E-01
 4.1540624999999999E+01    -1.8919756630282258E-01
 4.1596874999999997E+01    -1.9380042289583579E-01
 4.1653124999999996E+01    -1.9823231422576679E-01
 4.1709375000000001E+01    -2.0248956360615267E-01
 4.1765625000000000E+01    -2.0656881559646101E-01
 4.1821874999999999E+01    -2.1046700161991505E-01
 4.1878124999999997E+01    -2.1418129913485789E-01
 4.1934374999999996E+01    -2.1770908498885827E-01
 4.1990625000000001E+01    -2.2104788376508297E-01
 4.2046875000000000E+01    -2.2419531209902033E-01
 4.2103124999999999E+01    -2.2714902009438179E-01
 4.2159374999999997E+01    -2.2990663109398374E-01
 4.2215624999999996E+01    -2.3246568115916594E-01
 4.2271875000000001E+01    -2.3482355967506349E-01
 4.2328125000000000E+01    -2.3697745252486022E-01
 4.2384374999999999E+01    -2.3892428926126580E-01
 4.2440624999999997E+01    -2.4066069564634684E-01
 4.2496874999999996E+01    -2.4218295283134930E-01
 4.2553125000000001E+01    -2.4348696430773692E-01
 4.2609375000000000E+01    -2.4456823158214541E-01
 4.2665624999999999E+01    -2.4542183931576764E-01
 4.2721874999999997E+01    -2.4604245042859837E-01
 4.2778124999999996E+01    -2.4642431140797769E-01
 4.2834375000000001E+01    -2.4656126778703794E-01
 4.2890625000000000E+01    -2.4644678948073215E-01
 4.2946874999999999E+01    -2.4607400539429336E-01
 4.3003124999999997E+01    -2.4543574646055955E-01
 4.3059374999999996E+01    -2.4452459602747445E-01
 4.3115625000000001E+01    -2.4333294631366015E-01
 4.3171875000000000E+01    -2.4185305948538188E-01
 4.3228124999999999E+01    -2.4007713178846962E-01
 4.3284374999999997E+01    -2.3799735909805497E-01
 4.3340624999999996E+01    -2.3560600222969774E-01
 4.3396875000000001E+01    -2.3289545038812776E-01
 4.3453125000000000E+01    -2.2985828121279386E-01
 4.3509374999999999E+01    -2.2648731600919181E-01
 4.3565624999999997E+01    -2.2277566892632528E-01
 4.3621874999999996E+01    -2.1871678904672986E-01
 4.3678125000000001E+01    -2.1430449458833500E-01
 4.3734375000000000E+01    -2.0953299866813846E-01
 4.3790624999999999E+01    -2.0439692633701090E-01
 4.3846874999999997E+01    -1.9889132285371744E-01
 4.3903124999999996E+01    -1.9301165341559032E-01
 4.3959375000000001E+01    -1.8675379479534987E-01
 4.4015625000000000E+01    -1.8009066347044964E-01
 4.4071874999999999E+01    -1.7261872228565434E-01
 4.4128124999999997E+01    -1.6427661188435158E-01
 4.4184374999999996E+01    -1.5520291192377222E-01
 4.4240625000000001E+01    -1.4555681449076419E-01
 4.4296875000000000E+01    -1.3550084490884229E-01
 4.4353124999999999E+01    -1.2518440603013362E-01
 4.4409374999999997E+01    -1.1473021098195085E-01
 4.4465624999999996E+01    -1.0422514394346974E-01
 4.4521875000000001E+01    -9.3716361591981476E-02
 4.4578125000000000E+01    -8.3212636824148492E-02
 4.4634374999999999E+01    -7.2690176200342252E-02
 4.4690624999999997E+01    -6.2101528306586190E-02
 4.4746874999999996E+01    -5.1385831246455071E-02
 4.4803125000000001E+01    -4.0478574891639384E-02
 4.4859375000000000E+01    -2.9319282352859945E-02
 4.4915624999999999E+01    -1.7856002770315862E-02
 4.4971874999999997E+01    -6.0461696254976837E-03
