#                  time                       real
 2.8125000000000001E-02    -2.9387976281207533E-03
 8.4374999999999992E-02    -9.0957392225139450E-03
 1.4062500000000000E-01    -1.5959681743915904E-02
 1.9687499999999999E-01    -2.3973980505370491E-02
 2.5312499999999999E-01    -3.3542937572150572E-02
 3.0937500000000001E-01    -4.4832371852561670E-02
 3.6562499999999998E-01    -5.7479539027360207E-02
 4.2187499999999994E-01    -7.0320408286415143E-02
 4.7812499999999997E-01    -8.1339660614219877E-02
 5.3437499999999993E-01    -8.8067466748451284E-02
 5.9062499999999996E-01    -8.8475905057030957E-02
 6.4687499999999987E-01    -8.2059484004019842E-02
 7.0312499999999989E-01    -7.0452779657295392E-02
 7.5937499999999991E-01    -5.7032556167735664E-02
 8.1562499999999982E-01    -4.5594142855868873E-02
 8.7187499999999984E-01    -3.8898083969827843E-02
 9.2812499999999987E-01    -3.7945918120562507E-02
 9.8437499999999989E-01    -4.2194088706085570E-02
 1.0406249999999999E+00    -5.0013114843706713E-02
 1.0968749999999998E+00    -5.9347092686103567E-02
 1.1531250000000000E+00    -6.9184109420073844E-02
 1.2093749999999999E+00    -7.9008198308953309E-02
 1.2656249999999998E+00    -8.8544913515839652E-02
 1.3218749999999999E+00    -9.7645210416498041E-02
 1.3781249999999998E+00    -1.0622779449250860E-01
 1.4343749999999997E+00    -1.1424964875981412E-01
 1.4906249999999999E+00    -1.2169043734654662E-01
 1.5468749999999998E+00    -1.2854392210692481E-01
 1.6031249999999997E+00    -1.3481303357411104E-01
 1.6593749999999998E+00    -1.4050691303408955E-01
 1.7156249999999997E+00    -1.4563905805609348E-01
 1.7718749999999999E+00    -1.5022610947359141E-01
 1.8281249999999998E+00    -1.5428702485684040E-01
 1.8843749999999997E+00    -1.5784249242595766E-01
 1.9406249999999998E+00    -1.6091449863046198E-01
 1.9968749999999997E+00    -1.6352599611100613E-01
 2.0531250000000001E+00    -1.6570063843013777E-01
 2.1093750000000000E+00    -1.6746255996778805E-01
 2.1656249999999999E+00    -1.6883618697667879E-01
 2.2218749999999998E+00    -1.6984607075517244E-01
 2.2781250000000002E+00    -1.7051673721537694E-01
 2.3343750000000001E+00    -1.7087254938075169E-01
 2.3906250000000000E+00    -1.7093758088610345E-01
 2.4468749999999999E+00    -1.7073549958889897E-01
 2.5031249999999998E+00    -1.7028946107152440E-01
 2.5593749999999997E+00    -1.6962201221228126E-01
 2.6156250000000001E+00    -1.6875500519277392E-01
 2.6718750000000000E+00    -1.6770952233943168E-01
 2.7281249999999999E+00    -1.6650581210557863E-01
 2.7843749999999998E+00    -1.6516323632105209E-01
 2.8406249999999997E+00    -1.6370022859860800E-01
 2.8968750000000001E+00    -1.6213426351850105E-01
 2.9531250000000000E+00    -1.6048183594161647E-01
 3.0093749999999999E+00    -1.5875844955207360E-01
 3.0656249999999998E+00    -1.5697861352542397E-01
 3.1218749999999997E+00    -1.5515584607647592E-01
 3.1781249999999996E+00    -1.5330268357600796E-01
 3.2343750000000000E+00    -1.5143069394505318E-01
 3.2906249999999999E+00    -1.4955049314003738E-01
 3.3468749999999998E+00    -1.4767176372402468E-01
 3.4031249999999997E+00    -1.4580327476521213E-01
 3.4593749999999996E+00    -1.4395290259208951E-01
 3.5156250000000000E+00    -1.4212765224090296E-01
 3.5718749999999999E+00    -1.4033367972821173E-01
 3.6281249999999998E+00    -1.3857631554219244E-01
 3.6843749999999997E+00    -1.3686008994871843E-01
 3.7406249999999996E+00    -1.3518876083343631E-01
 3.7968750000000000E+00    -1.3356534483962793E-01
 3.8531249999999999E+00    -1.3199215251139398E-01
 3.9093749999999998E+00    -1.3047082801875909E-01
 3.9656249999999997E+00    -1.2900239383942963E-01
 4.0218749999999996E+00    -1.2758730052091038E-01
 4.0781250000000000E+00    -1.2622548136780057E-01
 4.1343749999999995E+00    -1.2491641161770110E-01
 4.1906249999999998E+00    -1.2365917140570704E-01
 4.2468750000000002E+00    -1.2245251159251906E-01
 4.3031249999999996E+00    -1.2129492135767354E-01
 4.3593750000000000E+00    -1.2018469634741480E-01
 4.4156249999999995E+00    -1.1912000611821894E-01
 4.4718749999999998E+00    -1.1809895963160660E-01
 4.5281250000000002E+00    -1.1711966762603702E-01
 4.5843749999999996E+00    -1.1618030080963232E-01
 4.6406250000000000E+00    -1.1527914297086655E-01
 4.6968749999999995E+00    -1.1441463828180398E-01
 4.7531249999999998E+00    -1.1358543225870488E-01
 4.8093749999999993E+00    -1.1279040603587107E-01
 4.8656249999999996E+00    -1.1202870379320418E-01
 4.9218750000000000E+00    -1.1129975334724344E-01
 4.9781249999999995E+00    -1.1060328006525791E-01
 5.0343749999999998E+00    -1.0993931438900131E-01
 5.0906249999999993E+00    -1.0930819335678142E-01
 5.1468749999999996E+00    -1.0871055659044475E-01
 5.2031250000000000E+00    -1.0814733726804052E-01
 5.2593749999999995E+00    -1.0761974863580120E-01
 5.3156249999999998E+00    -1.0712926662679849E-01
 5.3718749999999993E+00    -1.0667760915138724E-01
 5.4281249999999996E+00    -1.0626671260885125E-01
 5.4843750000000000E+00    -1.0589870614341687E-01
 5.5406249999999995E+00    -1.0557588413417660E-01
 5.5968749999999998E+00    -1.0530067736863971E-01
 5.6531249999999993E+00    -1.0507562330668632E-01
 5.7093749999999996E+00    -1.0490333579723721E-01
 5.7656250000000000E+00    -1.0478647456374729E-01
 5.8218749999999995E+00    -1.0472771473057207E-01
 5.8781249999999998E+00    -1.0472971661809183E-01
 5.9343749999999993E+00    -1.0479509599284884E-01
 5.9906249999999996E+00    -1.0492639491957358E-01
 6.0468750000000000E+00    -1.0512605332548117E-01
 6.1031249999999995E+00    -1.0539638135348711E-01
 6.1593749999999998E+00    -1.0573953255165476E-01
 6.2156249999999993E+00    -1.0615747792101621E-01
 6.2718749999999996E+00    -1.0665198082399770E-01
 6.3281249999999991E+00    -1.0722457274274373E-01
 6.3843749999999995E+00    -1.0787652987099081E-01
 6.4406249999999998E+00    -1.0860885052732726E-01
 6.4968749999999993E+00    -1.0942223339265909E-01
 6.5531249999999996E+00    -1.1031705660199852E-01
 6.6093749999999991E+00    -1.1129335776213252E-01
 6.6656249999999995E+00    -1.1235081502232983E-01
 6.7218749999999998E+00    -1.1348872939645807E-01
 6.7781249999999993E+00    -1.1470600861897659E-01
 6.8343749999999996E+00    -1.1600115291457745E-01
 6.8906249999999991E+00    -1.1737224316651812E-01
 6.9468749999999995E+00    -1.1881693207772148E-01
 7.0031249999999998E+00    -1.2033243902584417E-01
 7.0593749999999993E+00    -1.2191554940907767E-01
 7.1156249999999996E+00    -1.2356261935693040E-01
 7.1718749999999991E+00    -1.2526958672782343E-01
 7.2281249999999995E+00    -1.2703198932568407E-01
 7.2843749999999998E+00    -1.2884499122978990E-01
 7.3406249999999993E+00    -1.3070341804159644E-01
 7.3968749999999996E+00    -1.3260180170181676E-01
 7.4531249999999991E+00    -1.3453443532125570E-01
 7.5093749999999995E+00    -1.3649543820173057E-01
 7.5656249999999998E+00    -1.3847883090491744E-01
 7.6218749999999993E+00    -1.4047861986973206E-01
 7.6781249999999996E+00    -1.4248889069625897E-01
 7.7343749999999991E+00    -1.4450390882523684E-01
 7.7906249999999995E+00    -1.4651822596736630E-01
 7.8468749999999998E+00    -1.4852679029628421E-01
 7.9031249999999993E+00    -1.5052505813459738E-01
 7.9593749999999996E+00    -1.5250910465171524E-01
 8.0156249999999982E+00    -1.5447573096962014E-01
 8.0718749999999986E+00    -1.5642256504933114E-01
 8.1281249999999989E+00    -1.5834815380965173E-01
 8.1843749999999993E+00    -1.6025204403103802E-01
 8.2406249999999979E+00    -1.6213388865403530E-01
 8.2968749999999982E+00    -1.6399110217848803E-01
 8.3531249999999986E+00    -1.6582151123207498E-01
 8.4093749999999989E+00    -1.6762409055318686E-01
 8.4656249999999993E+00    -1.6939895274841138E-01
 8.5218749999999979E+00    -1.7114732246955622E-01
 8.5781249999999982E+00    -1.7287149432691881E-01
 8.6343749999999986E+00    -1.7457477541813626E-01
 8.6906249999999989E+00    -1.7626141388044303E-01
 8.7468749999999993E+00    -1.7793651516000100E-01
 8.8031249999999979E+00    -1.7960594785986994E-01
 8.8593749999999982E+00    -1.8127624110407592E-01
 8.9156249999999986E+00    -1.8295447535116030E-01
 8.9718749999999989E+00    -1.8464816852081070E-01
 9.0281249999999993E+00    -1.8636515917347093E-01
 9.0843749999999979E+00    -1.8811348831838748E-01
 9.1406249999999982E+00    -1.8990128123271663E-01
 9.1968749999999986E+00    -1.9173663046320788E-01
 9.2531249999999989E+00    -1.9362748096229515E-01
 9.3093749999999975E+00    -1.9558151809018737E-01
 9.3656249999999979E+00    -1.9760605899836065E-01
 9.4218749999999982E+00    -1.9970794770408867E-01
 9.4781249999999986E+00    -2.0189345397224173E-01
 9.5343749999999989E+00    -2.0416817594336606E-01
 9.5906249999999975E+00    -2.0653694628848934E-01
 9.6468749999999979E+00    -2.0900374153471396E-01
 9.7031249999999982E+00    -2.1157159409596388E-01
 9.7593749999999986E+00    -2.1424250646585294E-01
 9.8156249999999989E+00    -2.1701736699241203E-01
 9.8718749999999975E+00    -2.1989586666578470E-01
 9.9281249999999979E+00    -2.2287641642105618E-01
 9.9843749999999982E+00    -2.2595606459899484E-01
 1.0040624999999999E+01    -2.2913041442826040E-01
 1.0096874999999999E+01    -2.3239354170259824E-01
 1.0153124999999998E+01    -2.3573791322886195E-01
 1.0209374999999998E+01    -2.3915430711760241E-01
 1.0265624999999998E+01    -2.4263173656820186E-01
 1.0321874999999999E+01    -2.4615737944886135E-01
 1.0378124999999999E+01    -2.4971651666149255E-01
 1.0434374999999998E+01    -2.5329248297409135E-01
 1.0490624999999998E+01    -2.5686663465176190E-01
 1.0546874999999998E+01    -2.6041833876423010E-01
 1.0603124999999999E+01    -2.6392498943078274E-01
 1.0659374999999999E+01    -2.6736205641868444E-01
 1.0715624999999998E+01    -2.7070317137738309E-01
 1.0771874999999998E+01    -2.7392025651809476E-01
 1.0828124999999998E+01    -2.7698369970134773E-01
 1.0884374999999999E+01    -2.7986257866124037E-01
 1.0940624999999999E+01    -2.8252493548858509E-01
 1.0996874999999998E+01    -2.8493810055911306E-01
 1.1053124999999998E+01    -2.8706906290247131E-01
 1.1109374999999998E+01    -2.8888488166521487E-01
 1.1165624999999999E+01    -2.9035313095405380E-01
 1.1221874999999999E+01    -2.9144236809811197E-01
 1.1278124999999998E+01    -2.9212261339145446E-01
 1.1334374999999998E+01    -2.9236582781765758E-01
 1.1390624999999998E+01    -2.9214637424672429E-01
 1.1446874999999999E+01    -2.9144144723443560E-01
 1.1503124999999999E+01    -2.9023145690885160E-01
 1.1559374999999998E+01    -2.8850035351520154E-01
 1.1615624999999998E+01    -2.8623588097516861E-01
 1.1671874999999998E+01    -2.8342975021429662E-01
 1.1728124999999999E+01    -2.8007772589306718E-01
 1.1784374999999999E+01    -2.7617962337752172E-01
 1.1840624999999998E+01    -2.7173921611912560E-01
 1.1896874999999998E+01    -2.6676405689009991E-01
 1.1953124999999998E+01    -2.6126521936002578E-01
 1.2009374999999999E+01    -2.5525696914846907E-01
 1.2065624999999999E+01    -2.4875637562983044E-01
 1.2121874999999998E+01    -2.4178287732467876E-01
 1.2178124999999998E+01    -2.3435781465689809E-01
 1.2234374999999998E+01    -2.2650394419715719E-01
 1.2290624999999999E+01    -2.1824500697411062E-01
 1.2346874999999999E+01    -2.0960912541030907E-01
 1.2403124999999998E+01    -2.0063074275578174E-01
 1.2459374999999998E+01    -1.9134436015993325E-01
 1.2515624999999998E+01    -1.8178351100870499E-01
 1.2571874999999999E+01    -1.7198038647405778E-01
 1.2628124999999997E+01    -1.6196553319303453E-01
 1.2684374999999998E+01    -1.5176762158606502E-01
 1.2740624999999998E+01    -1.4141328337985867E-01
 1.2796874999999998E+01    -1.3092701572836507E-01
 1.2853124999999999E+01    -1.2033114797433556E-01
 1.2909374999999997E+01    -1.0964586585356444E-01
 1.2965624999999998E+01    -9.8889286917142827E-02
 1.3021874999999998E+01    -8.8077580168388445E-02
 1.3078124999999998E+01    -7.7225122386728656E-02
 1.3134374999999999E+01    -6.6344683329428222E-02
 1.3190624999999997E+01    -5.5447631947237529E-02
 1.3246874999999998E+01    -4.4544155899148591E-02
 1.3303124999999998E+01    -3.3643486981482444E-02
 1.3359374999999998E+01    -2.2754125573371607E-02
 1.3415624999999999E+01    -1.1884057819027965E-02
 1.3471874999999997E+01    -1.0409599926436632E-03
 1.3528124999999998E+01     9.7676147011229852E-03
 1.3584374999999998E+01     2.0534070774130331E-02
 1.3640624999999998E+01     3.1250629535803987E-02
 1.3696874999999999E+01     4.1909214690604824E-02
 1.3753124999999997E+01     5.2501365644218173E-02
 1.3809374999999998E+01     6.3018178857075002E-02
 1.3865624999999998E+01     7.3450276785287927E-02
 1.3921874999999998E+01     8.3787803222854576E-02
 1.3978124999999999E+01     9.4020443219015912E-02
 1.4034374999999997E+01     1.0413746520137021E-01
 1.4090624999999998E+01     1.1412778249687983E-01
 1.4146874999999998E+01     1.2398003111244175E-01
 1.4203124999999998E+01     1.3368266041530180E-01
 1.4259374999999999E+01     1.4322403323878577E-01
 1.4315624999999997E+01     1.5259253192440661E-01
 1.4371874999999998E+01     1.6177666689021392E-01
 1.4428124999999998E+01     1.7076518447643577E-01
 1.4484374999999998E+01     1.7954717105174406E-01
 1.4540624999999999E+01     1.8811215065406769E-01
 1.4596874999999997E+01     1.9645017377510993E-01
 1.4653124999999998E+01     2.0455189526517387E-01
 1.4709374999999998E+01     2.1240863972074939E-01
 1.4765624999999998E+01     2.2001245311039319E-01
 1.4821874999999999E+01     2.2735613978359850E-01
 1.4878124999999997E+01     2.3443328438331149E-01
 1.4934374999999998E+01     2.4123825853795838E-01
 1.4990624999999998E+01     2.4776621253718412E-01
 1.5046874999999998E+01     2.5401305249254297E-01
 1.5103124999999999E+01     2.5997540374801209E-01
 1.5159374999999997E+01     2.6565056153314737E-01
 1.5215624999999998E+01     2.7103643004537348E-01
 1.5271874999999998E+01     2.7613145130714423E-01
 1.5328124999999998E+01     2.8093452527104557E-01
 1.5384374999999999E+01     2.8544492274367472E-01
 1.5440624999999997E+01     2.8966219276912764E-01
 1.5496874999999998E+01     2.9358606615883370E-01
 1.5553124999999998E+01     2.9721635687697195E-01
 1.5609374999999998E+01     3.0055286299306189E-01
 1.5665624999999999E+01     3.0359526889600974E-01
 1.5721874999999997E+01     3.0634305042780913E-01
 1.5778124999999998E+01     3.0879538454093725E-01
 1.5834374999999998E+01     3.1095106501075453E-01
 1.5890624999999998E+01     3.1280842564265410E-01
 1.5946874999999999E+01     3.1436527230326117E-01
 1.6003124999999997E+01     3.1561882497429089E-01
 1.6059374999999999E+01     3.1656567087794779E-01
 1.6115624999999998E+01     3.1720172955263154E-01
 1.6171874999999996E+01     3.1752223056966522E-01
 1.6228124999999999E+01     3.1752170437571514E-01
 1.6284374999999997E+01     3.1719398652451142E-01
 1.6340624999999999E+01     3.1653223532785529E-01
 1.6396874999999998E+01     3.1552952368621584E-01
 1.6453124999999996E+01     3.1418702616406413E-01
 1.6509374999999999E+01     3.1251224644483777E-01
 1.6565624999999997E+01     3.1051243535578027E-01
 1.6621874999999999E+01     3.0819450297174489E-01
 1.6678124999999998E+01     3.0556511203104775E-01
 1.6734374999999996E+01     3.0263076875083833E-01
 1.6790624999999999E+01     2.9939791077923195E-01
 1.6846874999999997E+01     2.9587299137408607E-01
 1.6903124999999999E+01     2.9206255880351856E-01
 1.6959374999999998E+01     2.8797333002179509E-01
 1.7015624999999996E+01     2.8361225778812382E-01
 1.7071874999999999E+01     2.7898659053805286E-01
 1.7128124999999997E+01     2.7410392447673226E-01
 1.7184374999999999E+01     2.6897224753349663E-01
 1.7240624999999998E+01     2.6359997499426890E-01
 1.7296874999999996E+01     2.5799597680692377E-01
 1.7353124999999999E+01     2.5216959673009748E-01
 1.7409374999999997E+01     2.4613066366299835E-01
 1.7465624999999999E+01     2.3988949564640316E-01
 1.7521874999999998E+01     2.3345689715796500E-01
 1.7578124999999996E+01     2.2684415043169795E-01
 1.7634374999999999E+01     2.2006300160717732E-01
 1.7690624999999997E+01     2.1312564255380381E-01
 1.7746874999999999E+01     2.0604468921592642E-01
 1.7803124999999998E+01     1.9883315728418072E-01
 1.7859374999999996E+01     1.9150443591728669E-01
 1.7915624999999999E+01     1.8407226012006739E-01
 1.7971874999999997E+01     1.7655068223178466E-01
 1.8028124999999999E+01     1.6895404280319526E-01
 1.8084374999999998E+01     1.6129694094975136E-01
 1.8140624999999996E+01     1.5359420407449251E-01
 1.8196874999999999E+01     1.4586085666969589E-01
 1.8253124999999997E+01     1.3811208774500358E-01
 1.8309374999999996E+01     1.3036321630266295E-01
 1.8365624999999998E+01     1.2262965420120128E-01
 1.8421874999999996E+01     1.1492686572341028E-01
 1.8478124999999999E+01     1.0727032320205454E-01
 1.8534374999999997E+01     9.9675458158536498E-02
 1.8590624999999996E+01     9.2157607576334469E-02
 1.8646874999999998E+01     8.4731955158722672E-02
 1.8703124999999996E+01     7.7413467701425251E-02
 1.8759374999999999E+01     7.0216827035012017E-02
 1.8815624999999997E+01     6.3156358346051572E-02
 1.8871874999999996E+01     5.6245956052801319E-02
 1.8928124999999998E+01     4.9499008773090193E-02
 1.8984374999999996E+01     4.2928325257366111E-02
 1.9040624999999999E+01     3.6546063447248173E-02
 1.9096874999999997E+01     3.0363665036880188E-02
 1.9153124999999996E+01     2.4391798038932676E-02
 1.9209374999999998E+01     1.8640309869991056E-02
 1.9265624999999996E+01     1.3118193355880100E-02
 1.9321874999999999E+01     7.8335678057837761E-03
 1.9378124999999997E+01     2.7936769143342460E-03
 1.9434374999999996E+01    -1.9950952707865344E-03
 1.9490624999999998E+01    -6.5271897117863088E-03
 1.9546874999999996E+01    -1.0797819188619155E-02
 1.9603124999999999E+01    -1.4802897429427333E-02
 1.9659374999999997E+01    -1.8538952204645895E-02
 1.9715624999999996E+01    -2.2003024739409759E-02
 1.9771874999999998E+01    -2.5192558413228115E-02
 1.9828124999999996E+01    -2.8105280188069133E-02
 1.9884374999999999E+01    -3.0739078500275040E-02
 1.9940624999999997E+01    -3.3091881447855992E-02
 1.9996874999999996E+01    -3.5161538997128622E-02
 2.0053124999999998E+01    -3.6945712631429282E-02
 2.0109374999999996E+01    -3.8441775395892566E-02
 2.0165624999999999E+01    -3.9646724694250825E-02
 2.0221874999999997E+01    -4.0557109512067591E-02
 2.0278124999999996E+01    -4.1168973027139052E-02
 2.0334374999999998E+01    -4.1477810869593221E-02
 2.0390624999999996E+01    -4.1478544655692208E-02
 2.0446874999999999E+01    -4.1165509873310829E-02
 2.0503124999999997E+01    -4.0534567517433145E-02
 2.0559374999999996E+01    -3.9593773820075576E-02
 2.0615624999999998E+01    -3.8355426886774756E-02
 2.0671874999999996E+01    -3.6831363985239590E-02
 2.0728124999999999E+01    -3.5033029192352676E-02
 2.0784374999999997E+01    -3.2971552512273072E-02
 2.0840624999999996E+01    -3.0657828478583463E-02
 2.0896874999999998E+01    -2.8102591238056619E-02
 2.0953124999999996E+01    -2.5316483711766286E-02
 2.1009374999999999E+01    -2.2310118941078230E-02
 2.1065624999999997E+01    -1.9094132189076730E-02
 2.1121874999999996E+01    -1.5679222799026907E-02
 2.1178124999999998E+01    -1.2076185214116842E-02
 2.1234374999999996E+01    -8.2959289332907703E-03
 2.1290624999999999E+01    -4.3494875143674262E-03
 2.1346874999999997E+01    -2.4801703394341016E-04
 2.1403124999999996E+01     3.9972153295451283E-03
 2.1459374999999998E+01     8.3748517098616443E-03
 2.1515624999999996E+01     1.2873471917587882E-02
 2.1571874999999999E+01     1.7481628588549205E-02
 2.1628124999999997E+01     2.2187887876085347E-02
 2.1684374999999996E+01     2.6980874417870303E-02
 2.1740624999999998E+01     3.1849319318315299E-02
 2.1796874999999996E+01     3.6782109931392831E-02
 2.1853124999999999E+01     4.1768340297998148E-02
 2.1909374999999997E+01     4.6797361178463483E-02
 2.1965624999999996E+01     5.1858828715172535E-02
 2.2021874999999998E+01     5.6942750855954655E-02
 2.2078124999999996E+01     6.2039530757478423E-02
 2.2134374999999999E+01     6.7140006465947671E-02
 2.2190624999999997E+01     7.2235486236336355E-02
 2.2246874999999996E+01     7.7317778900562004E-02
 2.2303124999999998E+01     8.2379218730530820E-02
 2.2359374999999996E+01     8.7412684266592058E-02
 2.2415624999999999E+01     9.2411610599557242E-02
 2.2471874999999997E+01     9.7369994609673827E-02
 2.2528124999999996E+01     1.0228239268379344E-01
 2.2584374999999998E+01     1.0714391045793123E-01
 2.2640624999999996E+01     1.1195018417009368E-01
 2.2696874999999999E+01     1.1669735326256291E-01
 2.2753124999999997E+01     1.2138202394606810E-01
 2.2809374999999996E+01     1.2600122353312912E-01
 2.2865624999999998E+01     1.3055234546445293E-01
 2.2921874999999996E+01     1.3503308509115081E-01
 2.2978124999999999E+01     1.3944136643467922E-01
 2.3034374999999997E+01     1.4377526032383606E-01
 2.3090624999999996E+01     1.4803289449932172E-01
 2.3146874999999998E+01     1.5221235647799672E-01
 2.3203124999999996E+01     1.5631159017403701E-01
 2.3259374999999999E+01     1.6032828747750830E-01
 2.3315624999999997E+01     1.6425977618549620E-01
 2.3371874999999996E+01     1.6810290585947471E-01
 2.3428124999999998E+01     1.7185393333846261E-01
 2.3484374999999996E+01     1.7550840976416465E-01
 2.3540624999999999E+01     1.7906107106483996E-01
 2.3596874999999997E+01     1.8250573389504654E-01
 2.3653124999999996E+01     1.8583519903368492E-01
 2.3709374999999998E+01     1.8904116420063891E-01
 2.3765624999999996E+01     1.9211414816204703E-01
 2.3821874999999999E+01     1.9504342785538148E-01
 2.3878124999999997E+01     1.9781699008228160E-01
 2.3934374999999996E+01     2.0042149909134516E-01
 2.3990624999999998E+01     2.0284228111265337E-01
 2.4046874999999996E+01     2.0506332661676188E-01
 2.4103124999999999E+01     2.0706731076200555E-01
 2.4159374999999997E+01     2.0883563217521744E-01
 2.4215624999999996E+01     2.1034846989137579E-01
 2.4271874999999998E+01     2.1158485796798265E-01
 2.4328124999999996E+01     2.1252277699870387E-01
 2.4384374999999999E+01     2.1313926148647497E-01
 2.4440624999999997E+01     2.1341052180408895E-01
 2.4496874999999996E+01     2.1331207927443258E-01
 2.4553124999999998E+01     2.1281892279462516E-01
 2.4609374999999996E+01     2.1191143178223973E-01
 2.4665624999999999E+01     2.1058521384836579E-01
 2.4721874999999997E+01     2.0883840760418923E-01
 2.4778124999999996E+01     2.0666932727560983E-01
 2.4834374999999998E+01     2.0407664311323614E-01
 2.4890624999999996E+01     2.0105954407582341E-01
 2.4946874999999999E+01     1.9761788370977146E-01
 2.5003124999999997E+01     1.9375230939695914E-01
 2.5059374999999996E+01     1.8946437502063815E-01
 2.5115624999999998E+01     1.8475663710020415E-01
 2.5171874999999996E+01     1.7963273449178077E-01
 2.5228124999999995E+01     1.7409745181126657E-01
 2.5284374999999997E+01     1.6815676679816324E-01
 2.5340624999999996E+01     1.6181788190183430E-01
 2.5396874999999998E+01     1.5508924044014000E-01
 2.5453124999999996E+01     1.4798052775862192E-01
 2.5509374999999995E+01     1.4050265791108041E-01
 2.5565624999999997E+01     1.3266774649058283E-01
 2.5621874999999996E+01     1.2448907036401737E-01
 2.5678124999999998E+01     1.1598101519820880E-01
 2.5734374999999996E+01     1.0715901180587672E-01
 2.5790624999999995E+01     9.8039462476202738E-02
 2.5846874999999997E+01     8.8639658578977654E-02
 2.5903124999999996E+01     7.8977690833527570E-02
 2.5959374999999998E+01     6.9072353705605563E-02
 2.6015624999999996E+01     5.8943045431412232E-02
 2.6071874999999995E+01     4.8609665163225055E-02
 2.6128124999999997E+01     3.8092508684851367E-02
 2.6184374999999996E+01     2.7412164059040307E-02
 2.6240624999999998E+01     1.6589408447053689E-02
 2.6296874999999996E+01     5.6451071896782019E-03
 2.6353124999999995E+01    -5.3998839324528574E-03
 2.6409374999999997E+01    -1.6524812523829497E-02
 2.6465624999999996E+01    -2.7709118932133070E-02
 2.6521874999999998E+01    -3.8932520761124072E-02
 2.6578124999999996E+01    -5.0175092315562900E-02
 2.6634374999999995E+01    -6.1417338885145410E-02
 2.6690624999999997E+01    -7.2640265871503934E-02
 2.6746874999999996E+01    -8.3825442824833576E-02
 2.6803124999999998E+01    -9.4955062481373698E-02
 2.6859374999999996E+01    -1.0601199488236202E-01
 2.6915624999999995E+01    -1.1697983661218185E-01
 2.6971874999999997E+01    -1.2784295512208990E-01
 2.7028124999999996E+01    -1.3858652801539093E-01
 2.7084374999999998E+01    -1.4919657706448380E-01
 2.7140624999999996E+01    -1.5965999662111702E-01
 2.7196874999999995E+01    -1.6996457597430642E-01
 2.7253124999999997E+01    -1.8009901511393120E-01
 2.7309374999999996E+01    -1.9005293327961587E-01
 2.7365624999999998E+01    -1.9981686961761469E-01
 2.7421874999999996E+01    -2.0938227523962019E-01
 2.7478124999999995E+01    -2.1874149597759521E-01
 2.7534374999999997E+01    -2.2788774515978338E-01
 2.7590624999999996E+01    -2.3681506579563305E-01
 2.7646874999999998E+01    -2.4551828164894635E-01
 2.7703124999999996E+01    -2.5399293679824442E-01
 2.7759374999999995E+01    -2.6223522342715494E-01
 2.7815624999999997E+01    -2.7024189775310026E-01
 2.7871874999999996E+01    -2.7801018418506024E-01
 2.7928124999999998E+01    -2.8553766799720642E-01
 2.7984374999999996E+01    -2.9282217701145519E-01
 2.8040624999999995E+01    -2.9986165299379397E-01
 2.8096874999999997E+01    -3.0665401368422651E-01
 2.8153124999999996E+01    -3.1319700659504357E-01
 2.8209374999999998E+01    -3.1948805592395280E-01
 2.8265624999999996E+01    -3.2552410413546384E-01
 2.8321874999999995E+01    -3.3130144996385136E-01
 2.8378124999999997E+01    -3.3681558478098300E-01
 2.8434374999999996E+01    -3.4206102945215189E-01
 2.8490624999999998E+01    -3.4703117396858524E-01
 2.8546874999999996E+01    -3.5171812229558341E-01
 2.8603124999999995E+01    -3.5611254500590322E-01
 2.8659374999999997E+01    -3.6020382455312189E-01
 2.8715624999999996E+01    -3.6399005219409369E-01
 2.8771874999999998E+01    -3.6748071827438283E-01
 2.8828124999999996E+01    -3.7068430221931986E-01
 2.8884374999999995E+01    -3.7360739039225499E-01
 2.8940624999999997E+01    -3.7625467059067363E-01
 2.8996874999999996E+01    -3.7862895061567148E-01
 2.9053124999999998E+01    -3.8073120045499187E-01
 2.9109374999999996E+01    -3.8256061764026766E-01
 2.9165624999999995E+01    -3.8411471524779806E-01
 2.9221874999999997E+01    -3.8538943185575486E-01
 2.9278124999999996E+01    -3.8637926258058930E-01
 2.9334374999999998E+01    -3.8707741009673080E-01
 2.9390624999999996E+01    -3.8747595429836318E-01
 2.9446874999999995E+01    -3.8756603898954078E-01
 2.9503124999999997E+01    -3.8733807369178419E-01
 2.9559374999999996E+01    -3.8678194834184498E-01
 2.9615624999999998E+01    -3.8588725832513915E-01
 2.9671874999999996E+01    -3.8464353696556830E-01
 2.9728124999999995E+01    -3.8304049228565262E-01
 2.9784374999999997E+01    -3.8106824457999722E-01
 2.9840624999999996E+01    -3.7871756112952848E-01
 2.9896874999999998E+01    -3.7598008424230217E-01
 2.9953124999999996E+01    -3.7284854875559797E-01
 3.0009374999999995E+01    -3.6931698518726758E-01
 3.0065624999999997E+01    -3.6538090489002290E-01
 3.0121874999999996E+01    -3.6103746384472801E-01
 3.0178124999999998E+01    -3.5628560212350774E-01
 3.0234374999999996E+01    -3.5112615655276158E-01
 3.0290624999999995E+01    -3.4556194469398538E-01
 3.0346874999999997E+01    -3.3959781891657437E-01
 3.0403124999999996E+01    -3.3324069003782730E-01
 3.0459374999999998E+01    -3.2649952072298605E-01
 3.0515624999999996E+01    -3.1938528954552936E-01
 3.0571874999999995E+01    -3.1191092727641290E-01
 3.0628124999999997E+01    -3.0409122757522955E-01
 3.0684374999999996E+01    -2.9594273477465938E-01
 3.0740624999999998E+01    -2.8748361186371846E-01
 3.0796874999999996E+01    -2.7873349207477610E-01
 3.0853124999999995E+01    -2.6971331765714929E-01
 3.0909374999999997E+01    -2.6044516947764262E-01
 3.0965624999999996E+01    -2.5095209103179850E-01
 3.1021874999999998E+01    -2.4125791028980742E-01
 3.1078124999999996E+01    -2.3138706255422536E-01
 3.1134374999999995E+01    -2.2136441719017580E-01
 3.1190624999999997E+01    -2.1121511072256061E-01
 3.1246874999999996E+01    -2.0096438839917816E-01
 3.1303124999999998E+01    -1.9063745591111927E-01
 3.1359374999999996E+01    -1.8025934256066609E-01
 3.1415624999999995E+01    -1.6985477678503053E-01
 3.1471874999999997E+01    -1.5944807459348107E-01
 3.1528124999999996E+01    -1.4906304116346963E-01
 3.1584374999999998E+01    -1.3872288557289994E-01
 3.1640624999999996E+01    -1.2845014842302838E-01
 3.1696874999999995E+01    -1.1826664192890657E-01
 3.1753124999999997E+01    -1.0819340191960972E-01
 3.1809374999999996E+01    -9.8250651094766578E-02
 3.1865624999999998E+01    -8.8457772822298650E-02
 3.1921874999999996E+01    -7.8833294729467290E-02
 3.1978124999999995E+01    -6.9394881329647273E-02
 3.2034374999999997E+01    -6.0159334935180789E-02
 3.2090625000000003E+01    -5.1142604127289611E-02
 3.2146875000000001E+01    -4.2359799082461201E-02
 3.2203125000000000E+01    -3.3825213087306030E-02
 3.2259374999999999E+01    -2.5552349607237051E-02
 3.2315624999999997E+01    -1.7553954305777268E-02
 3.2371875000000003E+01    -9.8420514394682006E-03
 3.2428125000000001E+01    -2.4279840768610533E-03
 3.2484375000000000E+01     4.6775423917090504E-03
 3.2540624999999999E+01     1.1464413973057998E-02
 3.2596874999999997E+01     1.7923059529371080E-02
 3.2653125000000003E+01     2.4044400480195308E-02
 3.2709375000000001E+01     2.9819799248973745E-02
 3.2765625000000000E+01     3.5241926598289369E-02
 3.2821874999999999E+01     4.0313912991020523E-02
 3.2878124999999997E+01     4.5045442230341667E-02
 3.2934375000000003E+01     4.9446515435373609E-02
 3.2990625000000001E+01     5.3527298544975406E-02
 3.3046875000000000E+01     5.7298065018037581E-02
 3.3103124999999999E+01     6.0769142143512436E-02
 3.3159374999999997E+01     6.3950861792734584E-02
 3.3215625000000003E+01     6.6853516048818049E-02
 3.3271875000000001E+01     6.9487317942605320E-02
 3.3328125000000000E+01     7.1862367392208235E-02
 3.3384374999999999E+01     7.3988622343827540E-02
 3.3440624999999997E+01     7.5875875029406029E-02
 3.3496875000000003E+01     7.7533733185490186E-02
 3.3553125000000001E+01     7.8971606014892171E-02
 3.3609375000000000E+01     8.0198694617809124E-02
 3.3665624999999999E+01     8.1223986572028326E-02
 3.3721874999999997E+01     8.2056254302940654E-02
 3.3778125000000003E+01     8.2704056853469904E-02
 3.3834375000000001E+01     8.3175744642003974E-02
 3.3890625000000000E+01     8.3479466782268669E-02
 3.3946874999999999E+01     8.3623180533437411E-02
 3.4003124999999997E+01     8.3614662449929072E-02
 3.4059375000000003E+01     8.3461520808868261E-02
 3.4115625000000001E+01     8.3171208907387370E-02
 3.4171875000000000E+01     8.2751038841605284E-02
 3.4228124999999999E+01     8.2208195403196779E-02
 3.4284374999999997E+01     8.1549749756903891E-02
 3.4340625000000003E+01     8.0782672592942958E-02
 3.4396875000000001E+01     7.9913846480536177E-02
 3.4453125000000000E+01     7.8950077182562819E-02
 3.4509374999999999E+01     7.7898103725778114E-02
 3.4565624999999997E+01     7.6764607055740397E-02
 3.4621875000000003E+01     7.5556217139912660E-02
 3.4678125000000001E+01     7.4279518416267343E-02
 3.4734375000000000E+01     7.2941053517665222E-02
 3.4790624999999999E+01     7.1547325234143880E-02
 3.4846874999999997E+01     7.0104796705855843E-02
 3.4903125000000003E+01     6.8619889868868161E-02
 3.4959375000000001E+01     6.7098982203976976E-02
 3.5015625000000000E+01     6.5548401865348549E-02
 3.5071874999999999E+01     6.3974421291085742E-02
 3.5128124999999997E+01     6.2383249421600173E-02
 3.5184375000000003E+01     6.0781022674179688E-02
 3.5240625000000001E+01     5.9173794842968447E-02
 3.5296875000000000E+01     5.7567526113214557E-02
 3.5353124999999999E+01     5.5968071396254523E-02
 3.5409374999999997E+01     5.4381168207886681E-02
 3.5465625000000003E+01     5.2812424326988197E-02
 3.5521875000000001E+01     5.1267305483297776E-02
 3.5578125000000000E+01     4.9751123333183239E-02
 3.5634374999999999E+01     4.8269023989395692E-02
 3.5690624999999997E+01     4.6825977375406544E-02
 3.5746875000000003E+01     4.5426767676334454E-02
 3.5803125000000001E+01     4.4075985156471015E-02
 3.5859375000000000E+01     4.2778019607957470E-02
 3.5915624999999999E+01     4.1537055685586008E-02
 3.5971874999999997E+01     4.0357070369127300E-02
 3.6028125000000003E+01     3.9241832776588145E-02
 3.6084375000000001E+01     3.8194906529200191E-02
 3.6140625000000000E+01     3.7219654841657734E-02
 3.6196874999999999E+01     3.6319248479320637E-02
 3.6253124999999997E+01     3.5496676687209967E-02
 3.6309374999999996E+01     3.4754761154568214E-02
 3.6365625000000001E+01     3.4096173033095457E-02
 3.6421875000000000E+01     3.3523452977479815E-02
 3.6478124999999999E+01     3.3039034123834944E-02
 3.6534374999999997E+01     3.2645267865831655E-02
 3.6590624999999996E+01     3.2344452230668244E-02
 3.6646875000000001E+01     3.2138862598035133E-02
 3.6703125000000000E+01     3.2030784446938680E-02
 3.6759374999999999E+01     3.2022547757899839E-02
 3.6815624999999997E+01     3.2116562644294147E-02
 3.6871874999999996E+01     3.2314147578736255E-02
 3.6928125000000001E+01     3.2611234517137710E-02
 3.6984375000000000E+01     3.3002357331953641E-02
 3.7040624999999999E+01     3.3482271484414211E-02
 3.7096874999999997E+01     3.4045983873152857E-02
 3.7153124999999996E+01     3.4688779276590476E-02
 3.7209375000000001E+01     3.5406243409097198E-02
 3.7265625000000000E+01     3.6194282344619452E-02
 3.7321874999999999E+01     3.7049138072328472E-02
 3.7378124999999997E+01     3.7967399979081724E-02
 3.7434374999999996E+01     3.8946012095832434E-02
 3.7490625000000001E+01     3.9982276000091646E-02
 3.7546875000000000E+01     4.1073849331947541E-02
 3.7603124999999999E+01     4.2218739953981031E-02
 3.7659374999999997E+01     4.3415295862801510E-02
 3.7715624999999996E+01     4.4662191038303531E-02
 3.7771875000000001E+01     4.5958407493381023E-02
 3.7828125000000000E+01     4.7303213858582945E-02
 3.7884374999999999E+01     4.8696140900933951E-02
 3.7940624999999997E+01     5.0136954431114239E-02
 3.7996874999999996E+01     5.1625626096850188E-02
 3.8053125000000001E+01     5.3162302591680179E-02
 3.8109375000000000E+01     5.4747273825234387E-02
 3.8165624999999999E+01     5.6380940604918106E-02
 3.8221874999999997E+01     5.8063782368322742E-02
 3.8278124999999996E+01     5.9796325482320500E-02
 3.8334375000000001E+01     6.1579112589352232E-02
 3.8390625000000000E+01     6.3412673435853703E-02
 3.8446874999999999E+01     6.5297497563624227E-02
 3.8503124999999997E+01     6.7234009184718363E-02
 3.8559374999999996E+01     6.9222544496179816E-02
 3.8615625000000001E+01     7.1263331625145324E-02
 3.8671875000000000E+01     7.3356473329358948E-02
 3.8728124999999999E+01     7.5501932515488687E-02
 3.8784374999999997E+01     7.7699520579005907E-02
 3.8840624999999996E+01     7.9948888516550437E-02
 3.8896875000000001E+01     8.2249520715746732E-02
 3.8953125000000000E+01     8.4600731288667741E-02
 3.9009374999999999E+01     8.7001662784444461E-02
 3.9065624999999997E+01     8.9451287093307505E-02
 3.9121874999999996E+01     9.1948408338793891E-02
 3.9178125000000001E+01     9.4491667546110922E-02
 3.9234375000000000E+01     9.7079548871966612E-02
 3.9290624999999999E+01     9.9710387183898658E-02
 3.9346874999999997E+01     1.0238237678398777E-01
 3.9403124999999996E+01     1.0509358108197026E-01
 3.9459375000000001E+01     1.0784194303517068E-01
 3.9515625000000000E+01     1.1062529618650610E-01
 3.9571874999999999E+01     1.1344137614562774E-01
 3.9628124999999997E+01     1.1628783237229051E-01
 3.9684374999999996E+01     1.1916224013333482E-01
 3.9740625000000001E+01     1.2206211251573601E-01
 3.9796875000000000E+01     1.2498491238653099E-01
 3.9853124999999999E+01     1.2792806419664551E-01
 3.9909374999999997E+01     1.3088896552844215E-01
 3.9965624999999996E+01     1.3386499828655760E-01
 4.0021875000000001E+01     1.3685353942832901E-01
 4.0078125000000000E+01     1.3985197112305142E-01
 4.0134374999999999E+01     1.4285769021959085E-01
 4.0190624999999997E+01     1.4586811688878362E-01
 4.0246874999999996E+01     1.4888070229172687E-01
 4.0303125000000001E+01     1.5189293510766083E-01
 4.0359375000000000E+01     1.5490234673641434E-01
 4.0415624999999999E+01     1.5790651497133662E-01
 4.0471874999999997E+01     1.6090306592038381E-01
 4.0528124999999996E+01     1.6388967393658735E-01
 4.0584375000000001E+01     1.6686405930642501E-01
 4.0640625000000000E+01     1.6982398343668592E-01
 4.0696874999999999E+01     1.7276724127938295E-01
 4.0753124999999997E+01     1.7569165074176549E-01
 4.0809374999999996E+01     1.7859503884595565E-01
 4.0865625000000001E+01     1.8147522443239883E-01
 4.0921875000000000E+01     1.8432999724386237E-01
 4.0978124999999999E+01     1.8715709328381272E-01
 4.1034374999999997E+01     1.8995416641525004E-01
 4.1090624999999996E+01     1.9271875625313861E-01
 4.1146875000000001E+01     1.9544825250609513E-01
 4.1203125000000000E+01     1.9813985603897669E-01
 4.1259374999999999E+01     2.0079053705639832E-01
 4.1315624999999997E+01     2.0339699094545707E-01
 4.1371874999999996E+01     2.0595559246100098E-01
 4.1428125000000001E+01     2.0846234908523242E-01
 4.1484375000000000E+01     2.1091285454120751E-01
 4.1540624999999999E+01     2.1330224358167149E-01
 4.1596874999999997E+01     2.1562514930663418E-01
 4.1653124999999996E+01     2.1787566437832018E-01
 4.1709375000000001E+01     2.2004730759598604E-01
 4.1765625000000000E+01     2.2213299735795439E-01
 4.1821874999999999E+01     2.2412503356817498E-01
 4.1878124999999997E+01     2.2601508953164617E-01
 4.1934374999999996E+01     2.2779421531978689E-01
 4.1990625000000001E+01     2.2945285396560902E-01
 4.2046875000000000E+01     2.3098087166161985E-01
 4.2103124999999999E+01     2.3236760287470026E-01
 4.2159374999999997E+01     2.3360191095742477E-01
 4.2215624999999996E+01     2.3467226442271022E-01
 4.2271875000000001E+01     2.3556682856273523E-01
 4.2328125000000000E+01     2.3627357154156653E-01
 4.2384374999999999E+01     2.3678038349078021E-01
 4.2440624999999997E+01     2.3707520651235459E-01
 4.2496874999999996E+01     2.3714617287347800E-01
 4.2553125000000001E+01     2.3698174810266923E-01
 4.2609375000000000E+01     2.3657087520692566E-01
 4.2665624999999999E+01     2.3590311586957458E-01
 4.2721874999999997E+01     2.3496878429819151E-01
 4.2778124999999996E+01     2.3375906940503022E-01
 4.2834375000000001E+01     2.3226614123891098E-01
 4.2890625000000000E+01     2.3048323805303353E-01
 4.2946874999999999E+01     2.2840473107245227E-01
 4.3003124999999997E+01     2.2602616488564242E-01
 4.3059374999999996E+01     2.2334427237465401E-01
 4.3115625000000001E+01     2.2035696415382883E-01
 4.3171875000000000E+01     2.1706329353583381E-01
 4.3228124999999999E+01     2.1346339901413572E-01
 4.3284374999999997E+01     2.0955842707905870E-01
 4.3340624999999996E+01     2.0535043881977302E-01
 4.3396875000000001E+01     2.0084230417680266E-01
 4.3453125000000000E+01     1.9603758788846790E-01
 4.3509374999999999E+01     1.9094043113060671E-01
 4.3565624999999997E+01     1.8555543261016755E-01
 4.3621874999999996E+01     1.7988753247905118E-01
 4.3678125000000001E+01     1.7394190193148557E-01
 4.3734375000000000E+01     1.6772384078340596E-01
 4.3790624999999999E+01     1.6123868474799019E-01
 4.3846874999999997E+01     1.5449172355439947E-01
 4.3903124999999996E+01     1.4748813053286158E-01
 4.3959375000000001E+01     1.4023290382768863E-01
 4.4015625000000000E+01     1.3274944504673281E-01
 4.4071874999999999E+01     1.2539529665045202E-01
 4.4128124999999997E+01     1.1832524102664717E-01
 4.4184374999999996E+01     1.1152796440975511E-01
 4.4240625000000001E+01     1.0496014371630645E-01
 4.4296875000000000E+01     9.8557922007288856E-02
 4.4353124999999999E+01     9.2243292411209640E-02
 4.4409374999999997E+01     8.5928219985693138E-02
 4.4465624999999996E+01     7.9518567712003191E-02
 4.4521875000000001E+01     7.2918708455729758E-02
 4.4578125000000000E+01     6.6036937716850597E-02
 4.4634374999999999E+01     5.8791377712248051E-02
 4.4690624999999997E+01     5.1115671012053963E-02
 4.4746874999999996E+01     4.2963272489261087E-02
 4.4803125000000001E+01     3.4308741561761120E-02
 4.4859375000000000E+01     2.5144475063398116E-02
 4.4915624999999999E+01     1.5472074522815966E-02
 4.4971874999999997E+01     5.2889518392103202E-03
