# n_row: 16
# col                       real                       imag
    0    -6.3658885994286925E-03    -1.0688746450691636E-02
    1    -4.0566167361823585E-02     7.2914526912875546E-02
    2    -3.5718665005764406E-02     3.0987325108073067E-02
    3     2.1800769470188859E-04    -3.0993961477237086E-03
    4    -1.7832802968628152E-02    -1.5998993941301252E-02
    5    -1.0119744225240968E-01     3.4035712960827352E-01
    6    -3.8672329383259774E-01    -4.7457293318541149E-01
    7    -4.2050013805112179E-03    -2.2165031513114830E-02
    8     6.2810439095835752E-03    -1.9396234196116927E-02
    9     5.6207634477137147E-01    -1.9131569269591511E-01
   10     1.5042923900856642E-03     3.5693161423058167E-01
   11     2.5703073333733253E-02    -2.5395988981659423E-03
   12    -6.1509340747949669E-04    -4.7698421191565187E-03
   13    -2.2222539522539400E-02    -4.1038762136898194E-02
   14    -1.4627035268378335E-02     7.1396770183502087E-02
   15     1.2913766266156397E-02    -3.0433090329189057E-04
