#                  time                       real
 1.2506250000000002E-02    -1.3735745663740343E-02
 3.7518750000000003E-02    -4.4621843627278383E-02
 6.2531249999999997E-02    -7.9886905002929345E-02
 8.7543750000000004E-02    -1.1941531465530203E-01
 1.1255625000000000E-01    -1.6316832695918412E-01
 1.3756874999999999E-01    -2.1114742495477451E-01
 1.6258125000000001E-01    -2.6335397930427901E-01
 1.8759375000000000E-01    -3.1974616676417156E-01
 2.1260625000000000E-01    -3.8019448945697609E-01
 2.3761874999999999E-01    -4.4443770075054934E-01
 2.6263124999999998E-01    -5.1204148600601040E-01
 2.8764374999999998E-01    -5.8236283185224469E-01
 3.1265625000000002E-01    -6.5452357163115316E-01
 3.3766875000000002E-01    -7.2739699873437957E-01
 3.6268125000000001E-01    -7.9961153531265350E-01
 3.8769375000000000E-01    -8.6957505063560614E-01
 4.1270625000000000E-01    -9.3552237267892957E-01
 4.3771874999999999E-01    -9.9558672227941747E-01
 4.6273124999999998E-01    -1.0478932376100509E+00
 4.8774374999999998E-01    -1.0906696408107590E+00
 5.1275625000000002E-01    -1.1223658263109801E+00
 5.3776875000000002E-01    -1.1417713030328569E+00
 5.6278125000000001E-01    -1.1481176775458364E+00
 5.8779375000000000E-01    -1.1411533443652107E+00
 6.1280625000000011E-01    -1.1211796330173913E+00
 6.3781875000000010E-01    -1.0890418191631457E+00
 6.6283125000000009E-01    -1.0460741144974925E+00
 6.8784375000000009E-01    -9.9400403994318676E-01
 7.1285625000000008E-01    -9.3482724706024378E-01
 7.3786875000000007E-01    -8.7066772911564816E-01
 7.6288125000000007E-01    -8.0363967240379897E-01
 7.8789375000000006E-01    -7.3572574739836705E-01
 8.1290625000000005E-01    -6.6868287303713203E-01
 8.3791875000000005E-01    -6.0398134550273008E-01
 8.6293125000000004E-01    -5.4277785915092125E-01
 8.8794375000000003E-01    -4.8591841208326547E-01
 9.1295625000000002E-01    -4.3396407957369287E-01
 9.3796875000000002E-01    -3.8723138835572318E-01
 9.6298125000000001E-01    -3.4583934165438429E-01
 9.8799375000000000E-01    -3.0975655847973621E-01
 1.0130062499999999E+00    -2.7868215317784650E-01
 1.0380187500000000E+00    -2.5136102286485007E-01
 1.0630312499999999E+00    -2.2716877983807360E-01
 1.0880437500000000E+00    -2.0569756225826422E-01
 1.1130562499999999E+00    -1.8660656824188965E-01
 1.1380687500000000E+00    -1.6960920893719306E-01
 1.1630812499999998E+00    -1.5446292009367305E-01
 1.1880937499999999E+00    -1.4096106426929378E-01
 1.2131062500000001E+00    -1.2892647838495092E-01
 1.2381187499999999E+00    -1.1820631741023438E-01
 1.2631312500000000E+00    -1.0866792023299732E-01
 1.2881437499999999E+00    -1.0019548272594780E-01
 1.3131562500000000E+00    -9.2687369202796910E-02
 1.3381687499999999E+00    -8.6053929635091619E-02
 1.3631812500000000E+00    -8.0215718353031179E-02
 1.3881937499999999E+00    -7.5102032180741476E-02
 1.4132062500000000E+00    -7.0649703393710322E-02
 1.4382187499999999E+00    -6.6802096572182904E-02
 1.4632312500000000E+00    -6.3508269174420789E-02
 1.4882437499999999E+00    -6.0722264101569938E-02
 1.5132562500000000E+00    -5.8402509168734316E-02
 1.5382687499999999E+00    -5.6511303622023383E-02
 1.5632812500000000E+00    -5.5014375951628156E-02
 1.5882937499999998E+00    -5.3880500484378702E-02
 1.6133062499999999E+00    -5.3081162781881221E-02
 1.6383187500000000E+00    -5.2590265867003980E-02
 1.6633312499999999E+00    -5.2383870871042355E-02
 1.6883437500000000E+00    -5.2439966922533068E-02
 1.7133562499999999E+00    -5.2738266063481282E-02
 1.7383687500000000E+00    -5.3260019734169176E-02
 1.7633812499999999E+00    -5.3987853959802767E-02
 1.7883937500000000E+00    -5.4905620838581998E-02
 1.8134062499999999E+00    -5.5998264299076402E-02
 1.8384187500000000E+00    -5.7251698388376931E-02
 1.8634312499999999E+00    -5.8652696589023272E-02
 1.8884437500000000E+00    -6.0188790857543133E-02
 1.9134562499999999E+00    -6.1848179238198346E-02
 1.9384687500000000E+00    -6.3619641044620798E-02
 1.9634812499999998E+00    -6.5492458720783644E-02
 1.9884937499999999E+00    -6.7456345599582995E-02
 2.0135062499999998E+00    -6.9501378871356434E-02
 2.0385187500000002E+00    -7.1617937161306044E-02
 2.0635312500000000E+00    -7.3796642192041947E-02
 2.0885437499999999E+00    -7.6028304078882517E-02
 2.1135562499999998E+00    -7.8303869868783016E-02
 2.1385687500000001E+00    -8.0614374991840279E-02
 2.1635812500000000E+00    -8.2950897344579763E-02
 2.1885937499999999E+00    -8.5304513769489221E-02
 2.2136062499999998E+00    -8.7666258733717264E-02
 2.2386187500000001E+00    -9.0027085043039606E-02
 2.2636312500000000E+00    -9.2377826455202594E-02
 2.2886437499999999E+00    -9.4709162079956513E-02
 2.3136562499999997E+00    -9.7011582471948909E-02
 2.3386687500000001E+00    -9.9275357338826031E-02
 2.3636812500000000E+00    -1.0149050479877342E-01
 2.3886937499999998E+00    -1.0364676213253865E-01
 2.4137062500000002E+00    -1.0573355798331541E-01
 2.4387187500000000E+00    -1.0773998596511744E-01
 2.4637312499999999E+00    -1.0965477964671330E-01
 2.4887437499999998E+00    -1.1146628888392920E-01
 2.5137562500000001E+00    -1.1316245747942213E-01
 2.5387687500000000E+00    -1.1473080215426401E-01
 2.5637812499999999E+00    -1.1615839282252283E-01
 2.5887937499999998E+00    -1.1743183416598767E-01
 2.6138062500000001E+00    -1.1853724851368132E-01
 2.6388187500000000E+00    -1.1946026003803015E-01
 2.6638312499999999E+00    -1.2018598028782833E-01
 2.6888437499999998E+00    -1.2069899508647418E-01
 2.7138562500000001E+00    -1.2098335283342378E-01
 2.7388687500000000E+00    -1.2102255425595304E-01
 2.7638812499999998E+00    -1.2079954366893914E-01
 2.7888937499999997E+00    -1.2029670181084755E-01
 2.8139062500000001E+00    -1.1949584033555075E-01
 2.8389187499999999E+00    -1.1837819805195895E-01
 2.8639312499999998E+00    -1.1692443901632552E-01
 2.8889437500000001E+00    -1.1511465259676740E-01
 2.9139562500000000E+00    -1.1292835564491953E-01
 2.9389687499999999E+00    -1.1034449692757584E-01
 2.9639812499999998E+00    -1.0734146399079707E-01
 2.9889937500000001E+00    -1.0389709265167574E-01
 3.0140062500000000E+00    -9.9988679338878075E-02
 3.0390187499999999E+00    -9.5592996533155089E-02
 3.0640312499999998E+00    -9.0686311594340457E-02
 3.0890437500000001E+00    -8.5244409301342763E-02
 3.1140562500000000E+00    -7.9242618480258736E-02
 3.1390687499999999E+00    -7.2655843150920676E-02
 3.1640812499999997E+00    -6.5458598687664057E-02
 3.1890937500000001E+00    -5.7625053565434944E-02
 3.2141062499999999E+00    -4.9129077351032002E-02
 3.2391187499999998E+00    -3.9944295701059070E-02
 3.2641312500000002E+00    -3.0044153246252980E-02
 3.2891437500000000E+00    -1.9401985375910799E-02
 3.3141562499999999E+00    -7.9911000915136345E-03
 3.3391687499999998E+00     4.2151287269903658E-03
 3.3641812500000001E+00     1.7243155101996789E-02
 3.3891937500000000E+00     3.1119140024673093E-02
 3.4142062499999999E+00     4.5868813801282389E-02
 3.4392187499999998E+00     6.1517319404134088E-02
 3.4642312500000001E+00     7.8089034260992188E-02
 3.4892437500000000E+00     9.5607367602192656E-02
 3.5142562499999999E+00     1.1409453015535831E-01
 3.5392687499999997E+00     1.3357127263544769E-01
 3.5642812500000001E+00     1.5405658913563108E-01
 3.5892937499999999E+00     1.7556738119060605E-01
 3.6143062499999998E+00     1.9811807797910930E-01
 3.6393187500000002E+00     2.2172020816877783E-01
 3.6643312500000000E+00     2.4638547924953971E-01
 3.6893437499999999E+00     2.7213412039512141E-01
 3.7143562499999998E+00     2.9898461367943691E-01
 3.7393687500000001E+00     3.2695040711026169E-01
 3.7643812500000000E+00     3.5603926456049900E-01
 3.7893937499999999E+00     3.8625252860639270E-01
 3.8144062499999998E+00     4.1758429417201504E-01
 3.8394187500000001E+00     4.5002049243502651E-01
 3.8644312500000000E+00     4.8353788668222286E-01
 3.8894437499999999E+00     5.1810298483272454E-01
 3.9144562499999997E+00     5.5367087727866260E-01
 3.9394687500000001E+00     5.9018401363375250E-01
 3.9644812500000000E+00     6.2757093799703068E-01
 3.9894937499999998E+00     6.6574500947182613E-01
 4.0145062500000002E+00     7.0460314288368076E-01
 4.0395187500000000E+00     7.4402461378926388E-01
 4.0645312500000008E+00     7.8386998168606814E-01
 4.0895437500000007E+00     8.2398019540958800E-01
 4.1145562500000006E+00     8.6417595441371942E-01
 4.1395687500000005E+00     9.0425740815576161E-01
 4.1645812500000003E+00     9.4400428210348175E-01
 4.1895937500000002E+00     9.8317652172755454E-01
 4.2146062500000001E+00     1.0215155438785974E+00
 4.2396187500000000E+00     1.0587461767864230E+00
 4.2646312500000008E+00     1.0945793543069964E+00
 4.2896437500000006E+00     1.1287156060418335E+00
 4.3146562500000005E+00     1.1608493521893797E+00
 4.3396687500000004E+00     1.1906739708720162E+00
 4.3646812500000003E+00     1.2178875576492234E+00
 4.3896937500000002E+00     1.2421992445217032E+00
 4.4147062500000001E+00     1.2633358926637805E+00
 4.4397187500000008E+00     1.2810489240230092E+00
 4.4647312500000007E+00     1.2951210170294929E+00
 4.4897437500000006E+00     1.3053723661818537E+00
 4.5147562500000005E+00     1.3116661987419733E+00
 4.5397687500000004E+00     1.3139132572679815E+00
 4.5647812500000002E+00     1.3120749952247737E+00
 4.5897937500000001E+00     1.3061652929536778E+00
 4.6148062500000000E+00     1.2962505787840175E+00
 4.6398187500000008E+00     1.2824483287636383E+00
 4.6648312500000007E+00     1.2649240105823927E+00
 4.6898437500000005E+00     1.2438866244561504E+00
 4.7148562500000004E+00     1.2195830682828501E+00
 4.7398687500000003E+00     1.1922916100982188E+00
 4.7648812500000002E+00     1.1623147838383929E+00
 4.7898937500000001E+00     1.1299720334180898E+00
 4.8149062500000008E+00     1.0955924164590478E+00
 4.8399187500000007E+00     1.0595076461352551E+00
 4.8649312500000006E+00     1.0220457024750766E+00
 4.8899437500000005E+00     9.8352518871165373E-01
 4.9149562500000004E+00     9.4425054948668330E-01
 4.9399687500000002E+00     9.0450821079340238E-01
 4.9649812500000001E+00     8.6456365035513549E-01
 4.9899937500000000E+00     8.2465936426086928E-01
 5.0150062500000008E+00     7.8501366248226645E-01
 5.0400187500000007E+00     7.4582020263268511E-01
 5.0650312500000005E+00     7.0724815740950464E-01
 5.0900437500000004E+00     6.6944290540233486E-01
 5.1150562500000003E+00     6.3252713585611675E-01
 5.1400687500000002E+00     5.9660226392553817E-01
 5.1650812500000001E+00     5.6175006240519010E-01
 5.1900937500000000E+00     5.2803442747459972E-01
 5.2151062500000007E+00     4.9550320851387653E-01
 5.2401187500000006E+00     4.6419004462167129E-01
 5.2651312500000005E+00     4.3411616244840484E-01
 5.2901437500000004E+00     4.0529210090645079E-01
 5.3151562500000002E+00     3.7771933798640434E-01
 5.3401687500000001E+00     3.5139180317763252E-01
 5.3651812500000000E+00     3.2629726586879371E-01
 5.3901937500000008E+00     3.0241859565361290E-01
 5.4152062500000007E+00     2.7973489481324015E-01
 5.4402187500000005E+00     2.5822250653067486E-01
 5.4652312500000004E+00     2.3785579457348272E-01
 5.4902437500000003E+00     2.1860063778274355E-01
 5.5152562500000002E+00     2.0041054609656817E-01
 5.5402687500000001E+00     1.8323802791491145E-01
 5.5652812500000000E+00     1.6703607619671421E-01
 5.5902937500000007E+00     1.5175849723503043E-01
 5.6153062500000006E+00     1.3736017724277502E-01
 5.6403187500000005E+00     1.2379729429769415E-01
 5.6653312500000004E+00     1.1102748271537748E-01
 5.6903437500000003E+00     9.9009956368936641E-02
 5.7153562500000001E+00     8.7705596887410808E-02
 5.7403687500000000E+00     7.7077012073099013E-02
 5.7653812500000008E+00     6.7088569296404943E-02
 5.7903937500000007E+00     5.7706408072425192E-02
 5.8154062500000006E+00     4.8898435502492017E-02
 5.8404187500000004E+00     4.0634307782114513E-02
 5.8654312500000003E+00     3.2885400538083476E-02
 5.8904437500000002E+00     2.5624770358887057E-02
 5.9154562500000001E+00     1.8827109527618825E-02
 5.9404687500000000E+00     1.2468695649252681E-02
 5.9654812500000007E+00     6.5273375847517759E-03
 5.9904937500000006E+00     9.8231885918208294E-04
 6.0155062500000005E+00    -4.1856605030406490E-03
 6.0405187500000004E+00    -8.9945429488843300E-03
 6.0655312500000003E+00    -1.3460972566222080E-02
 6.0905437500000001E+00    -1.7600353983308725E-02
 6.1155562500000000E+00    -2.1426910646448145E-02
 6.1405687500000008E+00    -2.4953742224362200E-02
 6.1655812500000007E+00    -2.8192880971943585E-02
 6.1905937500000006E+00    -3.1155346956507322E-02
 6.2156062500000004E+00    -3.3851202108933033E-02
 6.2406187500000003E+00    -3.6289603109973888E-02
 6.2656312500000002E+00    -3.8478853161751855E-02
 6.2906437500000001E+00    -4.0426452725938082E-02
 6.3156562500000000E+00    -4.2139149334836097E-02
 6.3406687500000007E+00    -4.3622986600586312E-02
 6.3656812500000006E+00    -4.4883352561382872E-02
 6.3906937500000005E+00    -4.5925027512595917E-02
 6.4157062500000004E+00    -4.6752231476447456E-02
 6.4407187500000003E+00    -4.7368671464939380E-02
 6.4657312500000002E+00    -4.7777588689893909E-02
 6.4907437500000000E+00    -4.7981805869329194E-02
 6.5157562500000008E+00    -4.7983774772882126E-02
 6.5407687500000007E+00    -4.7785624139583947E-02
 6.5657812500000006E+00    -4.7389208089933764E-02
 6.5907937500000005E+00    -4.6796155140835620E-02
 6.6158062500000003E+00    -4.6007917916379690E-02
 6.6408187500000002E+00    -4.5025823630161659E-02
 6.6658312500000001E+00    -4.3851125395549556E-02
 6.6908437500000000E+00    -4.2485054399457205E-02
 6.7158562500000007E+00    -4.0928872952499827E-02
 6.7408687500000006E+00    -3.9183928404018187E-02
 6.7658812500000005E+00    -3.7251707884515040E-02
 6.7908937500000004E+00    -3.5133893811175300E-02
 6.8159062500000003E+00    -3.2832420062438521E-02
 6.8409187500000002E+00    -3.0349528698706659E-02
 6.8659312500000000E+00    -2.7687827074158136E-02
 6.8909437500000008E+00    -2.4850345153315832E-02
 6.9159562500000007E+00    -2.1840592812802331E-02
 6.9409687500000006E+00    -1.8662616875746076E-02
 6.9659812500000005E+00    -1.5321057593073270E-02
 6.9909937500000003E+00    -1.1821204252345048E-02
 7.0160062500000002E+00    -8.1690495628387021E-03
 7.0410187500000001E+00    -4.3713424335936595E-03
 7.0660312500000000E+00    -4.3563873160023755E-04
 7.0910437500000008E+00     3.6296504209144022E-03
 7.1160562500000006E+00     7.8152132759148531E-03
 7.1410687500000005E+00     1.2110795503590361E-02
 7.1660812500000004E+00     1.6505162156123142E-02
 7.1910937500000003E+00     2.0986064069987501E-02
 7.2161062500000002E+00     2.5540209231668613E-02
 7.2411187500000000E+00     3.0153239633897624E-02
 7.2661312500000008E+00     3.4809714141986269E-02
 7.2911437500000007E+00     3.9493666277756787E-02
 7.3161562500000006E+00     4.4196852232612042E-02
 7.3411687500000005E+00     4.8916908299751580E-02
 7.3661812500000003E+00     5.3650645088817492E-02
 7.3911937500000002E+00     5.8393931411678854E-02
 7.4162062500000001E+00     6.3141765716854065E-02
 7.4412187500000000E+00     6.7888346623272644E-02
 7.4662312500000008E+00     7.2627142959745816E-02
 7.4912437500000006E+00     7.7350963582659110E-02
 7.5162562500000005E+00     8.2052027135962102E-02
 7.5412687500000004E+00     8.6722031826928253E-02
 7.5662812500000003E+00     9.1352225219018993E-02
 7.5912937500000002E+00     9.5933473980365350E-02
 7.6163062500000001E+00     1.0045633347684578E-01
 7.6413187500000008E+00     1.0491111705559054E-01
 7.6663312500000007E+00     1.0928796482994391E-01
 7.6913437500000006E+00     1.1357691174861917E-01
 7.7163562500000005E+00     1.1776795470772453E-01
 7.7413687500000004E+00     1.2185111844774117E-01
 7.7663812500000002E+00     1.2581651996287846E-01
 7.7913937500000001E+00     1.2965443114254338E-01
 7.8164062500000000E+00     1.3335533935944641E-01
 7.8414187500000008E+00     1.3691000571853471E-01
 7.8664312500000007E+00     1.4030952068436381E-01
 7.8914437500000005E+00     1.4354535681173705E-01
 7.9164562500000004E+00     1.4660941831491173E-01
 7.9414687500000003E+00     1.4949408722530344E-01
 7.9664812500000002E+00     1.5219226590448237E-01
 7.9914937500000001E+00     1.5469741570029155E-01
 8.0165062499999991E+00     1.5700359155650098E-01
 8.0415187499999998E+00     1.5910547241257778E-01
 8.0665312499999988E+00     1.6099838725719084E-01
 8.0915437499999996E+00     1.6267833672929927E-01
 8.1165562500000004E+00     1.6414201019081237E-01
 8.1415687499999994E+00     1.6538679822722491E-01
 8.1665812500000001E+00     1.6641080056448501E-01
 8.1915937499999991E+00     1.6721282942348004E-01
 8.2166062499999999E+00     1.6779240836510212E-01
 8.2416187499999989E+00     1.6814976671119647E-01
 8.2666312499999997E+00     1.6828582965673131E-01
 8.2916437499999986E+00     1.6820220421809004E-01
 8.3166562499999994E+00     1.6790116118976212E-01
 8.3416687500000002E+00     1.6738561330731561E-01
 8.3666812499999992E+00     1.6665908983800606E-01
 8.3916937500000000E+00     1.6572570784116286E-01
 8.4167062499999989E+00     1.6459014035928562E-01
 8.4417187499999997E+00     1.6325758181643318E-01
 8.4667312499999987E+00     1.6173371091414071E-01
 8.4917437499999995E+00     1.6002465132526919E-01
 8.5167562500000003E+00     1.5813693049504629E-01
 8.5417687499999992E+00     1.5607743686351949E-01
 8.5667812500000000E+00     1.5385337582756667E-01
 8.5917937499999990E+00     1.5147222476140321E-01
 8.6168062499999998E+00     1.4894168741373506E-01
 8.6418187499999988E+00     1.4626964799710074E-01
 8.6668312499999995E+00     1.4346412528037578E-01
 8.6918437500000003E+00     1.4053322698957924E-01
 8.7168562499999993E+00     1.3748510481498910E-01
 8.7418687500000001E+00     1.3432791031418434E-01
 8.7668812499999991E+00     1.3106975199135029E-01
 8.7918937499999998E+00     1.2771865382290032E-01
 8.8169062499999988E+00     1.2428251548876747E-01
 8.8419187499999996E+00     1.2076907455683998E-01
 8.8669312500000004E+00     1.1718587085613033E-01
 8.8919437499999994E+00     1.1354021326149025E-01
 8.9169562500000001E+00     1.0983914909936379E-01
 8.9419687499999991E+00     1.0608943637064777E-01
 8.9669812499999999E+00     1.0229751897237058E-01
 8.9919937499999989E+00     9.8469505085328646E-02
 9.0170062499999997E+00     9.4611148879778229E-02
 9.0420187499999987E+00     9.0727835675391541E-02
 9.0670312499999994E+00     8.6824570675881299E-02
 9.0920437500000002E+00     8.2905971381720608E-02
 9.1170562499999992E+00     7.8975646522057769E-02
 9.1420687500000000E+00     7.5033081423094686E-02
 9.1670812499999990E+00     7.1075989373349205E-02
 9.1920937499999997E+00     6.7101732684714907E-02
 9.2171062499999987E+00     6.3107354485250455E-02
 9.2421187499999995E+00     5.9089607166054797E-02
 9.2671312500000003E+00     5.5044980302730299E-02
 9.2921437499999993E+00     5.0969728285609618E-02
 9.3171562500000000E+00     4.6859897785632633E-02
 9.3421687499999990E+00     4.2711355112518716E-02
 9.3671812499999998E+00     3.8519813475199796E-02
 9.3921937499999988E+00     3.4280860123071452E-02
 9.4172062499999996E+00     2.9989983326635959E-02
 9.4422187500000003E+00     2.5642599141556855E-02
 9.4672312499999993E+00     2.1234077892095766E-02
 9.4922437500000001E+00     1.6759770303778079E-02
 9.5172562499999991E+00     1.2215033212370621E-02
 9.5422687499999999E+00     7.5952547752311328E-03
 9.5672812499999988E+00     2.8958791109601409E-03
 9.5922937499999996E+00    -1.8875697047495018E-03
 9.6173062500000004E+00    -6.7594643572146812E-03
 9.6423187499999994E+00    -1.1724051791111766E-02
 9.6673312500000002E+00    -1.6785431551938901E-02
 9.6923437499999991E+00    -2.1947535028402680E-02
 9.7173562499999999E+00    -2.7214105648198685E-02
 9.7423687499999989E+00    -3.2588680074364093E-02
 9.7673812499999997E+00    -3.8074570442182369E-02
 9.7923937499999987E+00    -4.3674847670725783E-02
 9.8174062499999994E+00    -4.9392325875185598E-02
 9.8424187500000002E+00    -5.5229547898745714E-02
 9.8674312499999992E+00    -6.1188771974433523E-02
 9.8924437500000000E+00    -6.7271959518882471E-02
 9.9174562499999990E+00    -7.3480764050940187E-02
 9.9424687499999997E+00    -7.9816521218491726E-02
 9.9674812499999987E+00    -8.6280239907440617E-02
 9.9924937499999995E+00    -9.2872594396006036E-02
 1.0017506250000000E+01    -9.9593917507809007E-02
 1.0042518749999999E+01    -1.0644419470576705E-01
 1.0067531250000000E+01    -1.1342305905842190E-01
 1.0092543749999999E+01    -1.2052978699916707E-01
 1.0117556250000000E+01    -1.2776329478767895E-01
 1.0142568749999999E+01    -1.3512213557264199E-01
 1.0167581250000000E+01    -1.4260449694386790E-01
 1.0192593750000000E+01    -1.5020819885276265E-01
 1.0217606249999999E+01    -1.5793069177052421E-01
 1.0242618750000000E+01    -1.6576905494636637E-01
 1.0267631249999999E+01    -1.7371999462118926E-01
 1.0292643750000000E+01    -1.8177984204760045E-01
 1.0317656249999999E+01    -1.8994455116510259E-01
 1.0342668750000000E+01    -1.9820969577861056E-01
 1.0367681249999999E+01    -2.0657046609211754E-01
 1.0392693749999999E+01    -2.1502166445474549E-01
 1.0417706250000000E+01    -2.2355770018675031E-01
 1.0442718749999999E+01    -2.3217258336618180E-01
 1.0467731250000000E+01    -2.4085991747519161E-01
 1.0492743749999999E+01    -2.4961289082711494E-01
 1.0517756250000000E+01    -2.5842426672221624E-01
 1.0542768749999999E+01    -2.6728637231198671E-01
 1.0567781249999999E+01    -2.7619108618751514E-01
 1.0592793750000000E+01    -2.8512982474850906E-01
 1.0617806249999999E+01    -2.9409352745396128E-01
 1.0642818750000000E+01    -3.0307264110392135E-01
 1.0667831249999999E+01    -3.1205710335303083E-01
 1.0692843750000000E+01    -3.2103632570981311E-01
 1.0717856249999999E+01    -3.2999917633057735E-01
 1.0742868750000000E+01    -3.3893396297057898E-01
 1.0767881250000000E+01    -3.4782841650877105E-01
 1.0792893749999999E+01    -3.5666967551168716E-01
 1.0817906250000000E+01    -3.6544427234780691E-01
 1.0842918749999999E+01    -3.7413812140209501E-01
 1.0867931250000000E+01    -3.8273650997071862E-01
 1.0892943749999999E+01    -3.9122409243625961E-01
 1.0917956250000000E+01    -3.9958489111273310E-01
 1.0942968750000000E+01    -4.0780389468132894E-01
 1.0967981249999999E+01    -4.1586974420373113E-01
 1.0992993750000000E+01    -4.2377119231086335E-01
 1.1018006249999999E+01    -4.3149643537525162E-01
 1.1043018750000000E+01    -4.3903315571201978E-01
 1.1068031249999999E+01    -4.4636856754467202E-01
 1.1093043750000000E+01    -4.5348946835602111E-01
 1.1118056249999999E+01    -4.6038229676244907E-01
 1.1143068749999999E+01    -4.6703319766821383E-01
 1.1168081250000000E+01    -4.7342809513247608E-01
 1.1193093749999999E+01    -4.7955277308691624E-01
 1.1218106250000000E+01    -4.8539296376621793E-01
 1.1243118749999999E+01    -4.9093444344991211E-01
 1.1268131250000000E+01    -4.9616313486221097E-01
 1.1293143749999999E+01    -5.0106521533886206E-01
 1.1318156249999999E+01    -5.0562722964856566E-01
 1.1343168750000000E+01    -5.0983620615804859E-01
 1.1368181249999999E+01    -5.1367977485712202E-01
 1.1393193750000000E+01    -5.1714628561947540E-01
 1.1418206249999999E+01    -5.2022492497036676E-01
 1.1443218750000000E+01    -5.2290582956779219E-01
 1.1468231249999999E+01    -5.2518019458276388E-01
 1.1493243750000000E+01    -5.2704037518733027E-01
 1.1518256250000000E+01    -5.2847997942869029E-01
 1.1543268749999999E+01    -5.2949395088072182E-01
 1.1568281250000000E+01    -5.3007863962041590E-01
 1.1593293749999999E+01    -5.3023186027041014E-01
 1.1618306250000000E+01    -5.2995293607589933E-01
 1.1643318749999999E+01    -5.2924272823851015E-01
 1.1668331250000000E+01    -5.2810365000229409E-01
 1.1693343750000000E+01    -5.2653966527287477E-01
 1.1718356249999999E+01    -5.2455627183826703E-01
 1.1743368750000000E+01    -5.2216046954364248E-01
 1.1768381249999999E+01    -5.1936071404267437E-01
 1.1793393750000000E+01    -5.1616685699791720E-01
 1.1818406249999999E+01    -5.1259007382716315E-01
 1.1843418750000000E+01    -5.0864278028327636E-01
 1.1868431249999999E+01    -5.0433853931206984E-01
 1.1893443749999999E+01    -4.9969195974931735E-01
 1.1918456250000000E+01    -4.9471858849614009E-01
 1.1943468749999999E+01    -4.8943479784988969E-01
 1.1968481250000000E+01    -4.8385766966770083E-01
 1.1993493749999999E+01    -4.7800487800416835E-01
 1.2018506250000000E+01    -4.7189457179668592E-01
 1.2043518749999999E+01    -4.6554525907606847E-01
 1.2068531249999999E+01    -4.5897569406076566E-01
 1.2093543750000000E+01    -4.5220476835562518E-01
 1.2118556249999999E+01    -4.4525140732469781E-01
 1.2143568750000000E+01    -4.3813447254887716E-01
 1.2168581249999999E+01    -4.3087267111570526E-01
 1.2193593750000000E+01    -4.2348447232632569E-01
 1.2218606249999999E+01    -4.1598803224665770E-01
 1.2243618750000000E+01    -4.0840112637912579E-01
 1.2268631250000000E+01    -4.0074109059109075E-01
 1.2293643749999999E+01    -3.9302477030786465E-01
 1.2318656250000000E+01    -3.8526847786416712E-01
 1.2343668749999999E+01    -3.7748795780740019E-01
 1.2368681250000000E+01    -3.6969835986170613E-01
 1.2393693749999999E+01    -3.6191421919142380E-01
 1.2418706250000000E+01    -3.5414944354705435E-01
 1.2443718750000000E+01    -3.4641730683511118E-01
 1.2468731249999999E+01    -3.3873044862403845E-01
 1.2493743750000000E+01    -3.3110087908121610E-01
 1.2518756249999999E+01    -3.2353998882914375E-01
 1.2543768750000000E+01    -3.1605856321089554E-01
 1.2568781249999999E+01    -3.0866680046535355E-01
 1.2593793750000000E+01    -3.0137433332907559E-01
 1.2618806249999999E+01    -2.9419025360349205E-01
 1.2643818749999999E+01    -2.8712313925235716E-01
 1.2668831250000000E+01    -2.8018108362314387E-01
 1.2693843749999999E+01    -2.7337172641752877E-01
 1.2718856250000000E+01    -2.6670228606801899E-01
 1.2743868749999999E+01    -2.6017951206258538E-01
 1.2768881250000000E+01    -2.5380680870845684E-01
 1.2793893749999999E+01    -2.4758346322333891E-01
 1.2818906250000000E+01    -2.4150821864455532E-01
 1.2843918750000000E+01    -2.3557953782295968E-01
 1.2868931249999999E+01    -2.2979562400749193E-01
 1.2893943750000000E+01    -2.2415444222259995E-01
 1.2918956249999999E+01    -2.1865374092644058E-01
 1.2943968750000000E+01    -2.1329107358376270E-01
 1.2968981249999999E+01    -2.0806381988800451E-01
 1.2993993750000000E+01    -2.0296920643981861E-01
 1.3019006250000000E+01    -1.9800432674224078E-01
 1.3044018749999999E+01    -1.9316616041325732E-01
 1.3069031250000000E+01    -1.8845159154751734E-01
 1.3094043749999999E+01    -1.8385742618326772E-01
 1.3119056250000000E+01    -1.7938040884956691E-01
 1.3144068749999999E+01    -1.7501723818414250E-01
 1.3169081250000000E+01    -1.7076458162370087E-01
 1.3194093749999999E+01    -1.6661908917814366E-01
 1.3219106249999999E+01    -1.6257740630720446E-01
 1.3244118750000000E+01    -1.5863618592333259E-01
 1.3269131249999999E+01    -1.5479209954900197E-01
 1.3294143750000000E+01    -1.5104184765925971E-01
 1.3319156249999999E+01    -1.4738216924259667E-01
 1.3344168750000000E+01    -1.4380985061423074E-01
 1.3369181249999999E+01    -1.4032173351674859E-01
 1.3394193749999999E+01    -1.3691472254313491E-01
 1.3419206250000000E+01    -1.3358579191697842E-01
 1.3444218749999999E+01    -1.3033199166440934E-01
 1.3469231250000000E+01    -1.2715045321147531E-01
 1.3494243749999999E+01    -1.2403839443990917E-01
 1.3519256250000000E+01    -1.2099312423366007E-01
 1.3544268749999999E+01    -1.1801204654729988E-01
 1.3569281250000000E+01    -1.1509266402672680E-01
 1.3594293750000000E+01    -1.1223258121194990E-01
 1.3619306249999999E+01    -1.0942950735057458E-01
 1.3644318750000000E+01    -1.0668125885009069E-01
 1.3669331249999999E+01    -1.0398576139648126E-01
 1.3694343750000000E+01    -1.0134105176607691E-01
 1.3719356249999999E+01    -9.8745279357048493E-02
 1.3744368750000000E+01    -9.6196707466743941E-02
 1.3769381250000000E+01    -9.3693714340740294E-02
 1.3794393749999999E+01    -9.1234794019441096E-02
 1.3819406250000000E+01    -8.8818557007761506E-02
 1.3844418749999999E+01    -8.6443730793922910E-02
 1.3869431250000000E+01    -8.4109160243053524E-02
 1.3894443749999999E+01    -8.1813807891900125E-02
 1.3919456250000000E+01    -7.9556754171027574E-02
 1.3944468749999999E+01    -7.7337197581414385E-02
 1.3969481249999999E+01    -7.5154454852695729E-02
 1.3994493750000000E+01    -7.3007961110932038E-02
 1.4019506249999999E+01    -7.0897270084384997E-02
 1.4044518750000000E+01    -6.8822054376301706E-02
 1.4069531249999999E+01    -6.6782105834552422E-02
 1.4094543750000000E+01    -6.4777336048709125E-02
 1.4119556249999999E+01    -6.2807777005878737E-02
 1.4144568749999999E+01    -6.0873581937708421E-02
 1.4169581250000000E+01    -5.8975026391442087E-02
 1.4194593749999999E+01    -5.7112509559367315E-02
 1.4219606250000000E+01    -5.5286555901616963E-02
 1.4244618749999999E+01    -5.3497817098325622E-02
 1.4269631250000000E+01    -5.1747074368305543E-02
 1.4294643749999999E+01    -5.0035241192050245E-02
 1.4319656250000000E+01    -4.8363366478128694E-02
 1.4344668750000000E+01    -4.6732638212615890E-02
 1.4369681249999999E+01    -4.5144387631963483E-02
 1.4394693750000000E+01    -4.3600093960416385E-02
 1.4419706249999999E+01    -4.2101389753026096E-02
 1.4444718750000000E+01    -4.0650066885454979E-02
 1.4469731249999999E+01    -3.9248083231294757E-02
 1.4494743750000000E+01    -3.7897570066279807E-02
 1.4519756250000000E+01    -3.6600840237310646E-02
 1.4544768749999999E+01    -3.5360397131424789E-02
 1.4569781250000000E+01    -3.4178634304672974E-02
 1.4594793749999999E+01    -3.3054741447479413E-02
 1.4619806250000000E+01    -3.1986009806611940E-02
 1.4644818749999999E+01    -3.0969916314330576E-02
 1.4669831250000000E+01    -3.0004154412218043E-02
 1.4694843749999999E+01    -2.9086635174746314E-02
 1.4719856249999999E+01    -2.8215490126876505E-02
 1.4744868750000000E+01    -2.7389075581033394E-02
 1.4769881249999999E+01    -2.6605978311305810E-02
 1.4794893750000000E+01    -2.5865022368959815E-02
 1.4819906249999999E+01    -2.5165276825954225E-02
 1.4844918750000000E+01    -2.4506064210260595E-02
 1.4869931249999999E+01    -2.3886969371118016E-02
 1.4894943749999999E+01    -2.3307848483661634E-02
 1.4919956250000000E+01    -2.2768837871595799E-02
 1.4944968749999999E+01    -2.2270362295363694E-02
 1.4969981250000000E+01    -2.1813142322466471E-02
 1.4994993749999999E+01    -2.1398200368250322E-02
 1.5020006250000000E+01    -2.1026864971567090E-02
 1.5045018749999999E+01    -2.0700772852223024E-02
 1.5070031250000000E+01    -2.0421868288703404E-02
 1.5095043750000000E+01    -2.0192399357904851E-02
 1.5120056249999999E+01    -2.0014910595501093E-02
 1.5145068750000000E+01    -1.9892231669027441E-02
 1.5170081249999999E+01    -1.9827461707213303E-02
 1.5195093750000000E+01    -1.9823948999153563E-02
 1.5220106249999999E+01    -1.9885265866824698E-02
 1.5245118750000000E+01    -2.0015178621429881E-02
 1.5270131250000000E+01    -2.0217612636569654E-02
 1.5295143749999999E+01    -2.0496612704290647E-02
 1.5320156250000000E+01    -2.0856298977645651E-02
 1.5345168749999999E+01    -2.1300818938189262E-02
 1.5370181250000000E+01    -2.1834295949780598E-02
 1.5395193749999999E+01    -2.2460775062951240E-02
 1.5420206250000000E+01    -2.3184166806665150E-02
 1.5445218749999999E+01    -2.4008189741436921E-02
 1.5470231249999999E+01    -2.4936312542298188E-02
 1.5495243750000000E+01    -2.5971696332601248E-02
 1.5520256249999999E+01    -2.7117137902035050E-02
 1.5545268750000000E+01    -2.8375014322516955E-02
 1.5570281249999999E+01    -2.9747229336234429E-02
 1.5595293750000000E+01    -3.1235161747021532E-02
 1.5620306249999999E+01    -3.2839615917721249E-02
 1.5645318749999999E+01    -3.4560774380956033E-02
 1.5670331250000000E+01    -3.6398152525305066E-02
 1.5695343749999999E+01    -3.8350555334617113E-02
 1.5720356250000000E+01    -4.0416036240305410E-02
 1.5745368749999999E+01    -4.2591858291035560E-02
 1.5770381250000000E+01    -4.4874458038981616E-02
 1.5795393749999999E+01    -4.7259412765923811E-02
 1.5820406250000000E+01    -4.9741411899186315E-02
 1.5845418750000000E+01    -5.2314233666657627E-02
 1.5870431249999999E+01    -5.4970728181732001E-02
 1.5895443750000000E+01    -5.7702808207561074E-02
 1.5920456249999999E+01    -6.0501448807400021E-02
 1.5945468750000000E+01    -6.3356696934870935E-02
 1.5970481249999999E+01    -6.6257691759066678E-02
 1.5995493750000000E+01    -6.9192696167044251E-02
 1.6020506250000000E+01    -7.2149139465020412E-02
 1.6045518750000003E+01    -7.5113670839394214E-02
 1.6070531250000002E+01    -7.8072222674485076E-02
 1.6095543750000001E+01    -8.1010082388258270E-02
 1.6120556250000000E+01    -8.3911971073043864E-02
 1.6145568750000002E+01    -8.6762126939152709E-02
 1.6170581250000001E+01    -8.9544391370946261E-02
 1.6195593750000000E+01    -9.2242295328450574E-02
 1.6220606250000003E+01    -9.4839143858286956E-02
 1.6245618750000002E+01    -9.7318096610548938E-02
 1.6270631250000001E+01    -9.9662242475095739E-02
 1.6295643750000000E+01    -1.0185466673565761E-01
 1.6320656250000003E+01    -1.0387850946823872E-01
 1.6345668750000002E+01    -1.0571701426304209E-01
 1.6370681250000001E+01    -1.0735356670359347E-01
 1.6395693750000000E+01    -1.0877389192610983E-01
 1.6420706250000002E+01    -1.0997385356208537E-01
 1.6445718750000001E+01    -1.1095238370962873E-01
 1.6470731250000000E+01    -1.1170866976802454E-01
 1.6495743750000003E+01    -1.1224218289029771E-01
 1.6520756250000002E+01    -1.1255269619351332E-01
 1.6545768750000001E+01    -1.1264029385226937E-01
 1.6570781250000000E+01    -1.1250537237000628E-01
 1.6595793750000002E+01    -1.1214863524788868E-01
 1.6620806250000001E+01    -1.1157108218792440E-01
 1.6645818750000000E+01    -1.1077399387388541E-01
 1.6670831250000003E+01    -1.0975891327488282E-01
 1.6695843750000002E+01    -1.0852762431432672E-01
 1.6720856250000001E+01    -1.0708212864404179E-01
 1.6745868750000000E+01    -1.0542462116433089E-01
 1.6770881250000002E+01    -1.0355746483479904E-01
 1.6795893750000001E+01    -1.0148316523324113E-01
 1.6820906250000000E+01    -9.9204345238996489E-02
 1.6845918750000003E+01    -9.6723720144883771E-02
 1.6870931250000002E+01    -9.4044073438967576E-02
 1.6895943750000001E+01    -9.1168233441404650E-02
 1.6920956250000000E+01    -8.8099050935652720E-02
 1.6945968750000002E+01    -8.4839377892623399E-02
 1.6970981250000001E+01    -8.1392047354203134E-02
 1.6995993750000000E+01    -7.7759854515133786E-02
 1.7021006250000003E+01    -7.3945539020160767E-02
 1.7046018750000002E+01    -6.9951768476260293E-02
 1.7071031250000001E+01    -6.5781123165383315E-02
 1.7096043750000000E+01    -6.1436081932913257E-02
 1.7121056250000002E+01    -5.6919009218513048E-02
 1.7146068750000001E+01    -5.2232143190250366E-02
 1.7171081250000000E+01    -4.7377584938490910E-02
 1.7196093750000003E+01    -4.2357288683337942E-02
 1.7221106250000002E+01    -3.7173052947774454E-02
 1.7246118750000001E+01    -3.1826512647929177E-02
 1.7271131250000000E+01    -2.6319132052357537E-02
 1.7296143750000002E+01    -2.0652198563057743E-02
 1.7321156250000001E+01    -1.4826817272624375E-02
 1.7346168750000000E+01    -8.8439062541402526E-03
 1.7371181250000003E+01    -2.7041925432017971E-03
 1.7396193750000002E+01     3.5917912254592038E-03
 1.7421206250000001E+01     1.0043709560643602E-02
 1.7446218750000000E+01     1.6651426266471314E-02
 1.7471231250000002E+01     2.3415006028893227E-02
 1.7496243750000001E+01     3.0334715457758742E-02
 1.7521256250000000E+01     3.7411023600498160E-02
 1.7546268750000003E+01     4.4644601938152548E-02
 1.7571281250000002E+01     5.2036323869383415E-02
 1.7596293750000001E+01     5.9587263682290212E-02
 1.7621306250000000E+01     6.7298695008599668E-02
 1.7646318750000002E+01     7.5172088748793026E-02
 1.7671331250000001E+01     8.3209110451396104E-02
 1.7696343750000000E+01     9.1411617123721450E-02
 1.7721356250000003E+01     9.9781653445797966E-02
 1.7746368750000002E+01     1.0832144735402313E-01
 1.7771381250000001E+01     1.1703340495517205E-01
 1.7796393750000000E+01     1.2592010472696483E-01
 1.7821406250000003E+01     1.3498429095584430E-01
 1.7846418750000002E+01     1.4422886635820473E-01
 1.7871431250000001E+01     1.5365688382736958E-01
 1.7896443750000000E+01     1.6327153724363277E-01
 1.7921456250000002E+01     1.7307615128221465E-01
 1.7946468750000001E+01     1.8307417014974486E-01
 1.7971481250000000E+01     1.9326914517771587E-01
 1.7996493750000003E+01     2.0366472119864154E-01
 1.8021506250000002E+01     2.1426462162905049E-01
 1.8046518750000001E+01     2.2507263218163071E-01
 1.8071531250000000E+01     2.3609258312860976E-01
 1.8096543750000002E+01     2.4732833003748259E-01
 1.8121556250000001E+01     2.5878373290090684E-01
 1.8146568750000000E+01     2.7046263358325889E-01
 1.8171581250000003E+01     2.8236883150746500E-01
 1.8196593750000002E+01     2.9450605750839948E-01
 1.8221606250000001E+01     3.0687794578076255E-01
 1.8246618750000000E+01     3.1948800385371923E-01
 1.8271631250000002E+01     3.3233958052714946E-01
 1.8296643750000001E+01     3.4543583170997572E-01
 1.8321656250000000E+01     3.5877968410522565E-01
 1.8346668750000003E+01     3.7237379669258058E-01
 1.8371681250000002E+01     3.8622051996557327E-01
 1.8396693750000001E+01     4.0032185288678512E-01
 1.8421706250000000E+01     4.1467939753319061E-01
 1.8446718750000002E+01     4.2929431141033014E-01
 1.8471731250000001E+01     4.4416725742395519E-01
 1.8496743750000000E+01     4.5929835150652865E-01
 1.8521756250000003E+01     4.7468710790575436E-01
 1.8546768750000002E+01     4.9033238215349262E-01
 1.8571781250000001E+01     5.0623231174343564E-01
 1.8596793750000000E+01     5.2238425455935011E-01
 1.8621806250000002E+01     5.3878472510670339E-01
 1.8646818750000001E+01     5.5542932861513827E-01
 1.8671831250000000E+01     5.7231269309354282E-01
 1.8696843750000003E+01     5.8942839943446812E-01
 1.8721856250000002E+01     6.0676890968314623E-01
 1.8746868750000001E+01     6.2432549360355694E-01
 1.8771881250000000E+01     6.4208815369692718E-01
 1.8796893750000002E+01     6.6004554884997302E-01
 1.8821906250000001E+01     6.7818491681835236E-01
 1.8846918750000000E+01     6.9649199578160159E-01
 1.8871931250000003E+01     7.1495094524051650E-01
 1.8896943750000002E+01     7.3354426657146887E-01
 1.8921956250000001E+01     7.5225272359799567E-01
 1.8946968750000000E+01     7.7105526359932552E-01
 1.8971981250000002E+01     7.8992893923875052E-01
 1.8996993750000001E+01     8.0884883197341173E-01
 1.9022006250000000E+01     8.2752928697084360E-01
 1.9047018750000003E+01     8.4416864821427251E-01
 1.9072031250000002E+01     8.5825495885783865E-01
 1.9097043750000001E+01     8.6959973005840607E-01
 1.9122056250000000E+01     8.7803826937181473E-01
 1.9147068750000003E+01     8.8343244429005507E-01
 1.9172081250000002E+01     8.8567338123452244E-01
 1.9197093750000001E+01     8.8468399248810559E-01
 1.9222106250000003E+01     8.8042120419457914E-01
 1.9247118750000002E+01     8.7287774957753150E-01
 1.9272131250000001E+01     8.6208339425652492E-01
 1.9297143750000000E+01     8.4810547469213693E-01
 1.9322156250000003E+01     8.3104865474005907E-01
 1.9347168750000002E+01     8.1105383652289276E-01
 1.9372181250000001E+01     7.8829619737413947E-01
 1.9397193750000000E+01     7.6298236153387777E-01
 1.9422206250000002E+01     7.3534675100726588E-01
 1.9447218750000001E+01     7.0564719256851804E-01
 1.9472231250000000E+01     6.7415988610750177E-01
 1.9497243750000003E+01     6.4117386292479051E-01
 1.9522256250000002E+01     6.0698508142353313E-01
 1.9547268750000001E+01     5.7189032262430739E-01
 1.9572281250000000E+01     5.3618105997014631E-01
 1.9597293750000002E+01     5.0013748780723577E-01
 1.9622306250000001E+01     4.6402290116627309E-01
 1.9647318750000000E+01     4.2807862582362460E-01
 1.9672331250000003E+01     3.9251970112789741E-01
 1.9697343750000002E+01     3.5753151701016223E-01
 1.9722356250000001E+01     3.2326759864142712E-01
 1.9747368750000000E+01     2.8984871480634811E-01
 1.9772381250000002E+01     2.5736345687681939E-01
 1.9797393750000001E+01     2.2587039268283118E-01
 1.9822406250000000E+01     1.9540184316759387E-01
 1.9847418750000003E+01     1.6596926058210920E-01
 1.9872431250000002E+01     1.3757010782084195E-01
 1.9897443750000001E+01     1.1019605341575578E-01
 1.9922456250000000E+01     8.3842210693654870E-02
 1.9947468750000002E+01     5.8517067887219762E-02
 1.9972481250000001E+01     3.4252683300283492E-02
 1.9997493750000000E+01     1.1114659558177453E-02
