#                  time                       real
 1.2506250000000002E-02    -1.3376916891081035E-03
 3.7518750000000003E-02    -2.3972987397584949E-03
 6.2531249999999997E-02    -1.2385803515431661E-03
 8.7543750000000004E-02     2.2543205360725138E-03
 1.1255625000000000E-01     8.2378296800519092E-03
 1.3756874999999999E-01     1.6902081922515265E-02
 1.6258125000000001E-01     2.8461475020632055E-02
 1.8759375000000000E-01     4.3142601222063412E-02
 2.1260625000000000E-01     6.1169636997250740E-02
 2.3761874999999999E-01     8.2747431624958276E-02
 2.6263124999999998E-01     1.0804274685424178E-01
 2.8764374999999998E-01     1.3716436297920723E-01
 3.1265625000000002E-01     1.7014307057981898E-01
 3.3766875000000002E-01     2.0691288581242767E-01
 3.6268125000000001E-01     2.4729511642753979E-01
 3.8769375000000000E-01     2.9098710418229251E-01
 4.1270625000000000E-01     3.3755750363019188E-01
 4.3771874999999999E-01     3.8644975385759139E-01
 4.6273124999999998E-01     4.3699490271101082E-01
 4.8774374999999998E-01     4.8843413597095742E-01
 5.1275625000000002E-01     5.3995029052525778E-01
 5.3776875000000002E-01     5.9070640750398107E-01
 5.6278125000000001E-01     6.3988819481310943E-01
 5.8779375000000000E-01     6.8674634967228132E-01
 6.1280625000000011E-01     7.3063427026107908E-01
 6.3781875000000010E-01     7.7103692954479242E-01
 6.6283125000000009E-01     8.0758764262005611E-01
 6.8784375000000009E-01     8.4007102544760004E-01
 7.1285625000000008E-01     8.6841236038460989E-01
 7.3786875000000007E-01     8.9265549335429639E-01
 7.6288125000000007E-01     9.1293291311350577E-01
 7.8789375000000006E-01     9.2943250989634962E-01
 8.1290625000000005E-01     9.4236554222530167E-01
 8.3791875000000005E-01     9.5193961106187996E-01
 8.6293125000000004E-01     9.5833917040919459E-01
 8.8794375000000003E-01     9.6171460939434150E-01
 9.1295625000000002E-01     9.6217954334182698E-01
 9.3796875000000002E-01     9.5981489415644938E-01
 9.6298125000000001E-01     9.5467774405644068E-01
 9.8799375000000000E-01     9.4681280573815563E-01
 1.0130062499999999E+00     9.3685361648455223E-01
 1.0380187500000000E+00     9.2801961949317235E-01
 1.0630312499999999E+00     9.2060966668458555E-01
 1.0880437500000000E+00     9.1443374542796363E-01
 1.1130562499999999E+00     9.0932494692905830E-01
 1.1380687500000000E+00     9.0513486726812742E-01
 1.1630812499999998E+00     9.0173008976752056E-01
 1.1880937499999999E+00     8.9898950490110574E-01
 1.2131062500000001E+00     8.9680227761288078E-01
 1.2381187499999999E+00     8.9506631383475255E-01
 1.2631312500000000E+00     8.9368711070378914E-01
 1.2881437499999999E+00     8.9257690048341687E-01
 1.3131562500000000E+00     8.9165401805331856E-01
 1.3381687499999999E+00     8.9084243729446277E-01
 1.3631812500000000E+00     8.9007143372928144E-01
 1.3881937499999999E+00     8.8927534014388598E-01
 1.4132062500000000E+00     8.8839336922189649E-01
 1.4382187499999999E+00     8.8736948292003559E-01
 1.4632312500000000E+00     8.8615229278344232E-01
 1.4882437499999999E+00     8.8469497891212323E-01
 1.5132562500000000E+00     8.8295521807261990E-01
 1.5382687499999999E+00     8.8089511366486073E-01
 1.5632812500000000E+00     8.7848112203712692E-01
 1.5882937499999998E+00     8.7568397108553597E-01
 1.6133062499999999E+00     8.7247856825721704E-01
 1.6383187500000000E+00     8.6884389604842394E-01
 1.6633312499999999E+00     8.6476289389830985E-01
 1.6883437500000000E+00     8.6022232604673055E-01
 1.7133562499999999E+00     8.5521263548417981E-01
 1.7383687500000000E+00     8.4972778457807041E-01
 1.7633812499999999E+00     8.4376508333403821E-01
 1.7883937500000000E+00     8.3732500654724129E-01
 1.8134062499999999E+00     8.3041100132607326E-01
 1.8384187500000000E+00     8.2302928663664665E-01
 1.8634312499999999E+00     8.1518864662437873E-01
 1.8884437500000000E+00     8.0690021952683599E-01
 1.9134562499999999E+00     7.9817728400287824E-01
 1.9384687500000000E+00     7.8903504467502728E-01
 1.9634812499999998E+00     7.7949041861731871E-01
 1.9884937499999999E+00     7.6956182442847010E-01
 2.0135062499999998E+00     7.5926897541240368E-01
 2.0385187500000002E+00     7.4863267825251856E-01
 2.0635312500000000E+00     7.3767463841676217E-01
 2.0885437499999999E+00     7.2641727337159634E-01
 2.1135562499999998E+00     7.1488353451949993E-01
 2.1385687500000001E+00     7.0309673861203426E-01
 2.1635812500000000E+00     6.9108040922747582E-01
 2.1885937499999999E+00     6.7885812874735008E-01
 2.2136062499999998E+00     6.6645340111710261E-01
 2.2386187500000001E+00     6.5388952553956980E-01
 2.2636312500000000E+00     6.4118948112110552E-01
 2.2886437499999999E+00     6.2837582237646783E-01
 2.3136562499999997E+00     6.1547058539541155E-01
 2.3386687500000001E+00     6.0249520438634196E-01
 2.3636812500000000E+00     5.8947043823461498E-01
 2.3886937499999998E+00     5.7641630665061094E-01
 2.4137062500000002E+00     5.6335203543013534E-01
 2.4387187500000000E+00     5.5029601031225395E-01
 2.4637312499999999E+00     5.3726573888746998E-01
 2.4887437499999998E+00     5.2427781999177980E-01
 2.5137562500000001E+00     5.1134792001173124E-01
 2.5387687500000000E+00     4.9849075552220312E-01
 2.5637812499999999E+00     4.8572008168407549E-01
 2.5887937499999998E+00     4.7304868583868803E-01
 2.6138062500000001E+00     4.6048838575314432E-01
 2.6388187500000000E+00     4.4805003198945925E-01
 2.6638312499999999E+00     4.3574351389469329E-01
 2.6888437499999998E+00     4.2357776873512376E-01
 2.7138562500000001E+00     4.1156079352713393E-01
 2.7388687500000000E+00     3.9969965914610450E-01
 2.7638812499999998E+00     3.8800052632628668E-01
 2.7888937499999997E+00     3.7646866319512218E-01
 2.8139062500000001E+00     3.6510846401813962E-01
 2.8389187499999999E+00     3.5392346886004233E-01
 2.8639312499999998E+00     3.4291638389880025E-01
 2.8889437500000001E+00     3.3208910215821802E-01
 2.9139562500000000E+00     3.2144272445430333E-01
 2.9389687499999999E+00     3.1097758037607537E-01
 2.9639812499999998E+00     3.0069324914786022E-01
 2.9889937500000001E+00     2.9058858024550682E-01
 3.0140062500000000E+00     2.8066171366049442E-01
 3.0390187499999999E+00     2.7091009972813945E-01
 3.0640312499999998E+00     2.6133051845583016E-01
 3.0890437500000001E+00     2.5191909830694764E-01
 3.1140562500000000E+00     2.4267133441248867E-01
 3.1390687499999999E+00     2.3358210619972586E-01
 3.1640812499999997E+00     2.2464569444173840E-01
 3.1890937500000001E+00     2.1585579774762678E-01
 3.2141062499999999E+00     2.0720554852552117E-01
 3.2391187499999998E+00     1.9868752846504356E-01
 3.2641312500000002E+00     1.9029378359787089E-01
 3.2891437500000000E+00     1.8201583900953969E-01
 3.3141562499999999E+00     1.7384471328721354E-01
 3.3391687499999998E+00     1.6577093280215172E-01
 3.3641812500000001E+00     1.5778454594031083E-01
 3.3891937500000000E+00     1.4987513740822125E-01
 3.4142062499999999E+00     1.4203184275789590E-01
 3.4392187499999998E+00     1.3424336329027478E-01
 3.4642312500000001E+00     1.2649798151633174E-01
 3.4892437500000000E+00     1.1878357737213976E-01
 3.5142562499999999E+00     1.1108764540559256E-01
 3.5392687499999997E+00     1.0339731317211240E-01
 3.5642812500000001E+00     9.5699361098607896E-02
 3.5892937499999999E+00     8.7980244094203922E-02
 3.6143062499999998E+00     8.0226115205405513E-02
 3.6393187500000002E+00     7.2422851892301243E-02
 3.6643312500000000E+00     6.4559297138723243E-02
 3.6893437499999999E+00     5.6635300638920069E-02
 3.7143562499999998E+00     4.8653017457938139E-02
 3.7393687500000001E+00     4.0614557331358707E-02
 3.7643812500000000E+00     3.2522083751311215E-02
 3.7893937499999999E+00     2.4377912781003552E-02
 3.8144062499999998E+00     1.6184612715198495E-02
 3.8394187500000001E+00     7.9451053804334426E-03
 3.8644312500000000E+00    -3.3723045464035010E-04
 3.8894437499999999E+00    -8.6584534258221553E-03
 3.9144562499999997E+00    -1.7013951909139392E-02
 3.9394687500000001E+00    -2.5398334980523928E-02
 3.9644812500000000E+00    -3.3805323082411028E-02
 3.9894937499999998E+00    -4.2227639973492825E-02
 4.0145062500000002E+00    -5.0656908076818406E-02
 4.0395187500000000E+00    -5.9083549914092225E-02
 4.0645312500000008E+00    -6.7496698907862418E-02
 4.0895437500000007E+00    -7.5884123421156607E-02
 4.1145562500000006E+00    -8.4232168456168571E-02
 4.1395687500000005E+00    -9.2525719906076193E-02
 4.1645812500000003E+00    -1.0074819660007875E-01
 4.1895937500000002E+00    -1.0888157554270189E-01
 4.2146062500000001E+00    -1.1690645566676371E-01
 4.2396187500000000E+00    -1.2480216503487285E-01
 4.2646312500000008E+00    -1.3254691568440330E-01
 4.2896437500000006E+00    -1.4011800917484107E-01
 4.3146562500000005E+00    -1.4749209434397961E-01
 4.3396687500000004E+00    -1.5464547681840612E-01
 4.3646812500000003E+00    -1.6155447749499516E-01
 4.3896937500000002E+00    -1.6819583459740528E-01
 4.4147062500000001E+00    -1.7454714113675127E-01
 4.4397187500000008E+00    -1.8058730683420215E-01
 4.4647312500000007E+00    -1.8629703099162048E-01
 4.4897437500000006E+00    -1.9165927064208896E-01
 4.5147562500000005E+00    -1.9665968679470461E-01
 4.5397687500000004E+00    -2.0128705090592539E-01
 4.5647812500000002E+00    -2.0553359401636054E-01
 4.5897937500000001E+00    -2.0939528237085756E-01
 4.6148062500000000E+00    -2.1287200578580598E-01
 4.6398187500000008E+00    -2.1596766843902787E-01
 4.6648312500000007E+00    -2.1869017593334411E-01
 4.6898437500000005E+00    -2.2105131714421172E-01
 4.7148562500000004E+00    -2.2306654416884691E-01
 4.7398687500000003E+00    -2.2475465829374078E-01
 4.7648812500000002E+00    -2.2613741395327597E-01
 4.7898937500000001E+00    -2.2723905588934046E-01
 4.8149062500000008E+00    -2.2808580694224845E-01
 4.8399187500000007E+00    -2.2870532501908400E-01
 4.8649312500000006E+00    -2.2912614780251422E-01
 4.8899437500000005E+00    -2.2937714278515864E-01
 4.9149562500000004E+00    -2.2948697841399537E-01
 4.9399687500000002E+00    -2.2948362972024577E-01
 4.9649812500000001E+00    -2.2939392903053912E-01
 4.9899937500000000E+00    -2.2924316942657946E-01
 5.0150062500000008E+00    -2.2905476574487127E-01
 5.0400187500000007E+00    -2.2884997524360029E-01
 5.0650312500000005E+00    -2.2864767772512509E-01
 5.0900437500000004E+00    -2.2846421295904512E-01
 5.1150562500000003E+00    -2.2831327173223881E-01
 5.1400687500000002E+00    -2.2820583575251885E-01
 5.1650812500000001E+00    -2.2815016092422771E-01
 5.1900937500000000E+00    -2.2815179814905509E-01
 5.2151062500000007E+00    -2.2821364572948272E-01
 5.2401187500000006E+00    -2.2833602760646490E-01
 5.2651312500000005E+00    -2.2851679199052405E-01
 5.2901437500000004E+00    -2.2875142539340407E-01
 5.3151562500000002E+00    -2.2903317759241665E-01
 5.3401687500000001E+00    -2.2935319362018103E-01
 5.3651812500000000E+00    -2.2970064944237867E-01
 5.3901937500000008E+00    -2.3006288853887194E-01
 5.4152062500000007E+00    -2.3042555712474838E-01
 5.4402187500000005E+00    -2.3077273622571004E-01
 5.4652312500000004E+00    -2.3108718270698514E-01
 5.4902437500000003E+00    -2.3135795161918588E-01
 5.5152562500000002E+00    -2.3158519707062025E-01
 5.5402687500000001E+00    -2.3176913900254489E-01
 5.5652812500000000E+00    -2.3190909112842328E-01
 5.5902937500000007E+00    -2.3200359444836566E-01
 5.6153062500000006E+00    -2.3205053943406423E-01
 5.6403187500000005E+00    -2.3204727771093733E-01
 5.6653312500000004E+00    -2.3199072399372889E-01
 5.6903437500000003E+00    -2.3187744897906673E-01
 5.7153562500000001E+00    -2.3170376385122771E-01
 5.7403687500000000E+00    -2.3146579701955594E-01
 5.7653812500000008E+00    -2.3115956366812235E-01
 5.7903937500000007E+00    -2.3078102866457828E-01
 5.8154062500000006E+00    -2.3032616334214512E-01
 5.8404187500000004E+00    -2.2979099663497271E-01
 5.8654312500000003E+00    -2.2917166101757347E-01
 5.8904437500000002E+00    -2.2846443366544159E-01
 5.9154562500000001E+00    -2.2766577322612880E-01
 5.9404687500000000E+00    -2.2677235255898981E-01
 5.9654812500000007E+00    -2.2578108777452760E-01
 5.9904937500000006E+00    -2.2468916387653382E-01
 6.0155062500000005E+00    -2.2349405728518390E-01
 6.0405187500000004E+00    -2.2219355549333972E-01
 6.0655312500000003E+00    -2.2078577408681502E-01
 6.0905437500000001E+00    -2.1926917133597340E-01
 6.1155562500000000E+00    -2.1764256054702685E-01
 6.1405687500000008E+00    -2.1590512034140991E-01
 6.1655812500000007E+00    -2.1405640301451051E-01
 6.1905937500000006E+00    -2.1209634110899769E-01
 6.2156062500000004E+00    -2.1002525232189628E-01
 6.2406187500000003E+00    -2.0784384285260388E-01
 6.2656312500000002E+00    -2.0555320928440918E-01
 6.2906437500000001E+00    -2.0315483908244433E-01
 6.3156562500000000E+00    -2.0065060977921961E-01
 6.3406687500000007E+00    -1.9804278691023491E-01
 6.3656812500000006E+00    -1.9533402075332562E-01
 6.3906937500000005E+00    -1.9252734191800114E-01
 6.4157062500000004E+00    -1.8962615582358588E-01
 6.4407187500000003E+00    -1.8663423610005619E-01
 6.4657312500000002E+00    -1.8355571693870998E-01
 6.4907437500000000E+00    -1.8039508441637800E-01
 6.5157562500000008E+00    -1.7715716681217503E-01
 6.5407687500000007E+00    -1.7384712393247517E-01
 6.5657812500000006E+00    -1.7047043545746277E-01
 6.5907937500000005E+00    -1.6703288831964655E-01
 6.6158062500000003E+00    -1.6354056312406318E-01
 6.6408187500000002E+00    -1.5999981961806314E-01
 6.6658312500000001E+00    -1.5641728121888623E-01
 6.6908437500000000E+00    -1.5279981860692601E-01
 6.7158562500000007E+00    -1.4915453239383569E-01
 6.7408687500000006E+00    -1.4548873487584268E-01
 6.7658812500000005E+00    -1.4180993088521493E-01
 6.7908937500000004E+00    -1.3812579775508735E-01
 6.8159062500000003E+00    -1.3444416441714355E-01
 6.8409187500000002E+00    -1.3077298965516948E-01
 6.8659312500000000E+00    -1.2712033954306629E-01
 6.8909437500000008E+00    -1.2349436410114374E-01
 6.9159562500000007E+00    -1.1990327321078544E-01
 6.9409687500000006E+00    -1.1635531183480330E-01
 6.9659812500000005E+00    -1.1285873459770486E-01
 6.9909937500000003E+00    -1.0942177978849653E-01
 7.0160062500000002E+00    -1.0605264285637654E-01
 7.0410187500000001E+00    -1.0275944947867945E-01
 7.0660312500000000E+00    -9.9550228288559153E-02
 7.0910437500000008E+00    -9.6432883358689048E-02
 7.1160562500000006E+00    -9.3415166545461059E-02
 7.1410687500000005E+00    -9.0504649805893442E-02
 7.1660812500000004E+00    -8.7708697606753511E-02
 7.1910937500000003E+00    -8.5034439551444185E-02
 7.2161062500000002E+00    -8.2488743355484298E-02
 7.2411187500000000E+00    -8.0078188305036130E-02
 7.2661312500000008E+00    -7.7809039335066082E-02
 7.2911437500000007E+00    -7.5687035466800681E-02
 7.3161562500000006E+00    -7.3714660573370908E-02
 7.3411687500000005E+00    -7.1891743247427906E-02
 7.3661812500000003E+00    -7.0217681260853759E-02
 7.3911937500000002E+00    -6.8691516823406615E-02
 7.4162062500000001E+00    -6.7311949090677267E-02
 7.4412187500000000E+00    -6.6077346032966347E-02
 7.4662312500000008E+00    -6.4985756041008813E-02
 7.4912437500000006E+00    -6.4034919547496738E-02
 7.5162562500000005E+00    -6.3222280868730746E-02
 7.5412687500000004E+00    -6.2545000412145724E-02
 7.5662812500000003E+00    -6.1999967350339344E-02
 7.5912937500000002E+00    -6.1583812826261589E-02
 7.6163062500000001E+00    -6.1292923726259635E-02
 7.6413187500000008E+00    -6.1123457035479473E-02
 7.6663312500000007E+00    -6.1071354772769128E-02
 7.6913437500000006E+00    -6.1132359488476992E-02
 7.7163562500000005E+00    -6.1302030298258772E-02
 7.7413687500000004E+00    -6.1575759417965628E-02
 7.7663812500000002E+00    -6.1948789159312179E-02
 7.7913937500000001E+00    -6.2416229342127989E-02
 7.8164062500000000E+00    -6.2973075077230434E-02
 7.8414187500000008E+00    -6.3614224873629138E-02
 7.8664312500000007E+00    -6.4334499024243194E-02
 7.8914437500000005E+00    -6.5128658226810410E-02
 7.9164562500000004E+00    -6.5991422399480484E-02
 7.9414687500000003E+00    -6.6917489654208642E-02
 7.9664812500000002E+00    -6.7901555395856766E-02
 7.9914937500000001E+00    -6.8938331519383070E-02
 8.0165062499999991E+00    -7.0022565682940199E-02
 8.0415187499999998E+00    -7.1149060639624076E-02
 8.0665312499999988E+00    -7.2312693615878276E-02
 8.0915437499999996E+00    -7.3508435729250393E-02
 8.1165562500000004E+00    -7.4731371442582517E-02
 8.1415687499999994E+00    -7.5976718055428771E-02
 8.1665812500000001E+00    -7.7239845236529395E-02
 8.1915937499999991E+00    -7.8516294603412917E-02
 8.2166062499999999E+00    -7.9801799356350817E-02
 8.2416187499999989E+00    -8.1092303974235780E-02
 8.2666312499999997E+00    -8.2383983979183256E-02
 8.2916437499999986E+00    -8.3673265774909536E-02
 8.3166562499999994E+00    -8.4956846561038440E-02
 8.3416687500000002E+00    -8.6231714321939421E-02
 8.3666812499999992E+00    -8.7495167883820210E-02
 8.3916937500000000E+00    -8.8744837028462087E-02
 8.4167062499999989E+00    -8.9978702645817282E-02
 8.4417187499999997E+00    -9.1195116900971596E-02
 8.4667312499999987E+00    -9.2392823383725273E-02
 8.4917437499999995E+00    -9.3570977201903299E-02
 8.5167562500000003E+00    -9.4729164971597557E-02
 8.5417687499999992E+00    -9.5867424650577709E-02
 8.5667812500000000E+00    -9.6986265153584092E-02
 8.5917937499999990E+00    -9.8086685681565658E-02
 8.6168062499999998E+00    -9.9170194690870142E-02
 8.6418187499999988E+00    -1.0023882842282869E-01
 8.6668312499999995E+00    -1.0129516890990972E-01
 8.6918437500000003E+00    -1.0234236137116638E-01
 8.7168562499999993E+00    -1.0338413090752553E-01
 8.7418687500000001E+00    -1.0442479840701133E-01
 8.7668812499999991E+00    -1.0546929557041676E-01
 8.7918937499999998E+00    -1.0652317897072154E-01
 8.8169062499999988E+00    -1.0759264306357165E-01
 8.8419187499999996E+00    -1.0868453207220356E-01
 8.8669312500000004E+00    -1.0980635067818853E-01
 8.8919437499999994E+00    -1.1096627345944074E-01
 8.9169562500000001E+00    -1.1217315302905267E-01
 8.9419687499999991E+00    -1.1343652684262576E-01
 8.9669812499999999E+00    -1.1476662265853642E-01
 8.9919937499999989E+00    -1.1617436265407410E-01
 9.0170062499999997E+00    -1.1767136622161556E-01
 9.0420187499999987E+00    -1.1926995149223089E-01
 9.0670312499999994E+00    -1.2098313566008081E-01
 9.0920437500000002E+00    -1.2282463420877858E-01
 9.1170562499999992E+00    -1.2480699205266250E-01
 9.1420687500000000E+00    -1.2693214960499183E-01
 9.1670812499999990E+00    -1.2919846329532989E-01
 9.1920937499999997E+00    -1.3160483014567992E-01
 9.2171062499999987E+00    -1.3415059720764780E-01
 9.2421187499999995E+00    -1.3683547078204447E-01
 9.2671312500000003E+00    -1.3965943205751577E-01
 9.2921437499999993E+00    -1.4262265861539167E-01
 9.3171562500000000E+00    -1.4572545137787463E-01
 9.3421687499999990E+00    -1.4896816666818022E-01
 9.3671812499999998E+00    -1.5235115311680242E-01
 9.3921937499999988E+00    -1.5587469319388031E-01
 9.4172062499999996E+00    -1.5953894918029854E-01
 9.4422187500000003E+00    -1.6334391341272145E-01
 9.4672312499999993E+00    -1.6728936265333999E-01
 9.4922437500000001E+00    -1.7137481644537955E-01
 9.5172562499999991E+00    -1.7559949932190552E-01
 9.5422687499999999E+00    -1.7996230673922478E-01
 9.5672812499999988E+00    -1.8446177460814259E-01
 9.5922937499999996E+00    -1.8909605229693635E-01
 9.6173062500000004E+00    -1.9386287897939636E-01
 9.6423187499999994E+00    -1.9875956320093580E-01
 9.6673312500000002E+00    -2.0378296553439773E-01
 9.6923437499999991E+00    -2.0892948419643839E-01
 9.7173562499999999E+00    -2.1419504349424492E-01
 9.7423687499999989E+00    -2.1957508497153014E-01
 9.7673812499999997E+00    -2.2506456112225925E-01
 9.7923937499999987E+00    -2.3065793154007341E-01
 9.8174062499999994E+00    -2.3634916137092557E-01
 9.8424187500000002E+00    -2.4213172193664201E-01
 9.8674312499999992E+00    -2.4799859339663813E-01
 9.8924437500000000E+00    -2.5394226931511499E-01
 9.9174562499999990E+00    -2.5995476300094777E-01
 9.9424687499999997E+00    -2.6602761548661552E-01
 9.9674812499999987E+00    -2.7215190501269004E-01
 9.9924937499999995E+00    -2.7831825788273235E-01
 1.0017506250000000E+01    -2.8451686055309466E-01
 1.0042518749999999E+01    -2.9073747282007817E-01
 1.0067531250000000E+01    -2.9696944196569836E-01
 1.0092543749999999E+01    -3.0320171772121396E-01
 1.0117556250000000E+01    -3.0942286790581891E-01
 1.0142568749999999E+01    -3.1562109459597054E-01
 1.0167581250000000E+01    -3.2178425067906818E-01
 1.0192593750000000E+01    -3.2789985664419591E-01
 1.0217606249999999E+01    -3.3395511746170253E-01
 1.0242618750000000E+01    -3.3993693940389169E-01
 1.0267631249999999E+01    -3.4583194666035200E-01
 1.0292643750000000E+01    -3.5162649760387110E-01
 1.0317656249999999E+01    -3.5730670056765251E-01
 1.0342668750000000E+01    -3.6285842899981102E-01
 1.0367681249999999E+01    -3.6826733586959381E-01
 1.0392693749999999E+01    -3.7351886720904848E-01
 1.0417706250000000E+01    -3.7859827468585855E-01
 1.0442718749999999E+01    -3.8349062711614779E-01
 1.0467731250000000E+01    -3.8818082084121486E-01
 1.0492743749999999E+01    -3.9265358890820606E-01
 1.0517756250000000E+01    -3.9689350901097903E-01
 1.0542768749999999E+01    -4.0088501016445932E-01
 1.0567781249999999E+01    -4.0461237810079409E-01
 1.0592793750000000E+01    -4.0805975938967409E-01
 1.0617806249999999E+01    -4.1121116429554927E-01
 1.0642818750000000E+01    -4.1405046839119586E-01
 1.0667831249999999E+01    -4.1656141294825982E-01
 1.0692843750000000E+01    -4.1872760411944909E-01
 1.0717856249999999E+01    -4.2053251091480909E-01
 1.0742868750000000E+01    -4.2195946195128592E-01
 1.0767881250000000E+01    -4.2299164092411295E-01
 1.0792893749999999E+01    -4.2361208070575107E-01
 1.0817906250000000E+01    -4.2380365592601221E-01
 1.0842918749999999E+01    -4.2354907382378293E-01
 1.0867931250000000E+01    -4.2283086308746820E-01
 1.0892943749999999E+01    -4.2163136032025783E-01
 1.0917956250000000E+01    -4.1993270554619033E-01
 1.0942968750000000E+01    -4.1772363208510160E-01
 1.0967981249999999E+01    -4.1501087697335076E-01
 1.0992993750000000E+01    -4.1180401643479558E-01
 1.1018006249999999E+01    -4.0811256002851110E-01
 1.1043018750000000E+01    -4.0394606211801409E-01
 1.1068031249999999E+01    -3.9931422723958049E-01
 1.1093043750000000E+01    -3.9422700924475257E-01
 1.1118056249999999E+01    -3.8869470378665888E-01
 1.1143068749999999E+01    -3.8272803351152279E-01
 1.1168081250000000E+01    -3.7633822518227744E-01
 1.1193093749999999E+01    -3.6953707788526502E-01
 1.1218106250000000E+01    -3.6233702144715035E-01
 1.1243118749999999E+01    -3.5475116421211517E-01
 1.1268131250000000E+01    -3.4679332939504837E-01
 1.1293143749999999E+01    -3.3847807933307422E-01
 1.1318156249999999E+01    -3.2982072709887639E-01
 1.1343168750000000E+01    -3.2083733511312923E-01
 1.1368181249999999E+01    -3.1154470059177380E-01
 1.1393193750000000E+01    -3.0196032788303712E-01
 1.1418206249999999E+01    -2.9210238798025701E-01
 1.1443218750000000E+01    -2.8198966573317213E-01
 1.1468231249999999E+01    -2.7164149551541150E-01
 1.1493243750000000E+01    -2.6107768632983885E-01
 1.1518256250000000E+01    -2.5031843754175076E-01
 1.1543268749999999E+01    -2.3938424661313756E-01
 1.1568281250000000E+01    -2.2829581036574687E-01
 1.1593293749999999E+01    -2.1707392142047860E-01
 1.1618306250000000E+01    -2.0573936154203779E-01
 1.1643318749999999E+01    -1.9431279366031542E-01
 1.1668331250000000E+01    -1.8281465434005759E-01
 1.1693343750000000E+01    -1.7126504843194063E-01
 1.1718356249999999E+01    -1.5968364756025002E-01
 1.1743368750000000E+01    -1.4808959399058383E-01
 1.1768381249999999E+01    -1.3650141127835080E-01
 1.1793393750000000E+01    -1.2493692293004384E-01
 1.1818406249999999E+01    -1.1341318012266216E-01
 1.1843418750000000E+01    -1.0194639932383071E-01
 1.1868431249999999E+01    -9.0551910447479539E-02
 1.1893443749999999E+01    -7.9244115968835044E-02
 1.1918456250000000E+01    -6.8036461216676433E-02
 1.1943468749999999E+01    -5.6941415863852034E-02
 1.1968481250000000E+01    -4.5970466453743454E-02
 1.1993493749999999E+01    -3.5134119634765350E-02
 1.2018506250000000E+01    -2.4441915628881563E-02
 1.2043518749999999E+01    -1.3902451336795078E-02
 1.2068531249999999E+01    -3.5234123813524931E-03
 1.2093543750000000E+01     6.6883866860120329E-03
 1.2118556249999999E+01     1.6726954845603804E-02
 1.2143568750000000E+01     2.6587070598344399E-02
 1.2168581249999999E+01     3.6264222356935619E-02
 1.2193593750000000E+01     4.5754544106503967E-02
 1.2218606249999999E+01     5.5054747178533925E-02
 1.2243618750000000E+01     6.4162048945663658E-02
 1.2268631250000000E+01     7.3074099196016928E-02
 1.2293643749999999E+01     8.1788904888891734E-02
 1.2318656250000000E+01     9.0304753929480799E-02
 1.2343668749999999E+01     9.8620138532129420E-02
 1.2368681250000000E+01     1.0673367867087671E-01
 1.2393693749999999E+01     1.1464404604482302E-01
 1.2418706250000000E+01     1.2234988891576930E-01
 1.2443718750000000E+01     1.2984975810745869E-01
 1.2468731249999999E+01     1.3714203439156944E-01
 1.2493743750000000E+01     1.4422485742518962E-01
 1.2518756249999999E+01     1.5109605634924539E-01
 1.2543768750000000E+01     1.5775308210731434E-01
 1.2568781249999999E+01     1.6419294149957650E-01
 1.2593793750000000E+01     1.7041213294772861E-01
 1.2618806249999999E+01     1.7640658391306036E-01
 1.2643818749999999E+01     1.8217158988161206E-01
 1.2668831250000000E+01     1.8770175480709639E-01
 1.2693843749999999E+01     1.9299093288355970E-01
 1.2718856250000000E+01     1.9803217150527777E-01
 1.2743868749999999E+01     2.0281792047525654E-01
 1.2768881250000000E+01     2.0734948958855021E-01
 1.2793893749999999E+01     2.1163964274956601E-01
 1.2818906250000000E+01     2.1570101877654704E-01
 1.2843918750000000E+01     2.1954538202105406E-01
 1.2868931249999999E+01     2.2318366852624791E-01
 1.2893943750000000E+01     2.2662602730808470E-01
 1.2918956249999999E+01     2.2988185747263890E-01
 1.2943968750000000E+01     2.3295984173108145E-01
 1.2968981249999999E+01     2.3586797676428034E-01
 1.2993993750000000E+01     2.3861360080771757E-01
 1.3019006250000000E+01     2.4120341876510382E-01
 1.3044018749999999E+01     2.4364352511037546E-01
 1.3069031250000000E+01     2.4593942479915298E-01
 1.3094043749999999E+01     2.4809605237945170E-01
 1.3119056250000000E+01     2.5011778946631147E-01
 1.3144068749999999E+01     2.5200848072412796E-01
 1.3169081250000000E+01     2.5377144848375643E-01
 1.3194093749999999E+01     2.5540950610742968E-01
 1.3219106249999999E+01     2.5692497020318367E-01
 1.3244118750000000E+01     2.5831967178132648E-01
 1.3269131249999999E+01     2.5959496643780777E-01
 1.3294143750000000E+01     2.6075174364351328E-01
 1.3319156249999999E+01     2.6179043521354334E-01
 1.3344168750000000E+01     2.6271102302699850E-01
 1.3369181249999999E+01     2.6351304606486814E-01
 1.3394193749999999E+01     2.6419560683161974E-01
 1.3419206250000000E+01     2.6475737722479437E-01
 1.3444218749999999E+01     2.6519660391602318E-01
 1.3469231250000000E+01     2.6551111330659999E-01
 1.3494243749999999E+01     2.6569831612093836E-01
 1.3519256250000000E+01     2.6575521170166566E-01
 1.3544268749999999E+01     2.6567839207100508E-01
 1.3569281250000000E+01     2.6546404582425970E-01
 1.3594293750000000E+01     2.6510796192259112E-01
 1.3619306249999999E+01     2.6460553345405774E-01
 1.3644318750000000E+01     2.6395176143387278E-01
 1.3669331249999999E+01     2.6314125871709426E-01
 1.3694343750000000E+01     2.6216825409948974E-01
 1.3719356249999999E+01     2.6102659668528500E-01
 1.3744368750000000E+01     2.5970976060367712E-01
 1.3769381250000000E+01     2.5821085015972151E-01
 1.3794393749999999E+01     2.5652260550913764E-01
 1.3819406250000000E+01     2.5463740895146025E-01
 1.3844418749999999E+01     2.5254729194085068E-01
 1.3869431250000000E+01     2.5024394292007496E-01
 1.3894443749999999E+01     2.4771871608961391E-01
 1.3919456250000000E+01     2.4496264123155381E-01
 1.3944468749999999E+01     2.4196643471638346E-01
 1.3969481249999999E+01     2.3872051183060594E-01
 1.3994493750000000E+01     2.3521500057395520E-01
 1.4019506249999999E+01     2.3143975708751025E-01
 1.4044518750000000E+01     2.2738438288785626E-01
 1.4069531249999999E+01     2.2303824409830411E-01
 1.4094543750000000E+01     2.1839049288570211E-01
 1.4119556249999999E+01     2.1343009133113566E-01
 1.4144568749999999E+01     2.0814583798477251E-01
 1.4169581250000000E+01     2.0252639737941369E-01
 1.4194593749999999E+01     1.9656033280426755E-01
 1.4219606250000000E+01     1.9023614266986841E-01
 1.4244618749999999E+01     1.8354230082746376E-01
 1.4269631250000000E+01     1.7646730124119175E-01
 1.4294643749999999E+01     1.6899970744902465E-01
 1.4319656250000000E+01     1.6112820728921448E-01
 1.4344668750000000E+01     1.5284167341152782E-01
 1.4369681249999999E+01     1.4412923013804796E-01
 1.4394693750000000E+01     1.3498032728480111E-01
 1.4419706249999999E+01     1.2538482160365608E-01
 1.4444718750000000E+01     1.1533306655192543E-01
 1.4469731249999999E+01     1.0481601114451555E-01
 1.4494743750000000E+01     9.3825308688551920E-02
 1.4519756250000000E+01     8.2353436241469666E-02
 1.4544768749999999E+01     7.0393825668608398E-02
 1.4569781250000000E+01     5.7940339979677347E-02
 1.4594793749999999E+01     4.4980750902413415E-02
 1.4619806250000000E+01     3.1499683302327025E-02
 1.4644818749999999E+01     1.7483232791826377E-02
 1.4669831250000000E+01     2.9191721809137374E-03
 1.4694843749999999E+01    -1.2202894809408957E-02
 1.4719856249999999E+01    -2.7891364627589635E-02
 1.4744868750000000E+01    -4.4152449929981324E-02
 1.4769881249999999E+01    -6.0989980920418463E-02
 1.4794893750000000E+01    -7.8405192572149784E-02
 1.4819906249999999E+01    -9.6396498616329762E-02
 1.4844918750000000E+01    -1.1495925355437538E-01
 1.4869931249999999E+01    -1.3408550440037834E-01
 1.4894943749999999E+01    -1.5376373438677354E-01
 1.4919956250000000E+01    -1.7397860147472416E-01
 1.4944968749999999E+01    -1.9471067519790097E-01
 1.4969981250000000E+01    -2.1593617613118757E-01
 1.4994993749999999E+01    -2.3762672310430016E-01
 1.5020006250000000E+01    -2.5974909415985509E-01
 1.5045018749999999E+01    -2.8226500816512623E-01
 1.5070031250000000E+01    -3.0513093489572701E-01
 1.5095043750000000E+01    -3.2829794228188874E-01
 1.5120056249999999E+01    -3.5171159029485577E-01
 1.5145068750000000E+01    -3.7531188159760587E-01
 1.5170081249999999E+01    -3.9903327952564049E-01
 1.5195093750000000E+01    -4.2280480412816757E-01
 1.5220106249999999E+01    -4.4655021681396456E-01
 1.5245118750000000E+01    -4.7018830353130869E-01
 1.5270131250000000E+01    -4.9363326529941476E-01
 1.5295143749999999E+01    -5.1679522323764460E-01
 1.5320156250000000E+01    -5.3958084296814057E-01
 1.5345168749999999E+01    -5.6189408038211630E-01
 1.5370181250000000E+01    -5.8363704727747656E-01
 1.5395193749999999E+01    -6.0471099135810924E-01
 1.5420206250000000E+01    -6.2501738063631995E-01
 1.5445218749999999E+01    -6.4445907755894527E-01
 1.5470231249999999E+01    -6.6294158338347120E-01
 1.5495243750000000E+01    -6.8037432871153036E-01
 1.5520256249999999E+01    -6.9667198191458091E-01
 1.5545268750000000E+01    -7.1175574375205453E-01
 1.5570281249999999E+01    -7.2555459406547573E-01
 1.5595293750000000E+01    -7.3800645528471176E-01
 1.5620306249999999E+01    -7.4905923780197903E-01
 1.5645318749999999E+01    -7.5867173417121569E-01
 1.5670331250000000E+01    -7.6681433259984455E-01
 1.5695343749999999E+01    -7.7346952522817702E-01
 1.5720356250000000E+01    -7.7863219304683540E-01
 1.5745368749999999E+01    -7.8230965668663721E-01
 1.5770381250000000E+01    -7.8452149035088792E-01
 1.5795393749999999E+01    -7.8529910441496042E-01
 1.5820406250000000E+01    -7.8468511023500009E-01
 1.5845418750000000E+01    -7.8273248805035545E-01
 1.5870431249999999E+01    -7.7950358513870932E-01
 1.5895443750000000E+01    -7.7506897628094940E-01
 1.5920456249999999E+01    -7.6950622190344231E-01
 1.5945468750000000E+01    -7.6289856089081054E-01
 1.5970481249999999E+01    -7.5533357502206677E-01
 1.5995493750000000E+01    -7.4690186039341755E-01
 1.6020506250000000E+01    -7.3769573826429480E-01
 1.6045518750000003E+01    -7.2780803376485181E-01
 1.6070531250000002E+01    -7.1733094614480697E-01
 1.6095543750000001E+01    -7.0635502903728642E-01
 1.6120556250000000E+01    -6.9496829386697911E-01
 1.6145568750000002E+01    -6.8325544431872365E-01
 1.6170581250000001E+01    -6.7129724492501297E-01
 1.6195593750000000E+01    -6.5917002250798096E-01
 1.6220606250000003E+01    -6.4694529553216995E-01
 1.6245618750000002E+01    -6.3468952345887364E-01
 1.6270631250000001E+01    -6.2246396594948272E-01
 1.6295643750000000E+01    -6.1032464022705790E-01
 1.6320656250000003E+01    -5.9832236400730432E-01
 1.6345668750000002E+01    -5.8650287108525134E-01
 1.6370681250000001E+01    -5.7490698681523789E-01
 1.6395693750000000E+01    -5.6357014397651883E-01
 1.6420706250000002E+01    -5.5252010286126052E-01
 1.6445718750000001E+01    -5.4177952780967198E-01
 1.6470731250000000E+01    -5.3136717787839383E-01
 1.6495743750000003E+01    -5.2129817849783178E-01
 1.6520756250000002E+01    -5.1158430046894465E-01
 1.6545768750000001E+01    -5.0223424012728812E-01
 1.6570781250000000E+01    -4.9325389553786880E-01
 1.6595793750000002E+01    -4.8464663462921553E-01
 1.6620806250000001E+01    -4.7641355213242786E-01
 1.6645818750000000E+01    -4.6855371304253768E-01
 1.6670831250000003E+01    -4.6106438105875580E-01
 1.6695843750000002E+01    -4.5394123109060219E-01
 1.6720856250000001E+01    -4.4717854543593194E-01
 1.6745868750000000E+01    -4.4076939366018919E-01
 1.6770881250000002E+01    -4.3470579653470542E-01
 1.6795893750000001E+01    -4.2897887464292395E-01
 1.6820906250000000E+01    -4.2357898244384862E-01
 1.6845918750000003E+01    -4.1849582870236379E-01
 1.6870931250000002E+01    -4.1371858427016711E-01
 1.6895943750000001E+01    -4.0923597823186175E-01
 1.6920956250000000E+01    -4.0503638343411297E-01
 1.6945968750000002E+01    -4.0110789239115108E-01
 1.6970981250000001E+01    -3.9743838452104097E-01
 1.6995993750000000E+01    -3.9401558561348288E-01
 1.7021006250000003E+01    -3.9082712036902556E-01
 1.7046018750000002E+01    -3.8786055878491477E-01
 1.7071031250000001E+01    -3.8510345709469934E-01
 1.7096043750000000E+01    -3.8254339390368114E-01
 1.7121056250000002E+01    -3.8016800209649432E-01
 1.7146068750000001E+01    -3.7796499703305547E-01
 1.7171081250000000E+01    -3.7592220149179334E-01
 1.7196093750000003E+01    -3.7402756776598861E-01
 1.7221106250000002E+01    -3.7226919727198499E-01
 1.7246118750000001E+01    -3.7063535798363867E-01
 1.7271131250000000E+01    -3.6911449996981421E-01
 1.7296143750000002E+01    -3.6769526927605689E-01
 1.7321156250000001E+01    -3.6636652036198708E-01
 1.7346168750000000E+01    -3.6511732727886015E-01
 1.7371181250000003E+01    -3.6393699374794397E-01
 1.7396193750000002E+01    -3.6281506228054244E-01
 1.7421206250000001E+01    -3.6174132246148488E-01
 1.7446218750000000E+01    -3.6070581850342087E-01
 1.7471231250000002E+01    -3.5969885616434366E-01
 1.7496243750000001E+01    -3.5871100910936027E-01
 1.7521256250000000E+01    -3.5773312478684993E-01
 1.7546268750000003E+01    -3.5675632987920919E-01
 1.7571281250000002E+01    -3.5577203538048574E-01
 1.7596293750000001E+01    -3.5477194134431300E-01
 1.7621306250000000E+01    -3.5374804133952298E-01
 1.7646318750000002E+01    -3.5269262664275003E-01
 1.7671331250000001E+01    -3.5159829019190580E-01
 1.7696343750000000E+01    -3.5045793031784422E-01
 1.7721356250000003E+01    -3.4926475426535947E-01
 1.7746368750000002E+01    -3.4801228150943586E-01
 1.7771381250000001E+01    -3.4669434686602280E-01
 1.7796393750000000E+01    -3.4530510339188059E-01
 1.7821406250000003E+01    -3.4383902506121550E-01
 1.7846418750000002E+01    -3.4229090920181349E-01
 1.7871431250000001E+01    -3.4065587866728048E-01
 1.7896443750000000E+01    -3.3892938371577197E-01
 1.7921456250000002E+01    -3.3710720356021795E-01
 1.7946468750000001E+01    -3.3518544754826007E-01
 1.7971481250000000E+01    -3.3316055592450250E-01
 1.7996493750000003E+01    -3.3102930012088505E-01
 1.8021506250000002E+01    -3.2878878251520993E-01
 1.8046518750000001E+01    -3.2643643559057944E-01
 1.8071531250000000E+01    -3.2397002042297146E-01
 1.8096543750000002E+01    -3.2138762441653007E-01
 1.8121556250000001E+01    -3.1868765820015488E-01
 1.8146568750000000E+01    -3.1586885159211636E-01
 1.8171581250000003E+01    -3.1293024853237739E-01
 1.8196593750000002E+01    -3.0987120087618036E-01
 1.8221606250000001E+01    -3.0669136093496641E-01
 1.8246618750000000E+01    -3.0339067264508168E-01
 1.8271631250000002E+01    -2.9996936123733237E-01
 1.8296643750000001E+01    -2.9642792127494805E-01
 1.8321656250000000E+01    -2.9276710292134894E-01
 1.8346668750000003E+01    -2.8898789629349086E-01
 1.8371681250000002E+01    -2.8509151375209391E-01
 1.8396693750000001E+01    -2.8107936997522287E-01
 1.8421706250000000E+01    -2.7695305965932515E-01
 1.8446718750000002E+01    -2.7271433268881640E-01
 1.8471731250000001E+01    -2.6836506661548060E-01
 1.8496743750000000E+01    -2.6390723629017909E-01
 1.8521756250000003E+01    -2.5934288049256671E-01
 1.8546768750000002E+01    -2.5467406541198628E-01
 1.8571781250000001E+01    -2.4990284484188346E-01
 1.8596793750000000E+01    -2.4503121696557303E-01
 1.8621806250000002E+01    -2.4006107763006052E-01
 1.8646818750000001E+01    -2.3499417003147008E-01
 1.8671831250000000E+01    -2.2983203076925418E-01
 1.8696843750000003E+01    -2.2457593226902034E-01
 1.8721856250000002E+01    -2.1922682162820772E-01
 1.8746868750000001E+01    -2.1378525600465378E-01
 1.8771881250000000E+01    -2.0825133475026991E-01
 1.8796893750000002E+01    -2.0262462858995364E-01
 1.8821906250000001E+01    -1.9690410626482222E-01
 1.8846918750000000E+01    -1.9108805919962349E-01
 1.8871931250000003E+01    -1.8517402492007409E-01
 1.8896943750000002E+01    -1.7915871014037657E-01
 1.8921956250000001E+01    -1.7303791466482188E-01
 1.8946968750000000E+01    -1.6680645750499240E-01
 1.8971981250000002E+01    -1.6045810690332757E-01
 1.8996993750000001E+01    -1.5398551627843440E-01
 1.9022006250000000E+01    -1.4739937882589371E-01
 1.9047018750000003E+01    -1.4083125525136114E-01
 1.9072031250000002E+01    -1.3430736062772253E-01
 1.9097043750000001E+01    -1.2782884721988347E-01
 1.9122056250000000E+01    -1.2139971021534217E-01
 1.9147068750000003E+01    -1.1502738565681425E-01
 1.9172081250000002E+01    -1.0872337976631388E-01
 1.9197093750000001E+01    -1.0250387091371395E-01
 1.9222106250000003E+01    -9.6390187602395774E-02
 1.9247118750000002E+01    -9.0409046648527489E-02
 1.9272131250000001E+01    -8.4592436537165638E-02
 1.9297143750000000E+01    -7.8977050972632579E-02
 1.9322156250000003E+01    -7.3603214259669064E-02
 1.9347168750000002E+01    -6.8513289064735333E-02
 1.9372181250000001E+01    -6.3749612678131659E-02
 1.9397193750000000E+01    -5.9352063653017977E-02
 1.9422206250000002E+01    -5.5355409994341895E-02
 1.9447218750000001E+01    -5.1786626872402756E-02
 1.9472231250000000E+01    -4.8662391461417452E-02
 1.9497243750000003E+01    -4.5986962199312961E-02
 1.9522256250000002E+01    -4.3750629017877671E-02
 1.9547268750000001E+01    -4.1928881614136215E-02
 1.9572281250000000E+01    -4.0482388268672863E-02
 1.9597293750000002E+01    -3.9357813125012409E-02
 1.9622306250000001E+01    -3.8489431098892316E-02
 1.9647318750000000E+01    -3.7801432751006989E-02
 1.9672331250000003E+01    -3.7210752248680361E-02
 1.9697343750000002E+01    -3.6630204891003472E-02
 1.9722356250000001E+01    -3.5971690390247661E-02
 1.9747368750000000E+01    -3.5149206652580298E-02
 1.9772381250000002E+01    -3.4081427142146577E-02
 1.9797393750000001E+01    -3.2693622441626449E-02
 1.9822406250000000E+01    -3.0918751211472754E-02
 1.9847418750000003E+01    -2.8697603917338776E-02
 1.9872431250000002E+01    -2.5977949912536057E-02
 1.9897443750000001E+01    -2.2712709595797555E-02
 1.9922456250000000E+01    -1.8857243210390631E-02
 1.9947468750000002E+01    -1.4365911688762972E-02
 1.9972481250000001E+01    -9.1881190385628662E-03
 1.9997493750000000E+01    -3.2640876938761446E-03
