# n_row: 16 n_col: 16
# row  col                       real                       imag
    0   15    -4.0468846743316284E-01    -9.1445461578287079E-01
    1   14     9.1051818272891905E-01     4.1346903018246328E-01
    2   13     6.1517954444774647E-02     9.9810597697886305E-01
    3   12    -7.0996906952276340E-01    -7.0423285944421921E-01
    4   11    -9.9428706965156377E-01    -1.0673904217157996E-01
    5   10     8.1332337575064761E-01    -5.8181189954964907E-01
    6    9     8.9515207682261466E-01     4.4576087688373889E-01
    7    8    -9.6486338482884915E-01     2.6275206681702062E-01
    8    7    -9.6486338482884915E-01    -2.6275206681702062E-01
    9    6     8.9515207682261466E-01    -4.4576087688373889E-01
   10    5     8.1332337575064761E-01     5.8181189954964907E-01
   11    4    -9.9428706965156377E-01     1.0673904217157996E-01
   12    3    -7.0996906952276340E-01     7.0423285944421921E-01
   13    2     6.1517954444774647E-02    -9.9810597697886305E-01
   14    1     9.1051818272891905E-01    -4.1346903018246328E-01
   15    0    -4.0468846743316284E-01     9.1445461578287079E-01
