# n_row: 16
# col                       real                       imag
    0     1.9225667746029619E-05    -2.7455001825661339E-07
    1     4.7882497786784916E-05     1.5057829914609228E-05
    2    -6.5919714065669144E-01    -2.5620552794061341E-01
    3     1.2295744137833313E-05     2.4883406809271984E-05
    4     1.7971558764556986E-06    -8.1478547303949700E-06
    5    -6.4672900866124503E-06     1.2475267332874467E-05
    6     1.7022093365928437E-05     4.6850402290348928E-06
    7    -2.4398022329164010E-10    -1.5511956576413192E-09
    8    -1.0820557533346090E-09     2.7721740972992981E-10
    9    -4.6850262567454885E-06     1.7001725500857888E-05
   10     1.1225429247811673E-05     9.3443245795580524E-06
   11     8.1423828102478049E-06     1.7743630060972516E-06
   12     2.6281553267498535E-05     9.0865367894245546E-06
   13     2.5611220851245675E-01    -6.5895704384909992E-01
   14    -4.6337998371251251E-05    -9.6393223193134618E-06
   15     2.6170739677664314E-07     1.9223700976799493E-05
