#                  time                       real
 3.1268749999999998E-02    -2.7783066855337772E-03
 9.3806249999999994E-02    -8.0857091433660065E-03
 1.5634375000000000E-01    -1.3115374535715678E-02
 2.1888124999999997E-01    -1.7957888211999718E-02
 2.8141875000000000E-01    -2.2714449910850660E-02
 3.4395625000000002E-01    -2.7472932163351296E-02
 4.0649374999999999E-01    -3.2283898160746283E-02
 4.6903124999999996E-01    -3.7141063217889583E-02
 5.3156874999999992E-01    -4.1970015085122880E-02
 5.9410624999999995E-01    -4.6627686485460569E-02
 6.5664374999999997E-01    -5.0913303157441768E-02
 7.1918124999999988E-01    -5.4589599513044831E-02
 7.8171874999999991E-01    -5.7411330954704083E-02
 8.4425624999999993E-01    -5.9156832127765631E-02
 9.0679374999999984E-01    -5.9657811793414305E-02
 9.6933124999999987E-01    -5.8822843346312409E-02
 1.0318687499999999E+00    -5.6783389187150056E-02
 1.0944062499999998E+00    -5.4353433436230343E-02
 1.1569437499999999E+00    -5.1682794001990807E-02
 1.2194812499999999E+00    -4.8795924029243744E-02
 1.2820187500000000E+00    -4.5717301670491005E-02
 1.3445562499999999E+00    -4.2471428277204515E-02
 1.4070937499999998E+00    -3.9082826788283793E-02
 1.4696312499999999E+00    -3.5576040327555798E-02
 1.5321687499999999E+00    -3.1975631008918051E-02
 1.5947062499999998E+00    -2.8306178934814630E-02
 1.6572437499999999E+00    -2.4592281361496115E-02
 1.7197812499999998E+00    -2.0858551993249107E-02
 1.7823187499999997E+00    -1.7129620357771342E-02
 1.8448562499999999E+00    -1.3430131206356456E-02
 1.9073937499999998E+00    -9.7847438757519990E-03
 1.9699312499999999E+00    -6.2181315436700890E-03
 2.0324687500000000E+00    -2.7549803071158277E-03
 2.0950062500000000E+00     5.8001198790503584E-04
 2.1575437499999999E+00     3.7621372350244622E-03
 2.2200812500000002E+00     6.7666789401283354E-03
 2.2826187500000001E+00     9.5689145370803381E-03
 2.3451562500000001E+00     1.2144118196788784E-02
 2.4076937500000000E+00     1.4467564168643098E-02
 2.4702312499999999E+00     1.6514530679942616E-02
 2.5327687500000002E+00     1.8260304403526387E-02
 2.5953062500000001E+00     1.9680185486629743E-02
 2.6578437500000001E+00     2.0749493115320781E-02
 2.7203812500000000E+00     2.1443571569046065E-02
 2.7829187499999999E+00     2.1737796699177581E-02
 2.8454562499999998E+00     2.1607582744370798E-02
 2.9079937500000002E+00     2.1028389374336050E-02
 2.9705312500000001E+00     1.9975728832579698E-02
 3.0330687500000000E+00     1.8425173027969942E-02
 3.0956062499999999E+00     1.6352360404696311E-02
 3.1581437499999998E+00     1.3733002400223251E-02
 3.2206812500000002E+00     1.0542889280903120E-02
 3.2832187500000001E+00     6.7578951245076966E-03
 3.3457562500000000E+00     2.3540509652978481E-03
 3.4082937499999999E+00    -2.6690401406229206E-03
 3.4708312499999998E+00    -8.2541238883431980E-03
 3.5333687499999997E+00    -1.4335205457803302E-02
 3.5959062500000001E+00    -2.0846221849961377E-02
 3.6584437500000000E+00    -2.7721058462726364E-02
 3.7209812499999999E+00    -3.4893567592586230E-02
 3.7835187499999998E+00    -4.2297588504270525E-02
 3.8460562499999997E+00    -4.9866968657260320E-02
 3.9085937500000001E+00    -5.7535585627695368E-02
 3.9711312500000000E+00    -6.5237369215654303E-02
 4.0336687499999995E+00    -7.2906323180577923E-02
 4.0962062499999998E+00    -8.0476546003023897E-02
 4.1587437499999993E+00    -8.7882250031769416E-02
 4.2212812499999997E+00    -9.5057778345918595E-02
 4.2838187499999991E+00    -1.0193761864767410E-01
 4.3463562499999995E+00    -1.0845641350930392E-01
 4.4088937499999998E+00    -1.1454896633413157E-01
 4.4714312499999993E+00    -1.2015024246222156E-01
 4.5339687499999997E+00    -1.2519536496135833E-01
 4.5965062499999991E+00    -1.2961960479526105E-01
 4.6590437499999995E+00    -1.3335836525276720E-01
 4.7215812499999998E+00    -1.3634716074933784E-01
 4.7841187499999993E+00    -1.3852159036687284E-01
 4.8466562499999997E+00    -1.3981730676674797E-01
 4.9091937499999991E+00    -1.4016998137807102E-01
 4.9717312499999995E+00    -1.3951526701002334E-01
 5.0342687499999998E+00    -1.3779091476875602E-01
 5.0968062499999993E+00    -1.3498415726984758E-01
 5.1593437499999997E+00    -1.3113167262113926E-01
 5.2218812499999991E+00    -1.2627213254518219E-01
 5.2844187499999995E+00    -1.2044402492803391E-01
 5.3469562499999990E+00    -1.1368564083019994E-01
 5.4094937499999993E+00    -1.0603507002578837E-01
 5.4720312499999997E+00    -9.7530204316445157E-02
 5.5345687499999991E+00    -8.8208747622063738E-02
 5.5971062499999995E+00    -7.8108231699387978E-02
 5.6596437499999990E+00    -6.7266036277630212E-02
 5.7221812499999993E+00    -5.5719412415907728E-02
 5.7847187499999997E+00    -4.3505507965105342E-02
 5.8472562499999992E+00    -3.0661394138572370E-02
 5.9097937499999995E+00    -1.7224092343217499E-02
 5.9723312499999990E+00    -3.2306005772753123E-03
 6.0348687499999993E+00     1.1282081152428548E-02
 6.0974062499999997E+00     2.6276926815259328E-02
 6.1599437499999992E+00     4.1716862069914672E-02
 6.2224812499999995E+00     5.7564743973128843E-02
 6.2850187499999990E+00     7.3783342930157786E-02
 6.3475562499999993E+00     9.0335327148594019E-02
 6.4100937499999997E+00     1.0718324990306842E-01
 6.4726312499999992E+00     1.2428953998583969E-01
 6.5351687499999995E+00     1.4161649579436159E-01
 6.5977062499999990E+00     1.5912628357595945E-01
 6.6602437499999994E+00     1.7678094039376163E-01
 6.7227812499999997E+00     1.9454023612556839E-01
 6.7853187499999992E+00     2.1234956503829822E-01
 6.8478562499999995E+00     2.3014840985963125E-01
 6.9103937499999990E+00     2.4787616373334309E-01
 6.9729312499999994E+00     2.6547217060351924E-01
 7.0354687499999988E+00     2.8287575398372627E-01
 7.0980062499999992E+00     3.0002625067860411E-01
 7.1605437499999995E+00     3.1686304854296277E-01
 7.2230812499999990E+00     3.3332562706064511E-01
 7.2856187499999994E+00     3.4935359925405429E-01
 7.3481562499999988E+00     3.6488675322079095E-01
 7.4106937499999992E+00     3.7986509145961200E-01
 7.4732312499999995E+00     3.9422886611321062E-01
 7.5357687499999990E+00     4.0791860833290711E-01
 7.5983062499999994E+00     4.2087515016470073E-01
 7.6608437499999988E+00     4.3303963766250086E-01
 7.7233812499999992E+00     4.4435353433770042E-01
 7.7859187499999996E+00     4.5475861453048944E-01
 7.8484562499999990E+00     4.6419694680535406E-01
 7.9109937499999994E+00     4.7261086799396079E-01
 7.9735312499999988E+00     4.7994294899429668E-01
 8.0360687500000001E+00     4.8613595384856312E-01
 8.0986062499999996E+00     4.9113279393331077E-01
 8.1611437500000008E+00     4.9487647928161382E-01
 8.2236812500000003E+00     4.9731006910883552E-01
 8.2862187499999997E+00     4.9837662353256312E-01
 8.3487562499999992E+00     4.9801925230815086E-01
 8.4112937500000005E+00     4.9621285639385976E-01
 8.4738312499999999E+00     4.9301035568131618E-01
 8.5363687499999994E+00     4.8847627339062299E-01
 8.5989062500000006E+00     4.8267495764341900E-01
 8.6614437500000001E+00     4.7567056250484752E-01
 8.7239812499999996E+00     4.6752703469680718E-01
 8.7865187500000008E+00     4.5830810577208358E-01
 8.8490562500000003E+00     4.4807728936007984E-01
 8.9115937499999998E+00     4.3689788295216203E-01
 8.9741312499999992E+00     4.2483297358438532E-01
 9.0366687500000005E+00     4.1194544669568045E-01
 9.0992062499999999E+00     3.9829799738996913E-01
 9.1617437499999994E+00     3.8395314331127156E-01
 9.2242812500000007E+00     3.6897323835201667E-01
 9.2868187500000001E+00     3.5342048645596258E-01
 9.3493562499999996E+00     3.3735695484722300E-01
 9.4118937500000008E+00     3.2084458611341626E-01
 9.4744312500000003E+00     3.0394520869060537E-01
 9.5369687499999998E+00     2.8672054543651149E-01
 9.5995062499999992E+00     2.6923222013198406E-01
 9.6620437500000005E+00     2.5154176191396982E-01
 9.7245812500000000E+00     2.3371060781138625E-01
 9.7871187499999994E+00     2.1580010372285680E-01
 9.8496562500000007E+00     1.9787150433657463E-01
 9.9121937500000001E+00     1.7998597264130969E-01
 9.9747312499999996E+00     1.6220457980708894E-01
 1.0037268750000001E+01     1.4458798870217668E-01
 1.0099806250000000E+01     1.2718946964183586E-01
 1.0162343750000000E+01     1.1005490537124918E-01
 1.0224881249999999E+01     9.3229783402121000E-02
 1.0287418750000001E+01     7.6759518043591768E-02
 1.0349956250000000E+01     6.0689455436973044E-02
 1.0412493749999999E+01     4.5064879580470125E-02
 1.0475031250000001E+01     2.9931019671552116E-02
 1.0537568750000000E+01     1.5333059070077232E-02
 1.0600106250000000E+01     1.3161461393386151E-03
 1.0662643749999999E+01    -1.2074592844108670E-02
 1.0725181250000000E+01    -2.4794038606080874E-02
 1.0787718750000000E+01    -3.6797061611991769E-02
 1.0850256249999999E+01    -4.8038502738314677E-02
 1.0912793750000001E+01    -5.8473152119419496E-02
 1.0975331250000000E+01    -6.8055726548273354E-02
 1.1037868749999999E+01    -7.6740845951537698E-02
 1.1100406250000001E+01    -8.4483009600961723E-02
 1.1162943750000000E+01    -9.1236572856772086E-02
 1.1225481250000000E+01    -9.6955725356538597E-02
 1.1288018749999999E+01    -1.0159447165499755E-01
 1.1350556250000000E+01    -1.0510661537605206E-01
 1.1413093750000000E+01    -1.0744574794724518E-01
 1.1475631249999999E+01    -1.0856524294026432E-01
 1.1538168750000001E+01    -1.0841825693175741E-01
 1.1600706250000000E+01    -1.0695773762384629E-01
 1.1663243749999999E+01    -1.0413643972463581E-01
 1.1725781250000001E+01    -9.9922090792098642E-02
 1.1788318750000000E+01    -9.4382944341838609E-02
 1.1850856250000000E+01    -8.7628214500691068E-02
 1.1913393749999999E+01    -7.9767164444990046E-02
 1.1975931250000000E+01    -7.0909017663990603E-02
 1.2038468750000000E+01    -6.1162990247329248E-02
 1.2101006249999999E+01    -5.0638321704661704E-02
 1.2163543750000001E+01    -3.9444303108806714E-02
 1.2226081250000000E+01    -2.7690301549944819E-02
 1.2288618749999999E+01    -1.5485780109935458E-02
 1.2351156249999999E+01    -2.9403127948247529E-03
 1.2413693750000000E+01     9.8364059144264507E-03
 1.2476231250000000E+01     2.2734557028271960E-02
 1.2538768749999999E+01     3.5644198485554765E-02
 1.2601306250000000E+01     4.8455271857323172E-02
 1.2663843750000000E+01     6.1057613978346102E-02
 1.2726381249999999E+01     7.3340973048936720E-02
 1.2788918750000001E+01     8.5195028642214343E-02
 1.2851456250000000E+01     9.6509414948814612E-02
 1.2913993749999999E+01     1.0717374648692540E-01
 1.2976531249999999E+01     1.1707764539724910E-01
 1.3039068750000000E+01     1.2611076932995999E-01
 1.3101606250000000E+01     1.3416283881735444E-01
 1.3164143749999999E+01     1.4112366291881065E-01
 1.3226681250000000E+01     1.4688316183447594E-01
 1.3289218750000000E+01     1.5133138512405289E-01
 1.3351756249999999E+01     1.5435864648445111E-01
 1.3414293750000001E+01     1.5589687743741173E-01
 1.3476831250000000E+01     1.5597981319603935E-01
 1.3539368750000000E+01     1.5465662027462498E-01
 1.3601906249999999E+01     1.5197659552999396E-01
 1.3664443750000000E+01     1.4798915083086378E-01
 1.3726981250000000E+01     1.4274379179042374E-01
 1.3789518749999999E+01     1.3629009119623295E-01
 1.3852056250000000E+01     1.2867765800762107E-01
 1.3914593750000000E+01     1.1995610300895707E-01
 1.3977131249999999E+01     1.1017500239487008E-01
 1.4039668749999999E+01     9.9383860709367125E-02
 1.4102206250000000E+01     8.7632074655364919E-02
 1.4164743750000000E+01     7.4968899327479674E-02
 1.4227281249999999E+01     6.1443418394595217E-02
 1.4289818750000000E+01     4.7104519668256711E-02
 1.4352356250000000E+01     3.2000877339266889E-02
 1.4414893749999999E+01     1.6180941951426213E-02
 1.4477431250000000E+01    -3.0706108652850004E-04
 1.4539968750000000E+01    -1.7415123965220960E-02
 1.4602506249999999E+01    -3.5095439784576937E-02
 1.4665043749999999E+01    -5.3300376964269494E-02
 1.4727581250000000E+01    -7.1982445415614438E-02
 1.4790118750000000E+01    -9.1094255551710177E-02
 1.4852656249999999E+01    -1.1058847162621957E-01
 1.4915193750000000E+01    -1.3041776128877236E-01
 1.4977731250000000E+01    -1.5053474361066679E-01
 1.5040268749999999E+01    -1.7089053349357541E-01
 1.5102806250000000E+01    -1.9140379191155554E-01
 1.5165343750000000E+01    -2.1196067957654552E-01
 1.5227881249999999E+01    -2.3244571128712829E-01
 1.5290418749999999E+01    -2.5274311830409851E-01
 1.5352956250000000E+01    -2.7273681961147483E-01
 1.5415493750000000E+01    -2.9231040870391439E-01
 1.5478031249999999E+01    -3.1134715691349035E-01
 1.5540568750000000E+01    -3.2973003346704410E-01
 1.5603106250000000E+01    -3.4734174158074582E-01
 1.5665643749999999E+01    -3.6406476898662710E-01
 1.5728181250000000E+01    -3.7978145039553862E-01
 1.5790718750000000E+01    -3.9437403859348708E-01
 1.5853256249999999E+01    -4.0772478021333741E-01
 1.5915793749999999E+01    -4.1971599179287655E-01
 1.5978331250000000E+01    -4.3023013158759127E-01
 1.6040868749999998E+01    -4.3914986279898371E-01
 1.6103406249999999E+01    -4.4635810442592605E-01
 1.6165943749999997E+01    -4.5173806683062145E-01
 1.6228481249999998E+01    -4.5517327027509907E-01
 1.6291018749999999E+01    -4.5654754603226899E-01
 1.6353556249999997E+01    -4.5574502107897730E-01
 1.6416093749999998E+01    -4.5265008869028234E-01
 1.6478631249999999E+01    -4.4714736832768420E-01
 1.6541168749999997E+01    -4.3912165892364197E-01
 1.6603706249999998E+01    -4.2845788992569489E-01
 1.6666243749999996E+01    -4.1504107424698117E-01
 1.6728781249999997E+01    -3.9879188361533080E-01
 1.6791318749999999E+01    -3.7986778080697264E-01
 1.6853856249999996E+01    -3.5852281529759633E-01
 1.6916393749999997E+01    -3.3501131307513227E-01
 1.6978931249999999E+01    -3.0958759204075337E-01
 1.7041468749999996E+01    -2.8250596065550337E-01
 1.7104006249999998E+01    -2.5402071509033369E-01
 1.7166543749999999E+01    -2.2438613525295401E-01
 1.7229081249999997E+01    -1.9385648018521315E-01
 1.7291618749999998E+01    -1.6268598335331988E-01
 1.7354156249999999E+01    -1.3112884828096413E-01
 1.7416693749999997E+01    -9.9439244823093631E-02
 1.7479231249999998E+01    -6.7871306186880656E-02
 1.7541768749999999E+01    -3.6679126626390161E-02
 1.7604306249999997E+01    -6.1167596169682302E-03
 1.7666843749999998E+01     2.3561783707836077E-02
 1.7729381249999999E+01     5.2102535980242629E-02
 1.7791918749999997E+01     7.9251574798209976E-02
 1.7854456249999998E+01     1.0475502332039484E-01
 1.7916993749999996E+01     1.2835904954247240E-01
 1.7979531249999997E+01     1.4980986324399351E-01
 1.8042068749999999E+01     1.6885370941856642E-01
 1.8104606249999996E+01     1.8523685703268880E-01
 1.8167143749999997E+01     1.9870558227431565E-01
 1.8229681249999999E+01     2.0900614609527002E-01
 1.8292218749999996E+01     2.1588476681779389E-01
 1.8354756249999998E+01     2.1908797954359110E-01
 1.8417293749999999E+01     2.1849433928861872E-01
 1.8479831249999997E+01     2.1430615379523754E-01
 1.8542368749999998E+01     2.0677433044480847E-01
 1.8604906249999999E+01     1.9614969316569109E-01
 1.8667443749999997E+01     1.8268303895165666E-01
 1.8729981249999998E+01     1.6662521393137739E-01
 1.8792518749999999E+01     1.4822720644326459E-01
 1.8855056249999997E+01     1.2774025309981646E-01
 1.8917593749999998E+01     1.0541595274745157E-01
 1.8980131249999996E+01     8.1506382567214611E-02
 1.9042668749999997E+01     5.6264210286602889E-02
 1.9105206249999998E+01     2.9942796512602860E-02
 1.9167743749999996E+01     2.7962814655048468E-03
 1.9230281249999997E+01    -2.4920349183793284E-02
 1.9292818749999999E+01    -5.2951224142875689E-02
 1.9355356249999996E+01    -8.1039576144409126E-02
 1.9417893749999998E+01    -1.0892776482744559E-01
 1.9480431249999999E+01    -1.3635733537032435E-01
 1.9542968749999996E+01    -1.6306911426223639E-01
 1.9605506249999998E+01    -1.8880334218603176E-01
 1.9668043749999999E+01    -2.1329984226019014E-01
 1.9730581249999997E+01    -2.3629821987525138E-01
 1.9793118749999998E+01    -2.5753808814215501E-01
 1.9855656249999999E+01    -2.7675931069464643E-01
 1.9918193749999997E+01    -2.9370225146087686E-01
 1.9980731249999998E+01    -3.0810801928623932E-01
 2.0043268749999999E+01    -3.1972715120567496E-01
 2.0105806249999997E+01    -3.2850586055765701E-01
 2.0168343749999998E+01    -3.3458617773781052E-01
 2.0230881249999996E+01    -3.3811996359971741E-01
 2.0293418749999997E+01    -3.3926044950768264E-01
 2.0355956249999998E+01    -3.3816217682641297E-01
 2.0418493749999996E+01    -3.3498088805162546E-01
 2.0481031249999997E+01    -3.2987338047112991E-01
 2.0543568749999999E+01    -3.2299733428872290E-01
 2.0606106249999996E+01    -3.1451112724312602E-01
 2.0668643749999998E+01    -3.0457364703115142E-01
 2.0731181249999999E+01    -2.9334411147570993E-01
 2.0793718749999996E+01    -2.8098190457033334E-01
 2.0856256249999998E+01    -2.6764643448821085E-01
 2.0918793749999999E+01    -2.5349701754901460E-01
 2.0981331249999997E+01    -2.3869279013846215E-01
 2.1043868749999998E+01    -2.2339264877807744E-01
 2.1106406249999999E+01    -2.0775521700808530E-01
 2.1168943749999997E+01    -1.9193883650043764E-01
 2.1231481249999998E+01    -1.7610157886058714E-01
 2.1294018749999996E+01    -1.6040127388872630E-01
 2.1356556249999997E+01    -1.4499554963125419E-01
 2.1419093749999998E+01    -1.3004187934174827E-01
 2.1481631249999996E+01    -1.1569763047646855E-01
 2.1544168749999997E+01    -1.0212011107160304E-01
 2.1606706249999998E+01    -8.9466609295854940E-02
 2.1669243749999996E+01    -7.7894422654200629E-02
 2.1731781249999997E+01    -6.7535879740126425E-02
 2.1794318749999999E+01    -5.8357172882296485E-02
 2.1856856249999996E+01    -5.0256722198828305E-02
 2.1919393749999998E+01    -4.3132733923296966E-02
 2.1981931249999999E+01    -3.6883368094840767E-02
 2.2044468749999997E+01    -3.1406705789081085E-02
 2.2107006249999998E+01    -2.6600719135660495E-02
 2.2169543749999999E+01    -2.2363246562652504E-02
 2.2232081249999997E+01    -1.8591974818468103E-02
 2.2294618749999998E+01    -1.5184428452409094E-02
 2.2357156249999996E+01    -1.2037966639820954E-02
 2.2419693749999997E+01    -9.0497865591389025E-03
 2.2482231249999998E+01    -6.1169319948581038E-03
 2.2544768749999996E+01    -3.1363054682050431E-03
 2.2607306249999997E+01    -4.6819898738729515E-06
 2.2669843749999998E+01     3.3812775191833172E-03
 2.2732381249999996E+01     7.1250149952572931E-03
 2.2794918749999997E+01     1.1330067818232113E-02
 2.2857456249999998E+01     1.6100066514475382E-02
 2.2919993749999996E+01     2.1538738456811160E-02
 2.2982531249999997E+01     2.7749917964353908E-02
 2.3045068749999999E+01     3.4837562690511373E-02
 2.3107606249999996E+01     4.2905775659796780E-02
 2.3170143749999998E+01     5.2058831795461176E-02
 2.3232681249999999E+01     6.2401207290138330E-02
 2.3295218749999997E+01     7.4037609726257267E-02
 2.3357756249999998E+01     8.7072772335676368E-02
 2.3420293749999999E+01     1.0153234342420045E-01
 2.3482831249999997E+01     1.1724770940633611E-01
 2.3545368749999998E+01     1.3402127658982982E-01
 2.3607906249999996E+01     1.5165570088239158E-01
 2.3670443749999997E+01     1.6995383474391501E-01
 2.3732981249999998E+01     1.8871866067991819E-01
 2.3795518749999996E+01     2.0775321429064367E-01
 2.3858056249999997E+01     2.2686050015435705E-01
 2.3920593749999998E+01     2.4584340392054710E-01
 2.3983131249999996E+01     2.6450460399372377E-01
 2.4045668749999997E+01     2.8264648616172972E-01
 2.4108206249999999E+01     3.0007106450302723E-01
 2.4170743749999996E+01     3.1657991190836388E-01
 2.4233281249999997E+01     3.3197410355910129E-01
 2.4295818749999999E+01     3.4605417667782462E-01
 2.4358356249999996E+01     3.5862010974670350E-01
 2.4420893749999998E+01     3.6947132410422734E-01
 2.4483431249999999E+01     3.7840671031050788E-01
 2.4545968749999997E+01     3.8522468085856676E-01
 2.4608506249999998E+01     3.8972324967604921E-01
 2.4671043749999995E+01     3.9170013742341464E-01
 2.4733581249999997E+01     3.9095289991757143E-01
 2.4796118749999998E+01     3.8727907521590460E-01
 2.4858656249999996E+01     3.8047634315558004E-01
 2.4921193749999997E+01     3.7034268965973105E-01
 2.4983731249999998E+01     3.5667656710457590E-01
 2.5046268749999996E+01     3.3928838325858268E-01
 2.5108806249999997E+01     3.1825014138772145E-01
 2.5171343749999998E+01     2.9389552362543708E-01
 2.5233881249999996E+01     2.6657039655556958E-01
 2.5296418749999997E+01     2.3662143347997139E-01
 2.5358956249999999E+01     2.0439603908008450E-01
 2.5421493749999996E+01     1.7024224558254059E-01
 2.5484031249999997E+01     1.3450859075795205E-01
 2.5546568749999999E+01     9.7543987134793425E-02
 2.5609106249999996E+01     5.9697590195654890E-02
 2.5671643749999998E+01     2.1318671400306369E-02
 2.5734181249999999E+01    -1.7243500024348067E-02
 2.5796718749999997E+01    -5.5639764214637760E-02
 2.5859256249999998E+01    -9.3521165587201929E-02
 2.5921793749999996E+01    -1.3053903506296957E-01
 2.5984331249999997E+01    -1.6634505925819190E-01
 2.6046868749999998E+01    -2.0059133601790402E-01
 2.6109406249999996E+01    -2.3293041511059231E-01
 2.6171943749999997E+01    -2.6301532227083746E-01
 2.6234481249999998E+01    -2.9049956428873802E-01
 2.6297018749999996E+01    -3.1503711271483953E-01
 2.6359556249999997E+01    -3.3628236415371404E-01
 2.6422093749999998E+01    -3.5389007616322465E-01
 2.6484631249999996E+01    -3.6751527946024282E-01
 2.6547168749999997E+01    -3.7681316933020803E-01
 2.6609706249999999E+01    -3.8143898158865308E-01
 2.6672243749999996E+01    -3.8104786077680164E-01
 2.6734781249999997E+01    -3.7536941343804597E-01
 2.6797318749999999E+01    -3.6462940259550947E-01
 2.6859856249999996E+01    -3.4925570695463998E-01
 2.6922393749999998E+01    -3.2967633501328303E-01
 2.6984931249999995E+01    -3.0631882922682113E-01
 2.7047468749999997E+01    -2.7961030294289696E-01
 2.7110006249999998E+01    -2.4997750283403786E-01
 2.7172543749999996E+01    -2.1784688584276535E-01
 2.7235081249999997E+01    -1.8364469985992224E-01
 2.7297618749999998E+01    -1.4779705869586646E-01
 2.7360156249999996E+01    -1.1073000401725747E-01
 2.7422693749999997E+01    -7.2869549435605682E-02
 2.7485231249999998E+01    -3.4641704519584447E-02
 2.7547768749999996E+01     3.5275210860668169E-03
 2.7610306249999997E+01     4.1212131176630667E-02
 2.7672843749999998E+01     7.7986170226356344E-02
 2.7735381249999996E+01     1.1342375924277392E-01
 2.7797918749999997E+01     1.4709913440277253E-01
 2.7860456249999999E+01     1.7858668238428327E-01
 2.7922993749999996E+01     2.0746096653344198E-01
 2.7985531249999998E+01     2.3329673871362147E-01
 2.8048068749999995E+01     2.5566893285595554E-01
 2.8110606249999996E+01     2.7415263782309851E-01
 2.8173143749999998E+01     2.8832304911087769E-01
 2.8235681249999995E+01     2.9775540099009784E-01
 2.8298218749999997E+01     3.0202488272121730E-01
 2.8360756249999998E+01     3.0070722956830870E-01
 2.8423293749999996E+01     2.9361027592714112E-01
 2.8485831249999997E+01     2.8111106594699770E-01
 2.8548368749999998E+01     2.6367194472534622E-01
 2.8610906249999996E+01     2.4175488176490062E-01
 2.8673443749999997E+01     2.1582147893132500E-01
 2.8735981249999998E+01     1.8633298584768906E-01
 2.8798518749999996E+01     1.5375031814721310E-01
 2.8861056249999997E+01     1.1853407367072380E-01
 2.8923593749999998E+01     8.1144541682901236E-02
 2.8986131249999996E+01     4.2041700444391088E-02
 2.9048668749999997E+01     1.6851990450131886E-03
 2.9111206249999999E+01    -3.9465679635592846E-02
 2.9173743749999996E+01    -8.0952076511660614E-02
 2.9236281249999998E+01    -1.2231563404693511E-01
 2.9298818749999995E+01    -1.6309859117576986E-01
 2.9361356249999996E+01    -2.0284388926481942E-01
 2.9423893749999998E+01    -2.4109527963361960E-01
 2.9486431249999995E+01    -2.7739741995246059E-01
 2.9548968749999997E+01    -3.1129594431823326E-01
 2.9611506249999998E+01    -3.4233749057888302E-01
 2.9674043749999996E+01    -3.7006966913062544E-01
 2.9736581249999997E+01    -3.9404096041236281E-01
 2.9799118749999998E+01    -4.1380053385676563E-01
 2.9861656249999996E+01    -4.2889798890426439E-01
 2.9924193749999997E+01    -4.3888302812364949E-01
 2.9986731249999998E+01    -4.4330508229498311E-01
 3.0049268749999996E+01    -4.4173173118224696E-01
 3.0111806249999997E+01    -4.3416226069983382E-01
 3.0174343749999998E+01    -4.2102736174409999E-01
 3.0236881249999996E+01    -4.0277502902770573E-01
 3.0299418749999997E+01    -3.7985170905457044E-01
 3.0361956249999995E+01    -3.5270236159098417E-01
 3.0424493749999996E+01    -3.2177060138449182E-01
 3.0487031249999998E+01    -2.8749889688916447E-01
 3.0549568749999995E+01    -2.5032880032891847E-01
 3.0612106249999997E+01    -2.1070118448995928E-01
 3.0674643749999998E+01    -1.6905646530330404E-01
 3.0737181249999995E+01    -1.2583479449612436E-01
 3.0799718749999997E+01    -8.1476212340448273E-02
 3.0862256249999998E+01    -3.6420756002059219E-02
 3.0924793749999996E+01     8.8914763304243517E-03
 3.0987331249999997E+01     5.4020301711528565E-02
 3.1049868749999998E+01     9.8525462666715205E-02
 3.1112406249999996E+01     1.4196666323138621E-01
 3.1174943749999997E+01     1.8390362161773716E-01
 3.1237481249999998E+01     2.2389612978662565E-01
 3.1300018749999996E+01     2.6150411003251783E-01
 3.1362556249999997E+01     2.9628765886348557E-01
 3.1425093749999998E+01     3.2780706904333556E-01
 3.1487631249999996E+01     3.5562282179507132E-01
 3.1550168749999997E+01     3.7929554299740537E-01
 3.1612706249999995E+01     3.9838591984445171E-01
 3.1675243749999996E+01     4.1245457786885148E-01
 3.1737781249999998E+01     4.2114025442817532E-01
 3.1800318749999995E+01     4.2460203686685971E-01
 3.1862856249999997E+01     4.2321088453233713E-01
 3.1925393749999998E+01     4.1733770418797939E-01
 3.1987931249999995E+01     4.0735264551334793E-01
 3.2050468750000000E+01     3.9362505549811605E-01
 3.2113006249999998E+01     3.7652346737693726E-01
 3.2175543750000003E+01     3.5641562286101847E-01
 3.2238081250000000E+01     3.3366852345791320E-01
 3.2300618749999998E+01     3.0864850457830645E-01
 3.2363156250000003E+01     2.8172132502398051E-01
 3.2425693750000001E+01     2.5325226431402664E-01
 3.2488231249999998E+01     2.2360622100272298E-01
 3.2550768750000003E+01     1.9314780646112634E-01
 3.2613306250000001E+01     1.6224143028792706E-01
 3.2675843749999999E+01     1.3125137533743456E-01
 3.2738381250000003E+01     1.0054186208628135E-01
 3.2800918750000001E+01     7.0477103533620647E-02
 3.2863456249999999E+01     4.1421352923196951E-02
 3.2925993750000004E+01     1.3738947221902297E-02
 3.2988531250000001E+01    -1.2205650533491479E-02
 3.3051068749999999E+01    -3.6047807183058909E-02
 3.3113606250000004E+01    -5.7422671516581279E-02
 3.3176143750000001E+01    -7.5965121291123358E-02
 3.3238681249999999E+01    -9.1309705201904331E-02
 3.3301218749999997E+01    -1.0309058107450116E-01
 3.3363756250000002E+01    -1.1094193592610388E-01
 3.3426293749999999E+01    -1.1466124777172472E-01
 3.3488831249999997E+01    -1.1444697335794336E-01
 3.3551368750000002E+01    -1.1055738972899620E-01
 3.3613906249999999E+01    -1.0325020633210387E-01
 3.3676443749999997E+01    -9.2782590098580295E-02
 3.3738981250000002E+01    -7.9411199165194193E-02
 3.3801518750000000E+01    -6.3392223039212173E-02
 3.3864056249999997E+01    -4.4981426561119836E-02
 3.3926593750000002E+01    -2.4434194918797635E-02
 3.3989131250000000E+01    -2.0055771854166787E-03
 3.4051668749999997E+01     2.2049673666007141E-02
 3.4114206250000002E+01     4.7477065649300106E-02
 3.4176743750000000E+01     7.4022338155258077E-02
 3.4239281249999998E+01     1.0143143764710080E-01
 3.4301818750000002E+01     1.2945049771454359E-01
 3.4364356250000000E+01     1.5782582190967259E-01
 3.4426893749999998E+01     1.8630386733001036E-01
 3.4489431250000003E+01     2.1463122666840534E-01
 3.4551968750000000E+01     2.4255460644036461E-01
 3.4614506249999998E+01     2.6982079933452541E-01
 3.4677043750000003E+01     2.9617664910066810E-01
 3.4739581250000001E+01     3.2136900706237259E-01
 3.4802118749999998E+01     3.4514468016780192E-01
 3.4864656250000003E+01     3.6725037140280498E-01
 3.4927193750000001E+01     3.8743261430021042E-01
 3.4989731249999998E+01     4.0543770409202007E-01
 3.5052268750000003E+01     4.2101866002104538E-01
 3.5114806250000001E+01     4.3408984952277019E-01
 3.5177343749999999E+01     4.4472693444398531E-01
 3.5239881250000003E+01     4.5301214766044196E-01
 3.5302418750000001E+01     4.5902724646615156E-01
 3.5364956249999999E+01     4.6285351134859393E-01
 3.5427493750000004E+01     4.6457175739979018E-01
 3.5490031250000001E+01     4.6426235645947278E-01
 3.5552568749999999E+01     4.6200526764638228E-01
 3.5615106249999997E+01     4.5788007375172235E-01
 3.5677643750000001E+01     4.5196602102409683E-01
 3.5740181249999999E+01     4.4434206012537003E-01
 3.5802718749999997E+01     4.3508688642549598E-01
 3.5865256250000002E+01     4.2427897826996341E-01
 3.5927793749999999E+01     4.1199663233694644E-01
 3.5990331249999997E+01     3.9831799565233045E-01
 3.6052868750000002E+01     3.8332109421197541E-01
 3.6115406249999999E+01     3.6708385844914299E-01
 3.6177943749999997E+01     3.4968414597257924E-01
 3.6240481250000002E+01     3.3119976209154656E-01
 3.6303018750000000E+01     3.1170847865155071E-01
 3.6365556249999997E+01     2.9128805164838056E-01
 3.6428093750000002E+01     2.7001623799047858E-01
 3.6490631250000000E+01     2.4797081166219276E-01
 3.6553168749999998E+01     2.2522957942233773E-01
 3.6615706250000002E+01     2.0187039606879892E-01
 3.6678243750000000E+01     1.7797117922082972E-01
 3.6740781249999998E+01     1.5360920261018468E-01
 3.6803318750000003E+01     1.2885703706262236E-01
 3.6865856250000000E+01     1.0378539333888998E-01
 3.6928393749999998E+01     7.8465066747784529E-02
 3.6990931250000003E+01     5.2966932813716637E-02
 3.7053468750000000E+01     2.7361934401806010E-02
 3.7116006249999998E+01     1.7210667656849055E-03
 3.7178543750000003E+01    -2.3884638690711169E-02
 3.7241081250000001E+01    -4.9384131064699251E-02
 3.7303618749999998E+01    -7.4706356087710785E-02
 3.7366156250000003E+01    -9.9780270773932922E-02
 3.7428693750000001E+01    -1.2453485561620573E-01
 3.7491231249999998E+01    -1.4889912339295772E-01
 3.7553768750000003E+01    -1.7280212372287193E-01
 3.7616306250000001E+01    -1.9617294262243848E-01
 3.7678843749999999E+01    -2.1894069648816797E-01
 3.7741381250000003E+01    -2.4103452013954443E-01
 3.7803918750000001E+01    -2.6238354881586645E-01
 3.7866456249999999E+01    -2.8291689430900979E-01
 3.7928993749999997E+01    -3.0256361571805468E-01
 3.7991531250000001E+01    -3.2125268560867637E-01
 3.8054068749999999E+01    -3.3891295262361343E-01
 3.8116606249999997E+01    -3.5547310179274755E-01
 3.8179143750000001E+01    -3.7086161390561700E-01
 3.8241681249999999E+01    -3.8500672531441948E-01
 3.8304218749999997E+01    -3.9783638941849336E-01
 3.8366756250000002E+01    -4.0927833965694227E-01
 3.8429293749999999E+01    -4.1929345704267118E-01
 3.8491831249999997E+01    -4.2792435825551445E-01
 3.8554368750000002E+01    -4.3522560318064257E-01
 3.8616906250000000E+01    -4.4125131884573088E-01
 3.8679443749999997E+01    -4.4605518157185803E-01
 3.8741981250000002E+01    -4.4969040461461868E-01
 3.8804518750000000E+01    -4.5220973044179968E-01
 3.8867056249999997E+01    -4.5366542712643526E-01
 3.8929593750000002E+01    -4.5410928876471235E-01
 3.8992131250000000E+01    -4.5359264030128493E-01
 3.9054668749999998E+01    -4.5216634760279339E-01
 3.9117206250000002E+01    -4.4988083400936502E-01
 3.9179743750000000E+01    -4.4678610486644793E-01
 3.9242281249999998E+01    -4.4293178165780533E-01
 3.9304818750000003E+01    -4.3836714729908693E-01
 3.9367356250000000E+01    -4.3314120389747957E-01
 3.9429893749999998E+01    -4.2730274383794087E-01
 3.9492431250000003E+01    -4.2090043443664105E-01
 3.9554968750000000E+01    -4.1398291563842193E-01
 3.9617506249999998E+01    -4.0659890937263560E-01
 3.9680043750000003E+01    -3.9879733827876251E-01
 3.9742581250000001E+01    -3.9062745063767801E-01
 3.9805118749999998E+01    -3.8213894757048328E-01
 3.9867656250000003E+01    -3.7338210796838472E-01
 3.9930193750000001E+01    -3.6440790626164876E-01
 3.9992731249999999E+01    -3.5526811807644226E-01
 4.0055268750000003E+01    -3.4601391651852154E-01
 4.0117806250000001E+01    -3.3666310308484354E-01
 4.0180343749999999E+01    -3.2720014290206906E-01
 4.0242881249999996E+01    -3.1760899467557624E-01
 4.0305418750000001E+01    -3.0787456267616120E-01
 4.0367956249999999E+01    -2.9798263344016701E-01
 4.0430493749999997E+01    -2.8791979437976239E-01
 4.0493031250000001E+01    -2.7767333901882479E-01
 4.0555568749999999E+01    -2.6723116367799860E-01
 4.0618106249999997E+01    -2.5658166025283047E-01
 4.0680643750000002E+01    -2.4571360931876651E-01
 4.0743181249999999E+01    -2.3461607722077821E-01
 4.0805718749999997E+01    -2.2327832012844034E-01
 4.0868256250000002E+01    -2.1168969731914397E-01
 4.0930793749999999E+01    -1.9983959524326295E-01
 4.0993331249999997E+01    -1.8771736326501537E-01
 4.1055868750000002E+01    -1.7531226138899828E-01
 4.1118406250000000E+01    -1.6261341979121002E-01
 4.1180943749999997E+01    -1.4960980958154158E-01
 4.1243481250000002E+01    -1.3629022393088722E-01
 4.1306018750000000E+01    -1.2264326849300153E-01
 4.1368556249999997E+01    -1.0865735992800939E-01
 4.1431093750000002E+01    -9.4320731277706849E-02
 4.1493631250000000E+01    -7.9621442938126674E-02
 4.1556168749999998E+01    -6.4547398008261758E-02
 4.1618706250000002E+01    -4.9086360852084843E-02
 4.1681243750000000E+01    -3.3225977782044017E-02
 4.1743781249999998E+01    -1.6960619533891257E-02
 4.1806318750000003E+01    -3.2992629296929804E-04
 4.1868856250000000E+01     1.6608019143242437E-02
 4.1931393749999998E+01     3.3795120434476321E-02
 4.1993931250000003E+01     5.1173314828904901E-02
 4.2056468750000001E+01     6.8684573140557342E-02
 4.2119006249999998E+01     8.6270907984848683E-02
 4.2181543750000003E+01     1.0387439097140017E-01
 4.2244081250000001E+01     1.2143717937698961E-01
 4.2306618749999998E+01     1.3890155261259551E-01
 4.2369156249999996E+01     1.5620995855273062E-01
 4.2431693750000001E+01     1.7330506950912658E-01
 4.2494231249999999E+01     1.9012984730196311E-01
 4.2556768749999996E+01     2.0662761651117595E-01
 4.2619306250000001E+01     2.2274214458210395E-01
 4.2681843749999999E+01     2.3841772702326075E-01
 4.2744381249999996E+01     2.5359927548351691E-01
 4.2806918750000001E+01     2.6823240605123488E-01
 4.2869456249999999E+01     2.8226352470390720E-01
 4.2931993749999997E+01     2.9563990648230054E-01
 4.2994531250000001E+01     3.0830976469949922E-01
 4.3057068749999999E+01     3.2022230635453997E-01
 4.3119606249999997E+01     3.3132776993231694E-01
 4.3182143750000002E+01     3.4157744196109058E-01
 4.3244681249999999E+01     3.5092364908381535E-01
 4.3307218749999997E+01     3.5931972298674475E-01
 4.3369756250000002E+01     3.6671999601805183E-01
 4.3432293749999999E+01     3.7309988738553557E-01
 4.3494831249999997E+01     3.7848515220068102E-01
 4.3557368750000002E+01     3.8290957030488948E-01
 4.3619906250000000E+01     3.8640729664247675E-01
 4.3682443749999997E+01     3.8901265867877849E-01
 4.3744981250000002E+01     3.9075994411293863E-01
 4.3807518750000000E+01     3.9168318483990983E-01
 4.3870056249999998E+01     3.9181594332407627E-01
 4.3932593750000002E+01     3.9119110751213926E-01
 4.3995131250000000E+01     3.8984070013951277E-01
 4.4057668749999998E+01     3.8779570778831846E-01
 4.4120206250000003E+01     3.8508593436208971E-01
 4.4182743750000000E+01     3.8173988278682258E-01
 4.4245281249999998E+01     3.7778466777010866E-01
 4.4307818750000003E+01     3.7324596139339539E-01
 4.4370356250000000E+01     3.6814797222169293E-01
 4.4432893749999998E+01     3.6251345753405312E-01
 4.4495431250000003E+01     3.5636376724788227E-01
 4.4557968750000001E+01     3.4971891716720171E-01
 4.4620506249999998E+01     3.4259768836060833E-01
 4.4683043749999996E+01     3.3501774879385904E-01
 4.4745581250000001E+01     3.2699579282283764E-01
 4.4808118749999998E+01     3.1854769380653891E-01
 4.4870656249999996E+01     3.0968866493076708E-01
 4.4933193750000001E+01     3.0043342333912443E-01
 4.4995731249999999E+01     2.9079635283973027E-01
 4.5058268749999996E+01     2.8079208515068110E-01
 4.5120806250000001E+01     2.7044498326064892E-01
 4.5183343749999999E+01     2.5978927777018618E-01
 4.5245881249999996E+01     2.4885985448467324E-01
 4.5308418750000001E+01     2.3769193559577478E-01
 4.5370956249999999E+01     2.2632116351977818E-01
 4.5433493749999997E+01     2.1478366320214093E-01
 4.5496031250000001E+01     2.0311608393602604E-01
 4.5558568749999999E+01     1.9135562233564274E-01
 4.5621106249999997E+01     1.7954002853841408E-01
 4.5683643750000002E+01     1.6770759798988111E-01
 4.5746181249999999E+01     1.5589715130576426E-01
 4.5808718749999997E+01     1.4414800472590111E-01
 4.5871256250000002E+01     1.3249993359670728E-01
 4.5933793750000000E+01     1.2099313116483811E-01
 4.5996331249999997E+01     1.0966816475664101E-01
 4.6058868750000002E+01     9.8565931175363067E-02
 4.6121406250000000E+01     8.7727612887490675E-02
 4.6183943749999997E+01     7.7194636304628722E-02
 4.6246481250000002E+01     6.7008633208092833E-02
 4.6309018750000000E+01     5.7211406116894140E-02
 4.6371556249999998E+01     4.7844898170581129E-02
 4.6434093750000002E+01     3.8951167888782133E-02
 4.6496631250000000E+01     3.0572368979964518E-02
 4.6559168749999998E+01     2.2750735202860230E-02
 4.6621706250000003E+01     1.5528570134624151E-02
 4.6684243750000000E+01     8.9482415695117720E-03
 4.6746781249999998E+01     3.0453336866307430E-03
 4.6809318750000003E+01    -2.1900197635306975E-03
 4.6871856250000000E+01    -6.7861850975817865E-03
 4.6934393749999998E+01    -1.0771514124061143E-02
 4.6996931249999996E+01    -1.4174287238090076E-02
 4.7059468750000001E+01    -1.7022710544099675E-02
 4.7122006249999998E+01    -1.9344912685732171E-02
 4.7184543749999996E+01    -2.1168941746646266E-02
 4.7247081250000001E+01    -2.2522762503576987E-02
 4.7309618749999998E+01    -2.3434254238314994E-02
 4.7372156249999996E+01    -2.3931209248418510E-02
 4.7434693750000001E+01    -2.4041332137622537E-02
 4.7497231249999999E+01    -2.3792239916159495E-02
 4.7559768749999996E+01    -2.3211462898533337E-02
 4.7622306250000001E+01    -2.2326446351618269E-02
 4.7684843749999999E+01    -2.1164552819067838E-02
 4.7747381249999997E+01    -1.9753065028598270E-02
 4.7809918750000001E+01    -1.8119189276326039E-02
 4.7872456249999999E+01    -1.6290059176447175E-02
 4.7934993749999997E+01    -1.4292739664529912E-02
 4.7997531250000002E+01    -1.2154231147868389E-02
 4.8060068749999999E+01    -9.9014737059513035E-03
 4.8122606249999997E+01    -7.5613512573818129E-03
 4.8185143750000002E+01    -5.1606956257629058E-03
 4.8247681249999999E+01    -2.7262904553299692E-03
 4.8310218749999997E+01    -2.8487494672996950E-04
 4.8372756250000002E+01     2.1368525964195204E-03
 4.8435293750000000E+01     4.5122313994392527E-03
 4.8497831249999997E+01     6.8146349968406386E-03
 4.8560368750000002E+01     9.0174681127910827E-03
 4.8622906250000000E+01     1.1094163577622319E-02
 4.8685443749999997E+01     1.3018179202632749E-02
 4.8747981250000002E+01     1.4762994524793517E-02
 4.8810518750000000E+01     1.6302107325706590E-02
 4.8873056249999998E+01     1.7609029825621719E-02
 4.8935593750000002E+01     1.8657284453787414E-02
 4.8998131250000000E+01     1.9420399101152348E-02
 4.9060668749999998E+01     1.9911748207070826E-02
 4.9123206250000003E+01     2.0392843500521857E-02
 4.9185743750000000E+01     2.0964023339822835E-02
 4.9248281249999998E+01     2.1646250718092792E-02
 4.9310818749999996E+01     2.2411846419307321E-02
 4.9373356250000001E+01     2.3184372132737670E-02
 4.9435893749999998E+01     2.3845709994377913E-02
 4.9498431249999996E+01     2.4249216499542467E-02
 4.9560968750000001E+01     2.4236727528341866E-02
 4.9623506249999998E+01     2.3656437863910810E-02
 4.9686043749999996E+01     2.2378424040848575E-02
 4.9748581250000001E+01     2.0304902844830081E-02
 4.9811118749999999E+01     1.7373203862723872E-02
 4.9873656249999996E+01     1.3550761862920471E-02
 4.9936193750000001E+01     8.8229850911896359E-03
 4.9998731249999999E+01     3.1763463407099295E-03
