#                  time                       real
 3.1268749999999998E-02    -5.3072141315557422E-03
 9.3806249999999994E-02    -1.5146380151180489E-02
 1.5634375000000000E-01    -2.4009661628044694E-02
 2.1888124999999997E-01    -3.1980960024646767E-02
 2.8141875000000000E-01    -3.9150925907090822E-02
 3.4395625000000002E-01    -4.5603856106373665E-02
 4.0649374999999999E-01    -5.1404421757581982E-02
 4.6903124999999996E-01    -5.6586592784295120E-02
 5.3156874999999992E-01    -6.1146812582630029E-02
 5.9410624999999995E-01    -6.5042830829039250E-02
 6.5664374999999997E-01    -6.8198714561050908E-02
 7.1918124999999988E-01    -7.0515562618637007E-02
 7.8171874999999991E-01    -7.1886507543630504E-02
 8.4425624999999993E-01    -7.2213864786852752E-02
 9.0679374999999984E-01    -7.1425913555530157E-02
 9.6933124999999987E-01    -6.9490837471098188E-02
 1.0318687499999999E+00    -6.6504726186905047E-02
 1.0944062499999998E+00    -6.2974310654668852E-02
 1.1569437499999999E+00    -5.9019713031877113E-02
 1.2194812499999999E+00    -5.4686967133202716E-02
 1.2820187500000000E+00    -5.0022108289316053E-02
 1.3445562499999999E+00    -4.5071172295522835E-02
 1.4070937499999998E+00    -3.9880194607682412E-02
 1.4696312499999999E+00    -3.4495209789228723E-02
 1.5321687499999999E+00    -2.8962251203022277E-02
 1.5947062499999998E+00    -2.3327350932083303E-02
 1.6572437499999999E+00    -1.7636539904199760E-02
 1.7197812499999998E+00    -1.1935848187171829E-02
 1.7823187499999997E+00    -6.2713054142297811E-03
 1.8448562499999999E+00    -6.8894129310259882E-04
 1.9073937499999998E+00     4.7652138525557785E-03
 1.9699312499999999E+00     1.0045128564017011E-02
 2.0324687500000000E+00     1.5104769807070364E-02
 2.0950062500000000E+00     1.9898102667036708E-02
 2.1575437499999999E+00     2.4379090234431470E-02
 2.2200812500000002E+00     2.8501693733326360E-02
 2.2826187500000001E+00     3.2219872939546049E-02
 2.3451562500000001E+00     3.5487586929184280E-02
 2.4076937500000000E+00     3.8258795189589218E-02
 2.4702312499999999E+00     4.0487459115019740E-02
 2.5327687500000002E+00     4.2127543897733898E-02
 2.5953062500000001E+00     4.3133020812504058E-02
 2.6578437500000001E+00     4.3457869878627549E-02
 2.7203812500000000E+00     4.3056082868671269E-02
 2.7829187499999999E+00     4.1881666617636218E-02
 2.8454562499999998E+00     3.9888646570226109E-02
 2.9079937500000002E+00     3.7031070487611437E-02
 2.9705312500000001E+00     3.3263012218673796E-02
 3.0330687500000000E+00     2.8538575424229357E-02
 3.0956062499999999E+00     2.2811897126142393E-02
 3.1581437499999998E+00     1.6037150936324362E-02
 3.2206812500000002E+00     8.1685498030303685E-03
 3.2832187500000001E+00    -8.3965190696838415E-04
 3.3457562500000000E+00    -1.1033007115175682E-02
 3.4082937499999999E+00    -2.2406149742933847E-02
 3.4708312499999998E+00    -3.4828958523315426E-02
 3.5333687499999997E+00    -4.8152517494310113E-02
 3.5959062500000001E+00    -6.2227885141110724E-02
 3.6584437500000000E+00    -7.6906105740987427E-02
 3.7209812499999999E+00    -9.2038222137422562E-02
 3.7835187499999998E+00    -1.0747528969159242E-01
 3.8460562499999997E+00    -1.2306839111318837E-01
 3.9085937500000001E+00    -1.3866865182586444E-01
 3.9711312500000000E+00    -1.5412725547396056E-01
 4.0336687499999995E+00    -1.6929545912651700E-01
 4.0962062499999998E+00    -1.8402460768347750E-01
 4.1587437499999993E+00    -1.9816614694037388E-01
 4.2212812499999997E+00    -2.1157163472631418E-01
 4.2838187499999991E+00    -2.2409274950146527E-01
 4.3463562499999995E+00    -2.3558129579111986E-01
 4.4088937499999998E+00    -2.4588920585059726E-01
 4.4714312499999993E+00    -2.5486853700497625E-01
 4.5339687499999997E+00    -2.6237146419481383E-01
 4.5965062499999991E+00    -2.6825026738622271E-01
 4.6590437499999995E+00    -2.7235731367044613E-01
 4.7215812499999998E+00    -2.7454503408027775E-01
 4.7841187499999993E+00    -2.7466589538015135E-01
 4.8466562499999997E+00    -2.7257236733148266E-01
 4.9091937499999991E+00    -2.6811688617959661E-01
 4.9717312499999995E+00    -2.6115181533586501E-01
 5.0342687499999998E+00    -2.5153610766597845E-01
 5.0968062499999993E+00    -2.3928273572582562E-01
 5.1593437499999997E+00    -2.2455865503134931E-01
 5.2218812499999991E+00    -2.0753730626032404E-01
 5.2844187499999995E+00    -1.8839189589125446E-01
 5.3469562499999990E+00    -1.6729538807869510E-01
 5.4094937499999993E+00    -1.4442050409329260E-01
 5.4720312499999997E+00    -1.1993972874095737E-01
 5.5345687499999991E+00    -9.4025322986059603E-02
 5.5971062499999995E+00    -6.6849341900306877E-02
 5.6596437499999990E+00    -3.8583657035642621E-02
 5.7221812499999993E+00    -9.3999823634565473E-03
 5.7847187499999997E+00     2.0530096983201438E-02
 5.8472562499999992E+00     5.1035093802286165E-02
 5.9097937499999995E+00     8.1943586251441769E-02
 5.9723312499999990E+00     1.1308418398465675E-01
 6.0348687499999993E+00     1.4428549326371881E-01
 6.0974062499999997E+00     1.7537608124359733E-01
 6.1599437499999992E+00     2.0618443961032484E-01
 6.2224812499999995E+00     2.3653894778190918E-01
 6.2850187499999990E+00     2.6626783596845988E-01
 6.3475562499999993E+00     2.9519914852337814E-01
 6.4100937499999997E+00     3.2316070819491760E-01
 6.4726312499999992E+00     3.4998008209355252E-01
 6.5351687499999995E+00     3.7548455040763956E-01
 6.5977062499999990E+00     3.9950107910600463E-01
 6.6602437499999994E+00     4.2185629803591762E-01
 6.7227812499999997E+00     4.4239813792518601E-01
 6.7853187499999992E+00     4.6111811474112563E-01
 6.8478562499999995E+00     4.7806611423829565E-01
 6.9103937499999990E+00     4.9329186495969302E-01
 6.9729312499999994E+00     5.0684479446303310E-01
 7.0354687499999988E+00     5.1877406676587134E-01
 7.0980062499999992E+00     5.2912862743476907E-01
 7.1605437499999995E+00     5.3795725562599639E-01
 7.2230812499999990E+00     5.4530862203806119E-01
 7.2856187499999994E+00     5.5123135139914259E-01
 7.3481562499999988E+00     5.5577408780654114E-01
 7.4106937499999992E+00     5.5898556098202745E-01
 7.4732312499999995E+00     5.6091465132710083E-01
 7.5357687499999990E+00     5.6161045157303480E-01
 7.5983062499999994E+00     5.6112232283534458E-01
 7.6608437499999988E+00     5.5949994300810602E-01
 7.7233812499999992E+00     5.5679334567017946E-01
 7.7859187499999996E+00     5.5305294801547800E-01
 7.8484562499999990E+00     5.4832956674761235E-01
 7.9109937499999994E+00     5.4267442137358557E-01
 7.9735312499999988E+00     5.3613912486450577E-01
 8.0360687500000001E+00     5.2877566219252492E-01
 8.0986062499999996E+00     5.2063635777091111E-01
 8.1611437500000008E+00     5.1177383328759263E-01
 8.2236812500000003E+00     5.0224095780544931E-01
 8.2862187499999997E+00     4.9209079228390695E-01
 8.3487562499999992E+00     4.8137649623476764E-01
 8.4112937500000005E+00     4.7013957064472839E-01
 8.4738312499999999E+00     4.5839277262256656E-01
 8.5363687499999994E+00     4.4614449370629428E-01
 8.5989062500000006E+00     4.3340303675481223E-01
 8.6614437500000001E+00     4.2017657429489874E-01
 8.7239812499999996E+00     4.0647311514067386E-01
 8.7865187500000008E+00     3.9230047963667430E-01
 8.8490562500000003E+00     3.7766628347001535E-01
 8.9115937499999998E+00     3.6257792964204760E-01
 8.9741312499999992E+00     3.4704260789872415E-01
 9.0366687500000005E+00     3.3106730069878199E-01
 9.0992062499999999E+00     3.1465879465183982E-01
 9.1617437499999994E+00     2.9782369628146382E-01
 9.2242812500000007E+00     2.8056845095450794E-01
 9.2868187500000001E+00     2.6289936385799106E-01
 9.3493562499999996E+00     2.4482262198737584E-01
 9.4118937500000008E+00     2.2634431622365520E-01
 9.4744312500000003E+00     2.0747046270970790E-01
 9.5369687499999998E+00     1.8820702287874785E-01
 9.5995062499999992E+00     1.6855992163056571E-01
 9.6620437500000005E+00     1.4853506328768459E-01
 9.7245812500000000E+00     1.2813834508871319E-01
 9.7871187499999994E+00     1.0737566808692005E-01
 9.8496562500000007E+00     8.6252945417146246E-02
 9.9121937500000001E+00     6.4776107973660221E-02
 9.9747312499999996E+00     4.2951107606674400E-02
 1.0037268750000001E+01     2.0785914401624143E-02
 1.0099806250000000E+01    -1.6655636641372796E-03
 1.0162343750000000E+01    -2.4303483392001255E-02
 1.0224881249999999E+01    -4.7025990651604746E-02
 1.0287418750000001E+01    -6.9731220962404528E-02
 1.0349956250000000E+01    -9.2317304495567631E-02
 1.0412493749999999E+01    -1.1468237155103182E-01
 1.0475031250000001E+01    -1.3672455813008005E-01
 1.0537568750000000E+01    -1.5834201121865304E-01
 1.0600106250000000E+01    -1.7943289340036161E-01
 1.0662643749999999E+01    -1.9989538643235627E-01
 1.0725181250000000E+01    -2.1962769344388383E-01
 1.0787718750000000E+01    -2.3852803945856388E-01
 1.0850256249999999E+01    -2.5649466999895415E-01
 1.0912793750000001E+01    -2.7342584760679611E-01
 1.0975331250000000E+01    -2.8921984620430613E-01
 1.1037868749999999E+01    -3.0377494332917199E-01
 1.1100406250000001E+01    -3.1698941039493617E-01
 1.1162943750000000E+01    -3.2876150125370873E-01
 1.1225481250000000E+01    -3.3898943946233123E-01
 1.1288018749999999E+01    -3.4757140476754989E-01
 1.1350556250000000E+01    -3.5440551942085585E-01
 1.1413093750000000E+01    -3.5938983499998073E-01
 1.1475631249999999E+01    -3.6242232044277922E-01
 1.1538168750000001E+01    -3.6340085198365063E-01
 1.1600706250000000E+01    -3.6222320561860921E-01
 1.1663243749999999E+01    -3.5878705261188837E-01
 1.1725781250000001E+01    -3.5301174733926072E-01
 1.1788318750000000E+01    -3.4496139395057646E-01
 1.1850856250000000E+01    -3.3475909326134190E-01
 1.1913393749999999E+01    -3.2252803879031289E-01
 1.1975931250000000E+01    -3.0839135814485391E-01
 1.2038468750000000E+01    -2.9247212938578843E-01
 1.2101006249999999E+01    -2.7489339714770089E-01
 1.2163543750000001E+01    -2.5577818767728278E-01
 1.2226081250000000E+01    -2.3524952206696720E-01
 1.2288618749999999E+01    -2.1343042710360149E-01
 1.2351156249999999E+01    -1.9044394330894923E-01
 1.2413693750000000E+01    -1.6641312990876220E-01
 1.2476231250000000E+01    -1.4146106662145966E-01
 1.2538768749999999E+01    -1.1571085230017762E-01
 1.2601306250000000E+01    -8.9285600590490621E-02
 1.2663843750000000E+01    -6.2308432879990772E-02
 1.2726381249999999E+01    -3.4902468916665638E-02
 1.2788918750000001E+01    -7.1908155629642600E-03
 1.2851456250000000E+01     2.0703445766180995E-02
 1.2913993749999999E+01     4.8657272358699821E-02
 1.2976531249999999E+01     7.6547673464008120E-02
 1.3039068750000000E+01     1.0425172280643449E-01
 1.3101606250000000E+01     1.3164656955966331E-01
 1.3164143749999999E+01     1.5860944696245685E-01
 1.3226681250000000E+01     1.8501767775705824E-01
 1.3289218750000000E+01     2.1074867566859595E-01
 1.3351756249999999E+01     2.3567999186319791E-01
 1.3414293750000001E+01     2.5970608432984255E-01
 1.3476831250000000E+01     2.8276272657863705E-01
 1.3539368750000000E+01     3.0479194627536965E-01
 1.3601906249999999E+01     3.2573580136385566E-01
 1.3664443750000000E+01     3.4553635807376232E-01
 1.3726981250000000E+01     3.6413566648967172E-01
 1.3789518749999999E+01     3.8147573446839828E-01
 1.3852056250000000E+01     3.9749850079162263E-01
 1.3914593750000000E+01     4.1214580850693905E-01
 1.3977131249999999E+01     4.2535937943537533E-01
 1.4039668749999999E+01     4.3708079080235857E-01
 1.4102206250000000E+01     4.4725145487986684E-01
 1.4164743750000000E+01     4.5581260241113924E-01
 1.4227281249999999E+01     4.6270527042995124E-01
 1.4289818750000000E+01     4.6787029489128495E-01
 1.4352356250000000E+01     4.7124830830905484E-01
 1.4414893749999999E+01     4.7277974236108922E-01
 1.4477431250000000E+01     4.7240483518457888E-01
 1.4539968750000000E+01     4.7006364285973057E-01
 1.4602506249999999E+01     4.6569605437765016E-01
 1.4665043749999999E+01     4.5924180922120744E-01
 1.4727581250000000E+01     4.5064051656313076E-01
 1.4790118750000000E+01     4.3983167500970366E-01
 1.4852656249999999E+01     4.2675469179378450E-01
 1.4915193750000000E+01     4.1134890034767213E-01
 1.4977731250000000E+01     3.9355357526215440E-01
 1.5040268749999999E+01     3.7331454308535306E-01
 1.5102806250000000E+01     3.5072937491324485E-01
 1.5165343750000000E+01     3.2604739235620706E-01
 1.5227881249999999E+01     2.9952448949301780E-01
 1.5290418749999999E+01     2.7141653892579309E-01
 1.5352956250000000E+01     2.4197939309001443E-01
 1.5415493750000000E+01     2.1146888265081767E-01
 1.5478031249999999E+01     1.8014081355602099E-01
 1.5540568750000000E+01     1.4825096449134323E-01
 1.5603106250000000E+01     1.1605508655267299E-01
 1.5665643749999999E+01     8.3808906907897426E-02
 1.5728181250000000E+01     5.1768138059673105E-02
 1.5790718750000000E+01     2.0188494033650264E-02
 1.5853256249999999E+01    -1.0674285600587211E-02
 1.5915793749999999E+01    -4.0564403515391811E-02
 1.5978331250000000E+01    -6.9225964522981825E-02
 1.6040868749999998E+01    -9.6402928650496406E-02
 1.6103406249999999E+01    -1.2183905926923833E-01
 1.6165943749999997E+01    -1.4527786895847256E-01
 1.6228481249999998E+01    -1.6646256650142358E-01
 1.6291018749999999E+01    -1.8513600895309318E-01
 1.6353556249999997E+01    -2.0104066299551149E-01
 1.6416093749999998E+01    -2.1391857972537270E-01
 1.6478631249999999E+01    -2.2351138654647357E-01
 1.6541168749999997E+01    -2.2956029894817082E-01
 1.6603706249999998E+01    -2.3180615367334756E-01
 1.6666243749999996E+01    -2.2998946320005306E-01
 1.6728781249999997E+01    -2.2390658001022418E-01
 1.6791318749999999E+01    -2.1372658536072364E-01
 1.6853856249999996E+01    -1.9977062454069161E-01
 1.6916393749999997E+01    -1.8236035026121999E-01
 1.6978931249999999E+01    -1.6181757333151564E-01
 1.7041468749999996E+01    -1.3846434190038043E-01
 1.7104006249999998E+01    -1.1262299775078290E-01
 1.7166543749999999E+01    -8.4616208788899486E-02
 1.7229081249999997E+01    -5.4766978503331447E-02
 1.7291618749999998E+01    -2.3398634401141493E-02
 1.7354156249999999E+01     9.1652017756881053E-03
 1.7416693749999997E+01     4.2600658846498711E-02
 1.7479231249999998E+01     7.6583672694827271E-02
 1.7541768749999999E+01     1.1079005126242901E-01
 1.7604306249999997E+01     1.4489554498283333E-01
 1.7666843749999998E+01     1.7857591974002898E-01
 1.7729381249999999E+01     2.1150702947978392E-01
 1.7791918749999997E+01     2.4336488551869342E-01
 1.7854456249999998E+01     2.7382571940388201E-01
 1.7916993749999996E+01     3.0256603593193837E-01
 1.7979531249999997E+01     3.2926265273272798E-01
 1.8042068749999999E+01     3.5359272277976206E-01
 1.8104606249999996E+01     3.7523373642826036E-01
 1.8167143749999997E+01     3.9386350021182970E-01
 1.8229681249999999E+01     4.0916009071422021E-01
 1.8292218749999996E+01     4.2080178337186913E-01
 1.8354756249999998E+01     4.2846743726028014E-01
 1.8417293749999999E+01     4.3199838161125464E-01
 1.8479831249999997E+01     4.3163410346289310E-01
 1.8542368749999998E+01     4.2767375481757630E-01
 1.8604906249999999E+01     4.2041615136885579E-01
 1.8667443749999997E+01     4.1015970586072231E-01
 1.8729981249999998E+01     3.9720238599255026E-01
 1.8792518749999999E+01     3.8184169700619813E-01
 1.8855056249999997E+01     3.6437468716215149E-01
 1.8917593749999998E+01     3.4509797282769400E-01
 1.8980131249999996E+01     3.2430777894862511E-01
 1.9042668749999997E+01     3.0229999026667548E-01
 1.9105206249999998E+01     2.7937020872259294E-01
 1.9167743749999996E+01     2.5581381295015643E-01
 1.9230281249999997E+01     2.3192601649701511E-01
 1.9292818749999999E+01     2.0800192228029707E-01
 1.9355356249999996E+01     1.8433657168747875E-01
 1.9417893749999998E+01     1.6122498757845846E-01
 1.9480431249999999E+01     1.3896221117160387E-01
 1.9542968749999996E+01     1.1784333336891629E-01
 1.9605506249999998E+01     9.8163521479268906E-02
 1.9668043749999999E+01     8.0218042536239278E-02
 1.9730581249999997E+01     6.4302284492171430E-02
 1.9793118749999998E+01     5.0711776524042303E-02
 1.9855656249999999E+01     3.9742209535026704E-02
 1.9918193749999997E+01     3.1689457706891411E-02
 1.9980731249999998E+01     2.6849601683104650E-02
 2.0043268749999999E+01     2.5507018425139472E-02
 2.0105806249999997E+01     2.7671832364970506E-02
 2.0168343749999998E+01     3.3079933020884966E-02
 2.0230881249999996E+01     4.1455548601994047E-02
 2.0293418749999997E+01     5.2523168879677319E-02
 2.0355956249999998E+01     6.6007531965508917E-02
 2.0418493749999996E+01     8.1633610393999578E-02
 2.0481031249999997E+01     9.9126596319855251E-02
 2.0543568749999999E+01     1.1821188569543992E-01
 2.0606106249999996E+01     1.3861506130580475E-01
 2.0668643749999998E+01     1.6006187451307213E-01
 2.0731181249999999E+01     1.8227822551162876E-01
 2.0793718749999996E+01     2.0499014183637598E-01
 2.0856256249999998E+01     2.2792375481565003E-01
 2.0918793749999999E+01     2.5080527363615807E-01
 2.0981331249999997E+01     2.7336095670570215E-01
 2.1043868749999998E+01     2.9531708007393509E-01
 2.1106406249999999E+01     3.1639990281125457E-01
 2.1168943749999997E+01     3.3633562945467893E-01
 2.1231481249999998E+01     3.5485036990345692E-01
 2.1294018749999996E+01     3.7167009747446461E-01
 2.1356556249999997E+01     3.8652060618719425E-01
 2.1419093749999998E+01     3.9912746871012050E-01
 2.1481631249999996E+01     4.0921599672659059E-01
 2.1544168749999997E+01     4.1651120572492817E-01
 2.1606706249999998E+01     4.2073778633858394E-01
 2.1669243749999996E+01     4.2162008431520526E-01
 2.1731781249999997E+01     4.1893524990824238E-01
 2.1794318749999999E+01     4.1281348345106200E-01
 2.1856856249999996E+01     4.0352882842830806E-01
 2.1919393749999998E+01     3.9135547787770708E-01
 2.1981931249999999E+01     3.7656740425039437E-01
 2.2044468749999997E+01     3.5943841456867059E-01
 2.2107006249999998E+01     3.4024220336411870E-01
 2.2169543749999999E+01     3.1925240145668515E-01
 2.2232081249999997E+01     2.9674261903524052E-01
 2.2294618749999998E+01     2.7298648196019670E-01
 2.2357156249999996E+01     2.4825766068481456E-01
 2.2419693749999997E+01     2.2282989164632311E-01
 2.2482231249999998E+01     1.9697699138248592E-01
 2.2544768749999996E+01     1.7097286396501310E-01
 2.2607306249999997E+01     1.4509150259891107E-01
 2.2669843749999998E+01     1.1960698641476715E-01
 2.2732381249999996E+01     9.4793473582894278E-02
 2.2794918749999997E+01     7.0925191911733271E-02
 2.2857456249999998E+01     4.8276428066555015E-02
 2.2919993749999996E+01     2.7121516466920206E-02
 2.2982531249999997E+01     7.7348288000518373E-03
 2.3045068749999999E+01    -9.6092350721366029E-03
 2.3107606249999996E+01    -2.4636254228087146E-02
 2.3170143749999998E+01    -3.7071791464086248E-02
 2.3232681249999999E+01    -4.6641395628222414E-02
 2.3295218749999997E+01    -5.3070601685044641E-02
 2.3357756249999998E+01    -5.6085345585353420E-02
 2.3420293749999999E+01    -5.5552771352060618E-02
 2.3482831249999997E+01    -5.1686194475227487E-02
 2.3545368749999998E+01    -4.4750984149153433E-02
 2.3607906249999996E+01    -3.5012491203405174E-02
 2.3670443749999997E+01    -2.2736053384794327E-02
 2.3732981249999998E+01    -8.1870034374826647E-03
 2.3795518749999996E+01     8.3693202577434025E-03
 2.3858056249999997E+01     2.6667561102168433E-02
 2.3920593749999998E+01     4.6442330711786051E-02
 2.3983131249999996E+01     6.7428195613308067E-02
 2.4045668749999997E+01     8.9359665690754417E-02
 2.4108206249999999E+01     1.1197118603685650E-01
 2.4170743749999996E+01     1.3499713393974053E-01
 2.4233281249999997E+01     1.5817182269677993E-01
 2.4295818749999999E+01     1.8122951376913360E-01
 2.4358356249999996E+01     2.0390443845011857E-01
 2.4420893749999998E+01     2.2593082970430226E-01
 2.4483431249999999E+01     2.4704296414313345E-01
 2.4545968749999997E+01     2.6697521325893631E-01
 2.4608506249999998E+01     2.8546210208974809E-01
 2.4671043749999995E+01     3.0223837250818958E-01
 2.4733581249999997E+01     3.1703904741888222E-01
 2.4796118749999998E+01     3.2959949142866235E-01
 2.4858656249999996E+01     3.3965546314450090E-01
 2.4921193749999997E+01     3.4694315426410899E-01
 2.4983731249999998E+01     3.5119921112963592E-01
 2.5046268749999996E+01     3.5217141559375431E-01
 2.5108806249999997E+01     3.4985362612001886E-01
 2.5171343749999998E+01     3.4448572496128560E-01
 2.5233881249999996E+01     3.3631856906573088E-01
 2.5296418749999997E+01     3.2560320799712450E-01
 2.5358956249999999E+01     3.1259078196876244E-01
 2.5421493749999996E+01     2.9753242678857700E-01
 2.5484031249999997E+01     2.8067919092844618E-01
 2.5546568749999999E+01     2.6228196829956785E-01
 2.5609106249999996E+01     2.4259144865150420E-01
 2.5671643749999998E+01     2.2185808599355142E-01
 2.5734181249999999E+01     2.0033208417733805E-01
 2.5796718749999997E+01     1.7826339782844411E-01
 2.5859256249999998E+01     1.5590174616770425E-01
 2.5921793749999996E+01     1.3349663687741897E-01
 2.5984331249999997E+01     1.1129739698273906E-01
 2.6046868749999998E+01     8.9553207671515769E-02
 2.6109406249999996E+01     6.8513140015983923E-02
 2.6171943749999997E+01     4.8426188657062698E-02
 2.6234481249999998E+01     2.9541300660598735E-02
 2.6297018749999996E+01     1.2107396970369572E-02
 2.6359556249999997E+01    -3.6266158039299774E-03
 2.6422093749999998E+01    -1.7411845078781570E-02
 2.6484631249999996E+01    -2.8999424676530633E-02
 2.6547168749999997E+01    -3.8140540324857371E-02
 2.6609706249999999E+01    -4.4586467789091963E-02
 2.6672243749999996E+01    -4.8088622146905249E-02
 2.6734781249999997E+01    -4.8440616924965915E-02
 2.6797318749999999E+01    -4.5715548241608533E-02
 2.6859856249999996E+01    -4.0100725338764277E-02
 2.6922393749999998E+01    -3.1784122057879692E-02
 2.6984931249999995E+01    -2.0954046593419567E-02
 2.7047468749999997E+01    -7.7991343953439556E-03
 2.7110006249999998E+01     7.4916711378811875E-03
 2.7172543749999996E+01     2.4729148768311830E-02
 2.7235081249999997E+01     4.3723838541027987E-02
 2.7297618749999998E+01     6.4286088108300679E-02
 2.7360156249999996E+01     8.6226104701287345E-02
 2.7422693749999997E+01     1.0935401162551538E-01
 2.7485231249999998E+01     1.3347990863644560E-01
 2.7547768749999996E+01     1.5841393595792308E-01
 2.7610306249999997E+01     1.8396634192879227E-01
 2.7672843749999998E+01     2.0994755421439112E-01
 2.7735381249999996E+01     2.3616825414520776E-01
 2.7797918749999997E+01     2.6243945302985944E-01
 2.7860456249999999E+01     2.8857256826675676E-01
 2.7922993749999996E+01     3.1437949583432145E-01
 2.7985531249999998E+01     3.3967267441468946E-01
 2.8048068749999995E+01     3.6426513519288450E-01
 2.8110606249999996E+01     3.8797053050185648E-01
 2.8173143749999998E+01     4.1060313419378625E-01
 2.8235681249999995E+01     4.3197780712403566E-01
 2.8298218749999997E+01     4.5190992257685203E-01
 2.8360756249999998E+01     4.7021542244098330E-01
 2.8423293749999996E+01     4.8676932679358653E-01
 2.8485831249999997E+01     5.0159093949089439E-01
 2.8548368749999998E+01     5.1472109475187877E-01
 2.8610906249999996E+01     5.2620026406699405E-01
 2.8673443749999997E+01     5.3606838318486250E-01
 2.8735981249999998E+01     5.4436471028156797E-01
 2.8798518749999996E+01     5.5112772154966161E-01
 2.8861056249999997E+01     5.5639504764095893E-01
 2.8923593749999998E+01     5.6020345172565256E-01
 2.8986131249999996E+01     5.6258884765656547E-01
 2.9048668749999997E+01     5.6358635500461585E-01
 2.9111206249999999E+01     5.6323038659346303E-01
 2.9173743749999996E+01     5.6155476353783096E-01
 2.9236281249999998E+01     5.5859285253914426E-01
 2.9298818749999995E+01     5.5437772013930275E-01
 2.9361356249999996E+01     5.4894229861207722E-01
 2.9423893749999998E+01     5.4231955805751386E-01
 2.9486431249999995E+01     5.3454267900097641E-01
 2.9548968749999997E+01     5.2564521940594344E-01
 2.9611506249999998E+01     5.1566126958487812E-01
 2.9674043749999996E+01     5.0462558818977943E-01
 2.9736581249999997E+01     4.9257371246753456E-01
 2.9799118749999998E+01     4.7954203645182347E-01
 2.9861656249999996E+01     4.6556785186388255E-01
 2.9924193749999997E+01     4.5068934825818957E-01
 2.9986731249999998E+01     4.3494557132053124E-01
 3.0049268749999996E+01     4.1837756560052836E-01
 3.0111806249999997E+01     4.0105519702368753E-01
 3.0174343749999998E+01     3.8307699329761752E-01
 3.0236881249999996E+01     3.6454300631471093E-01
 3.0299418749999997E+01     3.4555338726213364E-01
 3.0361956249999995E+01     3.2620821051088422E-01
 3.0424493749999996E+01     3.0660732956556108E-01
 3.0487031249999998E+01     2.8685026869835156E-01
 3.0549568749999995E+01     2.6703615061153624E-01
 3.0612106249999997E+01     2.4726365777548126E-01
 3.0674643749999998E+01     2.2763102315245987E-01
 3.0737181249999995E+01     2.0823604488280190E-01
 3.0799718749999997E+01     1.8917611911087773E-01
 3.0862256249999998E+01     1.7054828532266439E-01
 3.0924793749999996E+01     1.5244927917685230E-01
 3.0987331249999997E+01     1.3497558865712045E-01
 3.1049868749999998E+01     1.1822351029403810E-01
 3.1112406249999996E+01     1.0228920307529044E-01
 3.1174943749999997E+01     8.7268738397201673E-02
 3.1237481249999998E+01     7.3258144963404798E-02
 3.1300018749999996E+01     6.0353447898401469E-02
 3.1362556249999997E+01     4.8650701534793048E-02
 3.1425093749999998E+01     3.8246015395671469E-02
 3.1487631249999996E+01     2.9235572885835118E-02
 3.1550168749999997E+01     2.1715642192461099E-02
 3.1612706249999995E+01     1.5782578942261413E-02
 3.1675243749999996E+01     1.1532820323637491E-02
 3.1737781249999998E+01     9.0392181927839883E-03
 3.1800318749999995E+01     8.2174274473400064E-03
 3.1862856249999997E+01     8.9189745954356969E-03
 3.1925393749999998E+01     1.0995185444459068E-02
 3.1987931249999995E+01     1.4297347938111538E-02
 3.2050468750000000E+01     1.8676689999324373E-02
 3.2113006249999998E+01     2.3984363002243974E-02
 3.2175543750000003E+01     3.0071431733309922E-02
 3.2238081250000000E+01     3.6788871158413276E-02
 3.2300618749999998E+01     4.3987569809369909E-02
 3.2363156250000003E+01     5.1518339170933125E-02
 3.2425693750000001E+01     5.9231928111018434E-02
 3.2488231249999998E+01     6.6979041160679736E-02
 3.2550768750000003E+01     7.4610359314140326E-02
 3.2613306250000001E+01     8.1976561971726564E-02
 3.2675843749999999E+01     8.8928348673775345E-02
 3.2738381250000003E+01     9.5316459354335401E-02
 3.2800918750000001E+01     1.0099169196479896E-01
 3.2863456249999999E+01     1.0580491646842331E-01
 3.2925993750000004E+01     1.0960708438082432E-01
 3.2988531250000001E+01     1.1224923322689885E-01
 3.3051068749999999E+01     1.1358248550146902E-01
 3.3113606250000004E+01     1.1345804195947359E-01
 3.3176143750000001E+01     1.1172716931930686E-01
 3.3238681249999999E+01     1.0824118273238065E-01
 3.3301218749999997E+01     1.0285142363933107E-01
 3.3363756250000002E+01     9.5409485681375347E-02
 3.3426293749999999E+01     8.5852295537864387E-02
 3.3488831249999997E+01     7.4325971494694928E-02
 3.3551368750000002E+01     6.1008028123984571E-02
 3.3613906249999999E+01     4.6075886686510970E-02
 3.3676443749999997E+01     2.9706866603605046E-02
 3.3738981250000002E+01     1.2078181735219356E-02
 3.3801518750000000E+01    -6.6330592270819177E-03
 3.3864056249999997E+01    -2.6249849072436448E-02
 3.3926593750000002E+01    -4.6595275904474494E-02
 3.3989131250000000E+01    -6.7492515196395139E-02
 3.4051668749999997E+01    -8.8764820566710367E-02
 3.4114206250000002E+01    -1.1023551352376529E-01
 3.4176743750000000E+01    -1.3172797216033005E-01
 3.4239281249999998E+01    -1.5306561853161349E-01
 3.4301818750000002E+01    -1.7407190425311497E-01
 3.4364356250000000E+01    -1.9457029373729215E-01
 3.4426893749999998E+01    -2.1438424447300719E-01
 3.4489431250000003E+01    -2.3333718385564728E-01
 3.4551968750000000E+01    -2.5125248230709418E-01
 3.4614506249999998E+01    -2.6795342278085016E-01
 3.4677043750000003E+01    -2.8326316721348366E-01
 3.4739581250000001E+01    -2.9700472102934539E-01
 3.4802118749999998E+01    -3.0900089738515824E-01
 3.4864656250000003E+01    -3.1907428339354194E-01
 3.4927193750000001E+01    -3.2704721101729362E-01
 3.4989731249999998E+01    -3.3274173560118564E-01
 3.5052268750000003E+01    -3.3598563335373488E-01
 3.5114806250000001E+01    -3.3674458700197984E-01
 3.5177343749999999E+01    -3.3512220527265701E-01
 3.5239881250000003E+01    -3.3122787634472822E-01
 3.5302418750000001E+01    -3.2517080768001516E-01
 3.5364956249999999E+01    -3.1706008111793094E-01
 3.5427493750000004E+01    -3.0700471221807879E-01
 3.5490031250000001E+01    -2.9511371100501993E-01
 3.5552568749999999E+01    -2.8149614125315442E-01
 3.5615106249999997E+01    -2.6626117565253482E-01
 3.5677643750000001E+01    -2.4951814458442470E-01
 3.5740181249999999E+01    -2.3137657675916493E-01
 3.5802718749999997E+01    -2.1194623057025014E-01
 3.5865256250000002E+01    -1.9133711563837325E-01
 3.5927793749999999E+01    -1.6965950460345494E-01
 3.5990331249999997E+01    -1.4702393572770053E-01
 3.6052868750000002E+01    -1.2354120726818987E-01
 3.6115406249999999E+01    -9.9322364847265476E-02
 3.6177943749999997E+01    -7.4478683191004258E-02
 3.6240481250000002E+01    -4.9121643629879294E-02
 3.6303018750000000E+01    -2.3362908679436415E-02
 3.6365556249999997E+01     2.6857051335138658E-03
 3.6428093750000002E+01     2.8912255235789611E-02
 3.6490631250000000E+01     5.5204701026629166E-02
 3.6553168749999998E+01     8.1450931439828650E-02
 3.6615706250000002E+01     1.0753879174610825E-01
 3.6678243750000000E+01     1.3335610946607371E-01
 3.6740781249999998E+01     1.5879261404266026E-01
 3.6803318750000003E+01     1.8375066200156753E-01
 3.6865856250000000E+01     2.0813780285728908E-01
 3.6928393749999998E+01     2.3186167836903115E-01
 3.6990931250000003E+01     2.5483002920180264E-01
 3.7053468750000000E+01     2.7695071623724432E-01
 3.7116006249999998E+01     2.9813174123119185E-01
 3.7178543750000003E+01     3.1828126653119637E-01
 3.7241081250000001E+01     3.3730763341725661E-01
 3.7303618749999998E+01     3.5511937848166825E-01
 3.7366156250000003E+01     3.7162524733266539E-01
 3.7428693750000001E+01     3.8673420480615900E-01
 3.7491231249999998E+01     4.0035544081504759E-01
 3.7553768750000003E+01     4.1239837097034682E-01
 3.7616306250000001E+01     4.2277263118514519E-01
 3.7678843749999999E+01     4.3138806562940102E-01
 3.7741381250000003E+01     4.3815470764412351E-01
 3.7803918750000001E+01     4.4298275354405936E-01
 3.7866456249999999E+01     4.4578252962687726E-01
 3.7928993749999997E+01     4.4646445314379424E-01
 3.7991531250000001E+01     4.4493898844333296E-01
 3.8054068749999999E+01     4.4111659994105190E-01
 3.8116606249999997E+01     4.3490770395423900E-01
 3.8179143750000001E+01     4.2622262173144432E-01
 3.8241681249999999E+01     4.1497153616569366E-01
 3.8304218749999997E+01     4.0106445467855667E-01
 3.8366756250000002E+01     3.8441144634556551E-01
 3.8429293749999999E+01     3.6501245129193333E-01
 3.8491831249999997E+01     3.4308802995920168E-01
 3.8554368750000002E+01     3.1889174408237991E-01
 3.8616906250000000E+01     2.9267695910617320E-01
 3.8679443749999997E+01     2.6469687683540644E-01
 3.8741981250000002E+01     2.3520457505436684E-01
 3.8804518750000000E+01     2.0445305114913287E-01
 3.8867056249999997E+01     1.7269526678608096E-01
 3.8929593750000002E+01     1.4018419089762485E-01
 3.8992131250000000E+01     1.0717283856017988E-01
 3.9054668749999998E+01     7.3914303774912551E-02
 3.9117206250000002E+01     4.0661784637775714E-02
 3.9179743750000000E+01     7.6685998771625135E-03
 3.9242281249999998E+01    -2.4811803779785081E-02
 3.9304818750000003E+01    -5.6525853494029527E-02
 3.9367356250000000E+01    -8.7219861114289102E-02
 3.9429893749999998E+01    -1.1664004216580846E-01
 3.9492431250000003E+01    -1.4453254196212278E-01
 3.9554968750000000E+01    -1.7064346747486592E-01
 3.9617506249999998E+01    -1.9471892334593033E-01
 3.9680043750000003E+01    -2.1650505023185179E-01
 3.9742581250000001E+01    -2.3574806354387071E-01
 3.9805118749999998E+01    -2.5219429060215048E-01
 3.9867656250000003E+01    -2.6559020427302266E-01
 3.9930193750000001E+01    -2.7568245131568381E-01
 3.9992731249999999E+01    -2.8221787393577558E-01
 4.0055268750000003E+01    -2.8495378129804411E-01
 4.0117806250000001E+01    -2.8388362764839320E-01
 4.0180343749999999E+01    -2.7923700549636554E-01
 4.0242881249999996E+01    -2.7125395190590701E-01
 4.0305418750000001E+01    -2.6017466135657247E-01
 4.0367956249999999E+01    -2.4623945322657714E-01
 4.0430493749999997E+01    -2.2968873843603591E-01
 4.0493031250000001E+01    -2.1076298730919243E-01
 4.0555568749999999E+01    -1.8970270039566628E-01
 4.0618106249999997E+01    -1.6674838360186292E-01
 4.0680643750000002E+01    -1.4214052855969767E-01
 4.0743181249999999E+01    -1.1611959873222691E-01
 4.0805718749999997E+01    -8.8926021351097811E-02
 4.0868256250000002E+01    -6.0800184918295370E-02
 4.0930793749999999E+01    -3.1982441696399695E-02
 4.0993331249999997E+01    -2.7131143634171028E-03
 4.1055868750000002E+01     2.6767494179176801E-02
 4.1118406250000000E+01     5.6219088986285817E-02
 4.1180943749999997E+01     8.5401370454368505E-02
 4.1243481250000002E+01     1.1407402215699376E-01
 4.1306018750000000E+01     1.4199670035884929E-01
 4.1368556249999997E+01     1.6892902637674989E-01
 4.1431093750000002E+01     1.9463058285491669E-01
 4.1493631250000000E+01     2.1886091487866621E-01
 4.1556168749999998E+01     2.4137953666469045E-01
 4.1618706250000002E+01     2.6194594433750951E-01
 4.1681243750000000E+01     2.8031963503274376E-01
 4.1743781249999998E+01     2.9629622756262752E-01
 4.1806318750000003E+01     3.0991135917996027E-01
 4.1868856250000000E+01     3.2129864414516129E-01
 4.1931393749999998E+01     3.3059209678692092E-01
 4.1993931250000003E+01     3.3792586486324294E-01
 4.2056468750000001E+01     3.4343424983379733E-01
 4.2119006249999998E+01     3.4725172450228575E-01
 4.2181543750000003E+01     3.4951294740308292E-01
 4.2244081250000001E+01     3.5035277346589905E-01
 4.2306618749999998E+01     3.4990626064734776E-01
 4.2369156249999996E+01     3.4830867236451640E-01
 4.2431693750000001E+01     3.4569547569959158E-01
 4.2494231249999999E+01     3.4220233546388190E-01
 4.2556768749999996E+01     3.3796510431296012E-01
 4.2619306250000001E+01     3.3311980919181106E-01
 4.2681843749999999E+01     3.2780263446026792E-01
 4.2744381249999996E+01     3.2214990210573791E-01
 4.2806918750000001E+01     3.1629804949357732E-01
 4.2869456249999999E+01     3.1038360513706198E-01
 4.2931993749999997E+01     3.0454316299008577E-01
 4.2994531250000001E+01     2.9891335577774436E-01
 4.3057068749999999E+01     2.9363082788349659E-01
 4.3119606249999997E+01     2.8883220830704037E-01
 4.3182143750000002E+01     2.8465408419411664E-01
 4.3244681249999999E+01     2.8123297541747028E-01
 4.3307218749999997E+01     2.7870531065619081E-01
 4.3369756250000002E+01     2.7720722766228056E-01
 4.3432293749999999E+01     2.7681448580671197E-01
 4.3494831249999997E+01     2.7745501460087940E-01
 4.3557368750000002E+01     2.7903437257768310E-01
 4.3619906250000000E+01     2.8145795960306169E-01
 4.3682443749999997E+01     2.8463101634178911E-01
 4.3744981250000002E+01     2.8845862463364447E-01
 4.3807518750000000E+01     2.9284570881360150E-01
 4.3870056249999998E+01     2.9769703805022801E-01
 4.3932593750000002E+01     3.0291722981092545E-01
 4.3995131250000000E+01     3.0841075458835032E-01
 4.4057668749999998E+01     3.1408194203655476E-01
 4.4120206250000003E+01     3.1983498866540799E-01
 4.4182743750000000E+01     3.2557396722579479E-01
 4.4245281249999998E+01     3.3120283788476340E-01
 4.4307818750000003E+01     3.3662546123912807E-01
 4.4370356250000000E+01     3.4174561314941326E-01
 4.4432893749999998E+01     3.4646700129602553E-01
 4.4495431250000003E+01     3.5069328327003835E-01
 4.4557968750000001E+01     3.5432808591721376E-01
 4.4620506249999998E+01     3.5727502556170976E-01
 4.4683043749999996E+01     3.5943772865186197E-01
 4.4745581250000001E+01     3.6071985230101233E-01
 4.4808118749999998E+01     3.6102510414762168E-01
 4.4870656249999996E+01     3.6025726093598637E-01
 4.4933193750000001E+01     3.5832018522536180E-01
 4.4995731249999999E+01     3.5511783967307226E-01
 4.5058268749999996E+01     3.5055821039314244E-01
 4.5120806250000001E+01     3.4463937871264499E-01
 4.5183343749999999E+01     3.3744952483458085E-01
 4.5245881249999996E+01     3.2908086257443903E-01
 4.5308418750000001E+01     3.1962572152906066E-01
 4.5370956249999999E+01     3.0917653810394852E-01
 4.5433493749999997E+01     2.9782584397911138E-01
 4.5496031250000001E+01     2.8566625263137757E-01
 4.5558568749999999E+01     2.7279044457083246E-01
 4.5621106249999997E+01     2.5929115194822228E-01
 4.5683643750000002E+01     2.4526114315491060E-01
 4.5746181249999999E+01     2.3079320797467745E-01
 4.5808718749999997E+01     2.1598014376533470E-01
 4.5871256250000002E+01     2.0091474305543497E-01
 4.5933793750000000E+01     1.8568978284406656E-01
 4.5996331249999997E+01     1.7039801579563654E-01
 4.6058868750000002E+01     1.5513216343097591E-01
 4.6121406250000000E+01     1.3998491133386895E-01
 4.6183943749999997E+01     1.2504890632003257E-01
 4.6246481250000002E+01     1.1041675545420168E-01
 4.6309018750000000E+01     9.6181026750006213E-02
 4.6371556249999998E+01     8.2434251346147014E-02
 4.6434093750000002E+01     6.9268926920021803E-02
 4.6496631250000000E+01     5.6777522075339495E-02
 4.6559168749999998E+01     4.5052481422831171E-02
 4.6621706250000003E+01     3.4186231062532720E-02
 4.6684243750000000E+01     2.4271184172315538E-02
 4.6746781249999998E+01     1.5386986362823842E-02
 4.6809318750000003E+01     7.5284518531878990E-03
 4.6871856250000000E+01     6.5579115531876953E-04
 4.6934393749999998E+01    -5.2708825945342718E-03
 4.6996931249999996E+01    -1.0291449321644101E-02
 4.7059468750000001E+01    -1.4445780627994887E-02
 4.7122006249999998E+01    -1.7773739184172722E-02
 4.7184543749999996E+01    -2.0315178812316030E-02
 4.7247081250000001E+01    -2.2109945163786539E-02
 4.7309618749999998E+01    -2.3197876887393783E-02
 4.7372156249999996E+01    -2.3618807178999834E-02
 4.7434693750000001E+01    -2.3412565601163896E-02
 4.7497231249999999E+01    -2.2618980062106001E-02
 4.7559768749999996E+01    -2.1277878846549293E-02
 4.7622306250000001E+01    -1.9429092596776179E-02
 4.7684843749999999E+01    -1.7112456150298147E-02
 4.7747381249999997E+01    -1.4367810150602428E-02
 4.7809918750000001E+01    -1.1235002359237068E-02
 4.7872456249999999E+01    -7.7538886106787459E-03
 4.7934993749999997E+01    -3.9643333656876846E-03
 4.7997531250000002E+01     9.3790166122656384E-05
 4.8060068749999999E+01     4.3806003483342227E-03
 4.8122606249999997E+01     8.8562078826396190E-03
 4.8185143750000002E+01     1.3480716999419927E-02
 4.8247681249999999E+01     1.8214227041755938E-02
 4.8310218749999997E+01     2.3016834396273070E-02
 4.8372756250000002E+01     2.7848634710725375E-02
 4.8435293750000000E+01     3.2669725325894280E-02
 4.8497831249999997E+01     3.7440207838403509E-02
 4.8560368750000002E+01     4.2120190701674519E-02
 4.8622906250000000E+01     4.6669791764764185E-02
 4.8685443749999997E+01     5.1049140643460111E-02
 4.8747981250000002E+01     5.5218380815025413E-02
 4.8810518750000000E+01     5.9137671327709682E-02
 4.8873056249999998E+01     6.2767188018809025E-02
 4.8935593750000002E+01     6.6067124140918698E-02
 4.8998131250000000E+01     6.8997690305368245E-02
 4.9060668749999998E+01     7.1412488986410075E-02
 4.9123206250000003E+01     7.2617906934822993E-02
 4.9185743750000000E+01     7.2524027457646564E-02
 4.9248281249999998E+01     7.1221270677888082E-02
 4.9310818749999996E+01     6.8850464978533615E-02
 4.9373356250000001E+01     6.5581732792993647E-02
 4.9435893749999998E+01     6.1590574039038760E-02
 4.9498431249999996E+01     5.7034593978211548E-02
 4.9560968750000001E+01     5.2034186823774031E-02
 4.9623506249999998E+01     4.6659803985085721E-02
 4.9686043749999996E+01     4.0927330193369561E-02
 4.9748581250000001E+01     3.4801763720176959E-02
 4.9811118749999999E+01     2.8208081807961739E-02
 4.9873656249999996E+01     2.1047085449002384E-02
 4.9936193750000001E+01     1.3213320561397623E-02
 4.9998731249999999E+01     4.6119537476369326E-03
