#                  time                       real
 3.1268749999999998E-02    -2.5473402515148922E-03
 9.3806249999999994E-02    -5.9117175423556824E-03
 1.5634375000000000E-01    -6.6767069252769377E-03
 2.1888124999999997E-01    -4.3750217418943218E-03
 2.8141875000000000E-01     1.4055079538901130E-03
 3.4395625000000002E-01     1.0718691646641635E-02
 4.0649374999999999E-01     2.2922774785433704E-02
 4.6903124999999996E-01     3.6472605993499913E-02
 5.3156874999999992E-01     4.9062215328578407E-02
 5.9410624999999995E-01     5.8242722415802341E-02
 6.5664374999999997E-01     6.2332483352364250E-02
 7.1918124999999988E-01     6.1098516787454808E-02
 7.8171874999999991E-01     5.5711086045682194E-02
 8.4425624999999993E-01     4.8002115378234025E-02
 9.0679374999999984E-01     3.9611009097527489E-02
 9.6933124999999987E-01     3.1565272081126333E-02
 1.0318687499999999E+00     2.4539346511941833E-02
 1.0944062499999998E+00     1.9555832432006717E-02
 1.1569437499999999E+00     1.6095949523872496E-02
 1.2194812499999999E+00     1.3685652741292145E-02
 1.2820187500000000E+00     1.2032456289129283E-02
 1.3445562499999999E+00     1.0946952929376374E-02
 1.4070937499999998E+00     1.0300560782621150E-02
 1.4696312499999999E+00     1.0001762092661874E-02
 1.5321687499999999E+00     9.9822516815184191E-03
 1.5947062499999998E+00     1.0188609788984778E-02
 1.6572437499999999E+00     1.0577155843146276E-02
 1.7197812499999998E+00     1.1110685173723996E-02
 1.7823187499999997E+00     1.1756348604834271E-02
 1.8448562499999999E+00     1.2484242488147709E-02
 1.9073937499999998E+00     1.3266450833319137E-02
 1.9699312499999999E+00     1.4076381894058392E-02
 2.0324687500000000E+00     1.4888300966814686E-02
 2.0950062500000000E+00     1.5676996857130771E-02
 2.1575437499999999E+00     1.6417541331361082E-02
 2.2200812500000002E+00     1.7085114524165473E-02
 2.2826187500000001E+00     1.7654877972716664E-02
 2.3451562500000001E+00     1.8101882610134210E-02
 2.4076937500000000E+00     1.8401002813086542E-02
 2.4702312499999999E+00     1.8526890150741014E-02
 2.5327687500000002E+00     1.8453942247340923E-02
 2.5953062500000001E+00     1.8156283412707443E-02
 2.6578437500000001E+00     1.7607754581920269E-02
 2.7203812500000000E+00     1.6781910746043131E-02
 2.7829187499999999E+00     1.5652024522204076E-02
 2.8454562499999998E+00     1.4191094852533004E-02
 2.9079937500000002E+00     1.2371860071038243E-02
 2.9705312500000001E+00     1.0166814760049114E-02
 3.0330687500000000E+00     7.5482299508790674E-03
 3.0956062499999999E+00     4.4881763205512123E-03
 3.1581437499999998E+00     9.5855010830358698E-04
 3.2206812500000002E+00    -3.0688984693217616E-03
 3.2832187500000001E+00    -7.6225344805210512E-03
 3.3457562500000000E+00    -1.2730736083526997E-02
 3.4082937499999999E+00    -1.8398446918384107E-02
 3.4708312499999998E+00    -2.4573055898329907E-02
 3.5333687499999997E+00    -3.1193245415754377E-02
 3.5959062500000001E+00    -3.8197578613944259E-02
 3.6584437500000000E+00    -4.5524421786798872E-02
 3.7209812499999999E+00    -5.3111868946533143E-02
 3.7835187499999998E+00    -6.0897672499202714E-02
 3.8460562499999997E+00    -6.8819181710740737E-02
 3.9085937500000001E+00    -7.6813289782615618E-02
 3.9711312500000000E+00    -8.4816390043843226E-02
 4.0336687499999995E+00    -9.2764341690646929E-02
 4.0962062499999998E+00    -1.0059244553570837E-01
 4.1587437499999993E+00    -1.0823543029868560E-01
 4.2212812499999997E+00    -1.1562745003449833E-01
 4.2838187499999991E+00    -1.2270209332052104E-01
 4.3463562499999995E+00    -1.2939240477878883E-01
 4.4088937499999998E+00    -1.3563091937158361E-01
 4.4714312499999993E+00    -1.4134970966387955E-01
 4.5339687499999997E+00    -1.4648044589090420E-01
 4.5965062499999991E+00    -1.5095446821363617E-01
 4.6590437499999995E+00    -1.5470287001333893E-01
 4.7215812499999998E+00    -1.5765659050466033E-01
 4.7841187499999993E+00    -1.5974651438207912E-01
 4.8466562499999997E+00    -1.6090357570836034E-01
 4.9091937499999991E+00    -1.6105886285838514E-01
 4.9717312499999995E+00    -1.6014372109524813E-01
 5.0342687499999998E+00    -1.5809200484089531E-01
 5.0968062499999993E+00    -1.5488758658798535E-01
 5.1593437499999997E+00    -1.5056442631372907E-01
 5.2218812499999991E+00    -1.4515920107742583E-01
 5.2844187499999995E+00    -1.3870919477842941E-01
 5.3469562499999990E+00    -1.3125233512250431E-01
 5.4094937499999993E+00    -1.2282721231839792E-01
 5.4720312499999997E+00    -1.1347307898631157E-01
 5.5345687499999991E+00    -1.0322983442623671E-01
 5.5971062499999995E+00    -9.2137997535147217E-02
 5.6596437499999990E+00    -8.0238672814085532E-02
 5.7221812499999993E+00    -6.7573513561794904E-02
 5.7847187499999997E+00    -5.4184685688554078E-02
 5.8472562499999992E+00    -4.0114834693457474E-02
 5.9097937499999995E+00    -2.5407057301798670E-02
 5.9723312499999990E+00    -1.0104878122484538E-02
 6.0348687499999993E+00     5.7477694762698541E-03
 6.0974062499999997E+00     2.2106560200968742E-02
 6.1599437499999992E+00     3.8926794337766524E-02
 6.2224812499999995E+00     5.6163419774339633E-02
 6.2850187499999990E+00     7.3771063064679454E-02
 6.3475562499999993E+00     9.1704074476189015E-02
 6.4100937499999997E+00     1.0991659203721743E-01
 6.4726312499999992E+00     1.2836262927241923E-01
 6.5351687499999995E+00     1.4699619049726748E-01
 6.5977062499999990E+00     1.6577141617530344E-01
 6.6602437499999994E+00     1.8464275888150730E-01
 6.7227812499999997E+00     2.0356304161417760E-01
 6.7853187499999992E+00     2.2247156261900558E-01
 6.8478562499999995E+00     2.4130277616723944E-01
 6.9103937499999990E+00     2.5999232351211965E-01
 6.9729312499999994E+00     2.7847726525487104E-01
 7.0354687499999988E+00     2.9669627144326660E-01
 7.0980062499999992E+00     3.1458977119410814E-01
 7.1605437499999995E+00     3.3210004747521304E-01
 7.2230812499999990E+00     3.4917126500048651E-01
 7.2856187499999994E+00     3.6574942247070852E-01
 7.3481562499999988E+00     3.8178222459321393E-01
 7.4106937499999992E+00     3.9721887430592157E-01
 7.4732312499999995E+00     4.1200979113716008E-01
 7.5357687499999990E+00     4.2610626724019468E-01
 7.5983062499999994E+00     4.3946007784626806E-01
 7.6608437499999988E+00     4.5202306713842855E-01
 7.7233812499999992E+00     4.6374673334447092E-01
 7.7859187499999996E+00     4.7458183776644502E-01
 7.8484562499999990E+00     4.8447806126309789E-01
 7.9109937499999994E+00     4.9338372836275451E-01
 7.9735312499999988E+00     5.0124561394560185E-01
 8.0360687500000001E+00     5.0800884077742736E-01
 8.0986062499999996E+00     5.1361686878543489E-01
 8.1611437500000008E+00     5.1801156964015171E-01
 8.2236812500000003E+00     5.2113337376637259E-01
 8.2862187499999997E+00     5.2292147207291240E-01
 8.3487562499999992E+00     5.2331414602530857E-01
 8.4112937500000005E+00     5.2228079965976482E-01
 8.4738312499999999E+00     5.1986846227657946E-01
 8.5363687499999994E+00     5.1613559912801743E-01
 8.5989062500000006E+00     5.1114049480427459E-01
 8.6614437500000001E+00     5.0494134011728609E-01
 8.7239812499999996E+00     4.9759628171261128E-01
 8.7865187500000008E+00     4.8916345418261281E-01
 8.8490562500000003E+00     4.7970101322196024E-01
 8.9115937499999998E+00     4.6926718279259971E-01
 8.9741312499999992E+00     4.5792032274868766E-01
 9.0366687500000005E+00     4.4571901742033809E-01
 9.0992062499999999E+00     4.3272218102490373E-01
 9.1617437499999994E+00     4.1898917275488323E-01
 9.2242812500000007E+00     4.0457991294082696E-01
 9.2868187500000001E+00     3.8955499153564066E-01
 9.3493562499999996E+00     3.7397576093807694E-01
 9.4118937500000008E+00     3.5790440647079258E-01
 9.4744312500000003E+00     3.4140398930277349E-01
 9.5369687499999998E+00     3.2453845799787323E-01
 9.5995062499999992E+00     3.0737262603086990E-01
 9.6620437500000005E+00     2.8997211350511376E-01
 9.7245812500000000E+00     2.7240325201747567E-01
 9.7871187499999994E+00     2.5473295233388582E-01
 9.8496562500000007E+00     2.3702853553059194E-01
 9.9121937500000001E+00     2.1935752982133938E-01
 9.9747312499999996E+00     2.0178743768055740E-01
 1.0037268750000001E+01     1.8438516358351253E-01
 1.0099806250000000E+01     1.6720976212964006E-01
 1.0162343750000000E+01     1.5031218038151273E-01
 1.0224881249999999E+01     1.3374201467682570E-01
 1.0287418750000001E+01     1.1754764701427943E-01
 1.0349956250000000E+01     1.0177612759920251E-01
 1.0412493749999999E+01     8.6473126450000048E-02
 1.0475031250000001E+01     7.1682956400086054E-02
 1.0537568750000000E+01     5.7448663914743847E-02
 1.0600106250000000E+01     4.3812177994734143E-02
 1.0662643749999999E+01     3.0814502618576663E-02
 1.0725181250000000E+01     1.8495935433578477E-02
 1.0787718750000000E+01     6.8962949916525637E-03
 1.0850256249999999E+01    -3.9448594263211678E-03
 1.0912793750000001E+01    -1.3988027934332209E-02
 1.0975331250000000E+01    -2.3193598252538083E-02
 1.1037868749999999E+01    -3.1521705520506829E-02
 1.1100406250000001E+01    -3.8932123055317430E-02
 1.1162943750000000E+01    -4.5384180186789157E-02
 1.1225481250000000E+01    -5.0836701341430750E-02
 1.1288018749999999E+01    -5.5247959895096552E-02
 1.1350556250000000E+01    -5.8575640839536036E-02
 1.1413093750000000E+01    -6.0776807735914734E-02
 1.1475631249999999E+01    -6.1807871411249438E-02
 1.1538168750000001E+01    -6.1624560029251520E-02
 1.1600706250000000E+01    -6.0181892209462920E-02
 1.1663243749999999E+01    -5.7434156522471580E-02
 1.1725781250000001E+01    -5.3350043792037068E-02
 1.1788318750000000E+01    -4.7998168901878364E-02
 1.1850856250000000E+01    -4.1487448876456272E-02
 1.1913393749999999E+01    -3.3926129820849277E-02
 1.1975931250000000E+01    -2.5421687111366477E-02
 1.2038468750000000E+01    -1.6080897631310671E-02
 1.2101006249999999E+01    -6.0099472792138871E-03
 1.2163543750000001E+01     4.6854349355895794E-03
 1.2226081250000000E+01     1.5899823165313978E-02
 1.2288618749999999E+01     2.7527927935362403E-02
 1.2351156249999999E+01     3.9464422646153831E-02
 1.2413693750000000E+01     5.1603769361573529E-02
 1.2476231250000000E+01     6.3840049378104266E-02
 1.2538768749999999E+01     7.6066803492723753E-02
 1.2601306250000000E+01     8.8176886324019391E-02
 1.2663843750000000E+01     1.0006233855976751E-01
 1.2726381249999999E+01     1.1161428064684144E-01
 1.2788918750000001E+01     1.2272283121262625E-01
 1.2851456250000000E+01     1.3327705338444570E-01
 1.2913993749999999E+01     1.4316493209574982E-01
 1.2976531249999999E+01     1.5227338534904042E-01
 1.3039068750000000E+01     1.6048831214010986E-01
 1.3101606250000000E+01     1.6769467922146034E-01
 1.3164143749999999E+01     1.7377664798377040E-01
 1.3226681250000000E+01     1.7861774137384825E-01
 1.3289218750000000E+01     1.8210104889452206E-01
 1.3351756249999999E+01     1.8410958768790942E-01
 1.3414293750000001E+01     1.8456791621084770E-01
 1.3476831250000000E+01     1.8350258803152761E-01
 1.3539368750000000E+01     1.8095600424999020E-01
 1.3601906249999999E+01     1.7697130385192072E-01
 1.3664443750000000E+01     1.7159254130772583E-01
 1.3726981250000000E+01     1.6486484565487805E-01
 1.3789518749999999E+01     1.5683454714551787E-01
 1.3852056250000000E+01     1.4754926342136634E-01
 1.3914593750000000E+01     1.3705794096765866E-01
 1.3977131249999999E+01     1.2541085064993571E-01
 1.4039668749999999E+01     1.1265953883233135E-01
 1.4102206250000000E+01     9.8856737949153575E-02
 1.4164743750000000E+01     8.4056242373336088E-02
 1.4227281249999999E+01     6.8312756899728946E-02
 1.4289818750000000E+01     5.1681726074867956E-02
 1.4352356250000000E+01     3.4219152946361811E-02
 1.4414893749999999E+01     1.5981415619365270E-02
 1.4477431250000000E+01    -2.9749106077850687E-03
 1.4539968750000000E+01    -2.2593218672365401E-02
 1.4602506249999999E+01    -4.2817016948995215E-02
 1.4665043749999999E+01    -6.3590053503231173E-02
 1.4727581250000000E+01    -8.4856413622842256E-02
 1.4790118750000000E+01    -1.0656058758829302E-01
 1.4852656249999999E+01    -1.2864750612074574E-01
 1.4915193750000000E+01    -1.5106254117123050E-01
 1.4977731250000000E+01    -1.7375146974812808E-01
 1.5040268749999999E+01    -1.9665899377220464E-01
 1.5102806250000000E+01    -2.1969772041122543E-01
 1.5165343750000000E+01    -2.4274799536750871E-01
 1.5227881249999999E+01    -2.6568855299932193E-01
 1.5290418749999999E+01    -2.8839756109928649E-01
 1.5352956250000000E+01    -3.1075219281508648E-01
 1.5415493750000000E+01    -3.3262818149199658E-01
 1.5478031249999999E+01    -3.5389939523606617E-01
 1.5540568750000000E+01    -3.7443746641212944E-01
 1.5603106250000000E+01    -3.9411151157272056E-01
 1.5665643749999999E+01    -4.1278797719638094E-01
 1.5728181250000000E+01    -4.3033064497609003E-01
 1.5790718750000000E+01    -4.4660082642696031E-01
 1.5853256249999999E+01    -4.6145776962200064E-01
 1.5915793749999999E+01    -4.7475929044376231E-01
 1.5978331250000000E+01    -4.8636262668318730E-01
 1.6040868749999998E+01    -4.9612549590039179E-01
 1.6103406249999999E+01    -5.0390731806039957E-01
 1.6165943749999997E+01    -5.0957054314949735E-01
 1.6228481249999998E+01    -5.1298200453515119E-01
 1.6291018749999999E+01    -5.1401420354574778E-01
 1.6353556249999997E+01    -5.1254642255649474E-01
 1.6416093749999998E+01    -5.0846556534322240E-01
 1.6478631249999999E+01    -5.0166663620004259E-01
 1.6541168749999997E+01    -4.9205279340800295E-01
 1.6603706249999998E+01    -4.7953494640495853E-01
 1.6666243749999996E+01    -4.6403090604205233E-01
 1.6728781249999997E+01    -4.4549975597169056E-01
 1.6791318749999999E+01    -4.2414144723538816E-01
 1.6853856249999996E+01    -4.0025472651761312E-01
 1.6916393749999997E+01    -3.7413881785174630E-01
 1.6978931249999999E+01    -3.4609131979434221E-01
 1.7041468749999996E+01    -3.1640672712747531E-01
 1.7104006249999998E+01    -2.8537535643800366E-01
 1.7166543749999999E+01    -2.5328270462471114E-01
 1.7229081249999997E+01    -2.2040922670885998E-01
 1.7291618749999998E+01    -1.8703048537072817E-01
 1.7354156249999999E+01    -1.5341760147224695E-01
 1.7416693749999997E+01    -1.1983792246986844E-01
 1.7479231249999998E+01    -8.6555822381309572E-02
 1.7541768749999999E+01    -5.3833550561684283E-02
 1.7604306249999997E+01    -2.1932054695436166E-02
 1.7666843749999998E+01     8.8882857482825949E-03
 1.7729381249999999E+01     3.8367067109177588E-02
 1.7791918749999997E+01     6.6243448754288684E-02
 1.7854456249999998E+01     9.2255945101817727E-02
 1.7916993749999996E+01     1.1614243374690700E-01
 1.7979531249999997E+01     1.3764037656121264E-01
 1.8042068749999999E+01     1.5648723582652699E-01
 1.8104606249999996E+01     1.7242105281494552E-01
 1.8167143749999997E+01     1.8518114278718534E-01
 1.8229681249999999E+01     1.9450884966327253E-01
 1.8292218749999996E+01     2.0014829745354221E-01
 1.8354756249999998E+01     2.0184746551163074E-01
 1.8417293749999999E+01     1.9949048643868900E-01
 1.8479831249999997E+01     1.9328975276866592E-01
 1.8542368749999998E+01     1.8351077030031124E-01
 1.8604906249999999E+01     1.7042322291278583E-01
 1.8667443749999997E+01     1.5430073127796126E-01
 1.8729981249999998E+01     1.3542062782753961E-01
 1.8792518749999999E+01     1.1406378026379103E-01
 1.8855056249999997E+01     9.0514488661782355E-02
 1.8917593749999998E+01     6.5060464878931912E-02
 1.8980131249999996E+01     3.7992882645637660E-02
 1.9042668749999997E+01     9.6064654103512129E-03
 1.9105206249999998E+01    -1.9800440347231562E-02
 1.9167743749999996E+01    -4.9925873527911141E-02
 1.9230281249999997E+01    -8.0464424045538246E-02
 1.9292818749999999E+01    -1.1110763115208583E-01
 1.9355356249999996E+01    -1.4154468040300028E-01
 1.9417893749999998E+01    -1.7146344575352407E-01
 1.9480431249999999E+01    -2.0055189441824822E-01
 1.9542968749999996E+01    -2.2849983558383166E-01
 1.9605506249999998E+01    -2.5500095287163110E-01
 1.9668043749999999E+01    -2.7975501889536225E-01
 1.9730581249999997E+01    -3.0247015358248969E-01
 1.9793118749999998E+01    -3.2286496168252282E-01
 1.9855656249999999E+01    -3.4067037407252304E-01
 1.9918193749999997E+01    -3.5563102555588211E-01
 1.9980731249999998E+01    -3.6750602988790448E-01
 2.0043268749999999E+01    -3.7607751586562271E-01
 2.0105806249999997E+01    -3.8133601882773982E-01
 2.0168343749999998E+01    -3.8347884901609441E-01
 2.0230881249999996E+01    -3.8272143753753851E-01
 2.0293418749999997E+01    -3.7928592983873860E-01
 2.0355956249999998E+01    -3.7339832367923326E-01
 2.0418493749999996E+01    -3.6528580645888420E-01
 2.0481031249999997E+01    -3.5517442063016663E-01
 2.0543568749999999E+01    -3.4328714261810167E-01
 2.0606106249999996E+01    -3.2984241271834813E-01
 2.0668643749999998E+01    -3.1505311062432145E-01
 2.0731181249999999E+01    -2.9912593836327844E-01
 2.0793718749999996E+01    -2.8226115103426919E-01
 2.0856256249999998E+01    -2.6465256524412328E-01
 2.0918793749999999E+01    -2.4648777366737426E-01
 2.0981331249999997E+01    -2.2794849929703870E-01
 2.1043868749999998E+01    -2.0921103227594756E-01
 2.1106406249999999E+01    -1.9044670360558599E-01
 2.1168943749999997E+01    -1.7182236191308936E-01
 2.1231481249999998E+01    -1.5350083071994117E-01
 2.1294018749999996E+01    -1.3564133364426029E-01
 2.1356556249999997E+01    -1.1839988336070709E-01
 2.1419093749999998E+01    -1.0192963683688419E-01
 2.1481631249999996E+01    -8.6381224384229086E-02
 2.1544168749999997E+01    -7.1903063481441404E-02
 2.1606706249999998E+01    -5.8641670243849503E-02
 2.1669243749999996E+01    -4.6741981924121254E-02
 2.1731781249999997E+01    -3.6322708548293704E-02
 2.1794318749999999E+01    -2.7335541128602609E-02
 2.1856856249999996E+01    -1.9663917606601942E-02
 2.1919393749999998E+01    -1.3190990768591201E-02
 2.1981931249999999E+01    -7.8002066212205469E-03
 2.2044468749999997E+01    -3.3756534592080108E-03
 2.2107006249999998E+01     1.9763977458640310E-04
 2.2169543749999999E+01     3.0334680454992520E-03
 2.2232081249999997E+01     5.2442861002767859E-03
 2.2294618749999998E+01     6.9411200261405240E-03
 2.2357156249999996E+01     8.2335554824075584E-03
 2.2419693749999997E+01     9.2298007257360370E-03
 2.2482231249999998E+01     1.0036820190066882E-02
 2.2544768749999996E+01     1.0760532481494217E-02
 2.2607306249999997E+01     1.1506065134336049E-02
 2.2669843749999998E+01     1.2378057254875638E-02
 2.2732381249999996E+01     1.3481000159984265E-02
 2.2794918749999997E+01     1.4919605223331713E-02
 2.2857456249999998E+01     1.6799187335556572E-02
 2.2919993749999996E+01     1.9226051679450993E-02
 2.2982531249999997E+01     2.2307870987033726E-02
 2.3045068749999999E+01     2.6154040204228506E-02
 2.3107606249999996E+01     3.0875995705391519E-02
 2.3170143749999998E+01     3.6587487057497356E-02
 2.3232681249999999E+01     4.3404791012471799E-02
 2.3295218749999997E+01     5.1446860046596127E-02
 2.3357756249999998E+01     6.0835167314775188E-02
 2.3420293749999999E+01     7.1614582300408819E-02
 2.3482831249999997E+01     8.3638044509252954E-02
 2.3545368749999998E+01     9.6731403628802906E-02
 2.3607906249999996E+01     1.1072206147885233E-01
 2.3670443749999997E+01     1.2543842714945780E-01
 2.3732981249999998E+01     1.4070945708472271E-01
 2.3795518749999996E+01     1.5636426471393716E-01
 2.3858056249999997E+01     1.7223178782284021E-01
 2.3920593749999998E+01     1.8814050178184993E-01
 2.3983131249999996E+01     2.0391816435953419E-01
 2.4045668749999997E+01     2.1939157543252719E-01
 2.4108206249999999E+01     2.3438633334059766E-01
 2.4170743749999996E+01     2.4872656959225797E-01
 2.4233281249999997E+01     2.6223464545647468E-01
 2.4295818749999999E+01     2.7473079787342114E-01
 2.4358356249999996E+01     2.8603272810332003E-01
 2.4420893749999998E+01     2.9595513444420812E-01
 2.4483431249999999E+01     3.0430919980073473E-01
 2.4545968749999997E+01     3.1090205523135922E-01
 2.4608506249999998E+01     3.1553625092034043E-01
 2.4671043749999995E+01     3.1800927514413246E-01
 2.4733581249999997E+01     3.1811316838041226E-01
 2.4796118749999998E+01     3.1563428235156532E-01
 2.4858656249999996E+01     3.1035323125172237E-01
 2.4921193749999997E+01     3.0204507378338774E-01
 2.4983731249999998E+01     2.9047974960187650E-01
 2.5046268749999996E+01     2.7543411432488063E-01
 2.5108806249999997E+01     2.5694239313701089E-01
 2.5171343749999998E+01     2.3529756418571729E-01
 2.5233881249999996E+01     2.1080369022751499E-01
 2.5296418749999997E+01     1.8376633440663465E-01
 2.5358956249999999E+01     1.5449387762250122E-01
 2.5421493749999996E+01     1.2329841280007778E-01
 2.5484031249999997E+01     9.0496232146592387E-02
 2.5546568749999999E+01     5.6407937026558802E-02
 2.5609106249999996E+01     2.1358214688340378E-02
 2.5671643749999998E+01    -1.4324659588526774E-02
 2.5734181249999999E+01    -5.0309526143004032E-02
 2.5796718749999997E+01    -8.6263175463413250E-02
 2.5859256249999998E+01    -1.2185123630121769E-01
 2.5921793749999996E+01    -1.5673904065740971E-01
 2.5984331249999997E+01    -1.9059239191052882E-01
 2.6046868749999998E+01    -2.2307816751713644E-01
 2.6109406249999996E+01    -2.5386469529721267E-01
 2.6171943749999997E+01    -2.8262185290448277E-01
 2.6234481249999998E+01    -3.0902085438015148E-01
 2.6297018749999996E+01    -3.3273370620751108E-01
 2.6359556249999997E+01    -3.5343233798903817E-01
 2.6422093749999998E+01    -3.7078743887439525E-01
 2.6484631249999996E+01    -3.8446705826298200E-01
 2.6547168749999997E+01    -3.9413505515142316E-01
 2.6609706249999999E+01    -3.9944950108761629E-01
 2.6672243749999996E+01    -4.0006115304902484E-01
 2.6734781249999997E+01    -3.9568679451231226E-01
 2.6797318749999999E+01    -3.8653008595020566E-01
 2.6859856249999996E+01    -3.7298774018364261E-01
 2.6922393749999998E+01    -3.5544882254276383E-01
 2.6984931249999995E+01    -3.3429566939616279E-01
 2.7047468749999997E+01    -3.0990538750962110E-01
 2.7110006249999998E+01    -2.8265129328843031E-01
 2.7172543749999996E+01    -2.5290421728463586E-01
 2.7235081249999997E+01    -2.2103361956735273E-01
 2.7297618749999998E+01    -1.8740849390240008E-01
 2.7360156249999996E+01    -1.5239807490204277E-01
 2.7422693749999997E+01    -1.1637239521738733E-01
 2.7485231249999998E+01    -7.9702765465876374E-02
 2.7547768749999996E+01    -4.2762265315144370E-02
 2.7610306249999997E+01    -5.9263384216955012E-03
 2.7672843749999998E+01     3.0426424148076548E-02
 2.7735381249999996E+01     6.5913248173864861E-02
 2.7797918749999997E+01     1.0014585762842093E-01
 2.7860456249999999E+01     1.3272888708774616E-01
 2.7922993749999996E+01     1.6325809250925447E-01
 2.7985531249999998E+01     1.9131848544956967E-01
 2.8048068749999995E+01     2.1648257158622772E-01
 2.8110606249999996E+01     2.3830891989502387E-01
 2.8173143749999998E+01     2.5634131449916453E-01
 2.8235681249999995E+01     2.7010873772830779E-01
 2.8298218749999997E+01     2.7912639311881271E-01
 2.8360756249999998E+01     2.8289858340631791E-01
 2.8423293749999996E+01     2.8115373929402404E-01
 2.8485831249999997E+01     2.7418616098864634E-01
 2.8548368749999998E+01     2.6237755916964239E-01
 2.8610906249999996E+01     2.4611649609408323E-01
 2.8673443749999997E+01     2.2580231857937216E-01
 2.8735981249999998E+01     2.0184778659882507E-01
 2.8798518749999996E+01     1.7468037126574190E-01
 2.8861056249999997E+01     1.4474227000068013E-01
 2.8923593749999998E+01     1.1248926942992023E-01
 2.8986131249999996E+01     7.8388651906752871E-02
 2.9048668749999997E+01     4.2916381468304600E-02
 2.9111206249999999E+01     6.5538200487602260E-03
 2.9173743749999996E+01    -3.0215780127277971E-02
 2.9236281249999998E+01    -6.6910780036995132E-02
 2.9298818749999995E+01    -1.0305444971478725E-01
 2.9361356249999996E+01    -1.3817787859702771E-01
 2.9423893749999998E+01    -1.7182234641603605E-01
 2.9486431249999995E+01    -2.0354102245153485E-01
 2.9548968749999997E+01    -2.3289988229427208E-01
 2.9611506249999998E+01    -2.5947775565685188E-01
 2.9674043749999996E+01    -2.8286545033014604E-01
 2.9736581249999997E+01    -3.0266393982489453E-01
 2.9799118749999998E+01    -3.1848165751180108E-01
 2.9861656249999996E+01    -3.2993100721619739E-01
 2.9924193749999997E+01    -3.3662427453161370E-01
 2.9986731249999998E+01    -3.3816919601250928E-01
 3.0049268749999996E+01    -3.3418331847479538E-01
 3.0111806249999997E+01    -3.2470381901401663E-01
 3.0174343749999998E+01    -3.1018446408835326E-01
 3.0236881249999996E+01    -2.9108049090829813E-01
 3.0299418749999997E+01    -2.6783024824611124E-01
 3.0361956249999995E+01    -2.4085670000042200E-01
 3.0424493749999996E+01    -2.1056968197522305E-01
 3.0487031249999998E+01    -1.7736858922841905E-01
 3.0549568749999995E+01    -1.4164518317474686E-01
 3.0612106249999997E+01    -1.0378625814170972E-01
 3.0674643749999998E+01    -6.4175978090940847E-02
 3.0737181249999995E+01    -2.3197772141945100E-02
 3.0799718749999997E+01     1.8764247869780412E-02
 3.0862256249999998E+01     6.1324320378724512E-02
 3.0924793749999996E+01     1.0409444056063755E-01
 3.0987331249999997E+01     1.4668402988867188E-01
 3.1049868749999998E+01     1.8869974137833337E-01
 3.1112406249999996E+01     2.2974527155741864E-01
 3.1174943749999997E+01     2.6942106273895750E-01
 3.1237481249999998E+01     3.0732380441601681E-01
 3.1300018749999996E+01     3.4304567901949701E-01
 3.1362556249999997E+01     3.7617334296814170E-01
 3.1425093749999998E+01     4.0628668609609342E-01
 3.1487631249999996E+01     4.3295746698155169E-01
 3.1550168749999997E+01     4.5574797252741961E-01
 3.1612706249999995E+01     4.7420988984180895E-01
 3.1675243749999996E+01     4.8788359856882169E-01
 3.1737781249999998E+01     4.9637641641652297E-01
 3.1800318749999995E+01     4.9980580515500106E-01
 3.1862856249999997E+01     4.9849331039542666E-01
 3.1925393749999998E+01     4.9275609542926802E-01
 3.1987931249999995E+01     4.8290963155145394E-01
 3.2050468750000000E+01     4.6927068825952134E-01
 3.2113006249999998E+01     4.5215994894811168E-01
 3.2175543750000003E+01     4.3190413325591892E-01
 3.2238081250000000E+01     4.0883752611646962E-01
 3.2300618749999998E+01     3.8330286280255732E-01
 3.2363156250000003E+01     3.5565157697600080E-01
 3.2425693750000001E+01     3.2624347229341349E-01
 3.2488231249999998E+01     2.9544591963730782E-01
 3.2550768750000003E+01     2.6363270754034973E-01
 3.2613306250000001E+01     2.3118268216706744E-01
 3.2675843749999999E+01     1.9847830724346757E-01
 3.2738381250000003E+01     1.6590425722377947E-01
 3.2800918750000001E+01     1.3384613313995200E-01
 3.2863456249999999E+01     1.0268936425680064E-01
 3.2925993750000004E+01     7.2818333366185997E-02
 3.2988531250000001E+01     4.4615741718791242E-02
 3.3051068749999999E+01     1.8462212472585535E-02
 3.3113606250000004E+01    -5.2638806305554051E-03
 3.3176143750000001E+01    -2.6186380394018501E-02
 3.3238681249999999E+01    -4.3931134454584846E-02
 3.3301218749999997E+01    -5.8125632158556879E-02
 3.3363756250000002E+01    -6.8399001637819382E-02
 3.3426293749999999E+01    -7.4544752974930448E-02
 3.3488831249999997E+01    -7.6757927961381769E-02
 3.3551368750000002E+01    -7.5293525451414545E-02
 3.3613906249999999E+01    -7.0405780108598673E-02
 3.3676443749999997E+01    -6.2347857064563000E-02
 3.3738981250000002E+01    -5.1371625460459487E-02
 3.3801518750000000E+01    -3.7727539418608937E-02
 3.3864056249999997E+01    -2.1664629990022201E-02
 3.3926593750000002E+01    -3.4306045305092757E-03
 3.3989131250000000E+01     1.6727952326776246E-02
 3.4051668749999997E+01     3.8565282701224952E-02
 3.4114206250000002E+01     6.1836071578879381E-02
 3.4176743750000000E+01     8.6294982909603773E-02
 3.4239281249999998E+01     1.1169612512545044E-01
 3.4301818750000002E+01     1.3779245805561979E-01
 3.4364356250000000E+01     1.6433515691969780E-01
 3.4426893749999998E+01     1.9107295399004137E-01
 3.4489431250000003E+01     2.1775148446920822E-01
 3.4551968750000000E+01     2.4411266972934290E-01
 3.4614506249999998E+01     2.6989417762646639E-01
 3.4677043750000003E+01     2.9482900516795796E-01
 3.4739581250000001E+01     3.1864523217306839E-01
 3.4802118749999998E+01     3.4106599439154578E-01
 3.4864656250000003E+01     3.6180971955383323E-01
 3.4927193750000001E+01     3.8059065903036005E-01
 3.4989731249999998E+01     3.9711973075702162E-01
 3.5052268750000003E+01     4.1111269760323771E-01
 3.5114806250000001E+01     4.2244627447074307E-01
 3.5177343749999999E+01     4.3115974969918636E-01
 3.5239881250000003E+01     4.3730193181923727E-01
 3.5302418750000001E+01     4.4092556349094164E-01
 3.5364956249999999E+01     4.4208851291015150E-01
 3.5427493750000004E+01     4.4085469205034644E-01
 3.5490031250000001E+01     4.3729467461821081E-01
 3.5552568749999999E+01     4.3148599943989646E-01
 3.5615106249999997E+01     4.2351316363670244E-01
 3.5677643750000001E+01     4.1346732855904567E-01
 3.5740181249999999E+01     4.0144577723446173E-01
 3.5802718749999997E+01     3.8755117355207458E-01
 3.5865256250000002E+01     3.7189067993280456E-01
 3.5927793749999999E+01     3.5457499187787211E-01
 3.5990331249999997E+01     3.3571734511754142E-01
 3.6052868750000002E+01     3.1543254500445689E-01
 3.6115406249999999E+01     2.9383605938278484E-01
 3.6177943749999997E+01     2.7104320650167602E-01
 3.6240481250000002E+01     2.4716845960313621E-01
 3.6303018750000000E+01     2.2232488038906262E-01
 3.6365556249999997E+01     1.9662368521917167E-01
 3.6428093750000002E+01     1.7017394094461066E-01
 3.6490631250000000E+01     1.4308238187109615E-01
 3.6553168749999998E+01     1.1545333544401441E-01
 3.6615706250000002E+01     8.7388741720334992E-02
 3.6678243750000000E+01     5.8988250344106180E-02
 3.6740781249999998E+01     3.0348657449455668E-02
 3.6803318750000003E+01     1.5600222481587499E-03
 3.6865856250000000E+01    -2.7291377745292483E-02
 3.6928393749999998E+01    -5.6121049446945487E-02
 3.6990931250000003E+01    -8.4846199504893388E-02
 3.7053468750000000E+01    -1.1338562143660588E-01
 3.7116006249999998E+01    -1.4165958304961351E-01
 3.7178543750000003E+01    -1.6958973789817183E-01
 3.7241081250000001E+01    -1.9709907821660591E-01
 3.7303618749999998E+01    -2.2411194141408330E-01
 3.7366156250000003E+01    -2.5055407719291917E-01
 3.7428693750000001E+01    -2.7635277745796233E-01
 3.7491231249999998E+01    -3.0143706634234246E-01
 3.7553768750000003E+01    -3.2573794288254510E-01
 3.7616306250000001E+01    -3.4918866417989952E-01
 3.7678843749999999E+01    -3.7172505237781195E-01
 3.7741381250000003E+01    -3.9328580459878798E-01
 3.7803918750000001E+01    -4.1381278130689436E-01
 3.7866456249999999E+01    -4.3325124561991735E-01
 3.7928993749999997E+01    -4.5155002416745915E-01
 3.7991531250000001E+01    -4.6866155948564248E-01
 3.8054068749999999E+01    -4.8454182497478998E-01
 3.8116606249999997E+01    -4.9915007641448178E-01
 3.8179143750000001E+01    -5.1244841914119743E-01
 3.8241681249999999E+01    -5.2440117731560631E-01
 3.8304218749999997E+01    -5.3497406109416912E-01
 3.8366756250000002E+01    -5.4413323738024366E-01
 3.8429293749999999E+01    -5.5187752519518285E-01
 3.8491831249999997E+01    -5.5828560422858065E-01
 3.8554368750000002E+01    -5.6344460845528110E-01
 3.8616906250000000E+01    -5.6743616457665746E-01
 3.8679443749999997E+01    -5.7033507378459547E-01
 3.8741981250000002E+01    -5.7220830285946511E-01
 3.8804518750000000E+01    -5.7311428599211500E-01
 3.8867056249999997E+01    -5.7310253806698941E-01
 3.8929593750000002E+01    -5.7221357337252787E-01
 3.8992131250000000E+01    -5.7047911691133169E-01
 3.9054668749999998E+01    -5.6792259030886894E-01
 3.9117206250000002E+01    -5.6455985117973051E-01
 3.9179743750000000E+01    -5.6040016342303367E-01
 3.9242281249999998E+01    -5.5544737556376911E-01
 3.9304818750000003E+01    -5.4970128398891049E-01
 3.9367356250000000E+01    -5.4315915678656357E-01
 3.9429893749999998E+01    -5.3581739108149795E-01
 3.9492431250000003E+01    -5.2767327177938994E-01
 3.9554968750000000E+01    -5.1872679240747799E-01
 3.9617506249999998E+01    -5.0898248966312787E-01
 3.9680043750000003E+01    -4.9845123323055118E-01
 3.9742581250000001E+01    -4.8715190271203690E-01
 3.9805118749999998E+01    -4.7511287579866734E-01
 3.9867656250000003E+01    -4.6237324791510526E-01
 3.9930193750000001E+01    -4.4898370532012910E-01
 3.9992731249999999E+01    -4.3500698253622999E-01
 4.0055268750000003E+01    -4.2051635934867160E-01
 4.0117806250000001E+01    -4.0556230778690217E-01
 4.0180343749999999E+01    -3.9017123183391417E-01
 4.0242881249999996E+01    -3.7437620759640106E-01
 4.0305418750000001E+01    -3.5821602335387637E-01
 4.0367956249999999E+01    -3.4173275480030035E-01
 4.0430493749999997E+01    -3.2496944789662174E-01
 4.0493031250000001E+01    -3.0796800360754245E-01
 4.0555568749999999E+01    -2.9076735513528745E-01
 4.0618106249999997E+01    -2.7340200839294482E-01
 4.0680643750000002E+01    -2.5590098865668048E-01
 4.0743181249999999E+01    -2.3828720596712888E-01
 4.0805718749999997E+01    -2.2057722305791463E-01
 4.0868256250000002E+01    -2.0278138545427776E-01
 4.0930793749999999E+01    -1.8490425584402748E-01
 4.0993331249999997E+01    -1.6694528463467337E-01
 4.1055868750000002E+01    -1.4889964547757636E-01
 4.1118406250000000E+01    -1.3075916734797877E-01
 4.1180943749999997E+01    -1.1251330191107520E-01
 4.1243481250000002E+01    -9.4150074601497852E-02
 4.1306018750000000E+01    -7.5656978428989857E-02
 4.1368556249999997E+01    -5.7021779639118308E-02
 4.1431093750000002E+01    -3.8233213064416363E-02
 4.1493631250000000E+01    -1.9281551805933956E-02
 4.1556168749999998E+01    -1.5904070578673423E-04
 4.1618706250000002E+01     1.9139813836572150E-02
 4.1681243750000000E+01     3.8618103296023235E-02
 4.1743781249999998E+01     5.8269709360446821E-02
 4.1806318750000003E+01     7.8040929380471427E-02
 4.1868856250000000E+01     9.7857464370969913E-02
 4.1931393749999998E+01     1.1764295575943116E-01
 4.1993931250000003E+01     1.3731921559663304E-01
 4.2056468750000001E+01     1.5680651661358597E-01
 4.2119006249999998E+01     1.7602397402651632E-01
 4.2181543750000003E+01     1.9489000452137339E-01
 4.2244081250000001E+01     2.1332285089303579E-01
 4.2306618749999998E+01     2.3124116141593609E-01
 4.2369156249999996E+01     2.4856461257048235E-01
 4.2431693750000001E+01     2.6521456293539991E-01
 4.2494231249999999E+01     2.8111472522293734E-01
 4.2556768749999996E+01     2.9619184274005411E-01
 4.2619306250000001E+01     3.1037635605606356E-01
 4.2681843749999999E+01     3.2360304533619211E-01
 4.2744381249999996E+01     3.3581163362355498E-01
 4.2806918750000001E+01     3.4694733628042629E-01
 4.2869456249999999E+01     3.5696134181709471E-01
 4.2931993749999997E+01     3.6581120946731022E-01
 4.2994531250000001E+01     3.7346116918846506E-01
 4.3057068749999999E+01     3.7988231039592141E-01
 4.3119606249999997E+01     3.8505264684534157E-01
 4.3182143750000002E+01     3.8895704682284116E-01
 4.3244681249999999E+01     3.9158702033853421E-01
 4.3307218749999997E+01     3.9294035842927211E-01
 4.3369756250000002E+01     3.9302068365857623E-01
 4.3432293749999999E+01     3.9185697714285400E-01
 4.3494831249999997E+01     3.8953220617043027E-01
 4.3557368750000002E+01     3.8614042659003672E-01
 4.3619906250000000E+01     3.8177851890369296E-01
 4.3682443749999997E+01     3.7654524219007757E-01
 4.3744981250000002E+01     3.7054018224231799E-01
 4.3807518750000000E+01     3.6386264332266771E-01
 4.3870056249999998E+01     3.5661052544813421E-01
 4.3932593750000002E+01     3.4887922373984559E-01
 4.3995131250000000E+01     3.4076058126187170E-01
 4.4057668749999998E+01     3.3234192146443686E-01
 4.4120206250000003E+01     3.2370518086019406E-01
 4.4182743750000000E+01     3.1492615711065608E-01
 4.4245281249999998E+01     3.0607388253747808E-01
 4.4307818750000003E+01     2.9721012842137373E-01
 4.4370356250000000E+01     2.8838904146640432E-01
 4.4432893749999998E+01     2.7965691056999492E-01
 4.4495431250000003E+01     2.7105205955540052E-01
 4.4557968750000001E+01     2.6260485974088982E-01
 4.4620506249999998E+01     2.5433785504079415E-01
 4.4683043749999996E+01     2.4626599159344381E-01
 4.4745581250000001E+01     2.3839694355375868E-01
 4.4808118749999998E+01     2.3073152654026571E-01
 4.4870656249999996E+01     2.2326419016369384E-01
 4.4933193750000001E+01     2.1598358098328738E-01
 4.4995731249999999E+01     2.0887316705644760E-01
 4.5058268749999996E+01     2.0191233928455976E-01
 4.5120806250000001E+01     1.9508646916356248E-01
 4.5183343749999999E+01     1.8838770991299658E-01
 4.5245881249999996E+01     1.8180657329811328E-01
 4.5308418750000001E+01     1.7533245816880180E-01
 4.5370956249999999E+01     1.6895456149230945E-01
 4.5433493749999997E+01     1.6266272096360376E-01
 4.5496031250000001E+01     1.5644817147089363E-01
 4.5558568749999999E+01     1.5030420318783572E-01
 4.5621106249999997E+01     1.4422671389815023E-01
 4.5683643750000002E+01     1.3821465243603304E-01
 4.5746181249999999E+01     1.3227035387860953E-01
 4.5808718749999997E+01     1.2639977035365099E-01
 4.5871256250000002E+01     1.2061260401722503E-01
 4.5933793750000000E+01     1.1492235090395750E-01
 4.5996331249999997E+01     1.0934626596082371E-01
 4.6058868750000002E+01     1.0390526065994582E-01
 4.6121406250000000E+01     9.8623745174803309E-02
 4.6183943749999997E+01     9.3529427239315815E-02
 4.6246481250000002E+01     8.8653079540079824E-02
 4.6309018750000000E+01     8.4028286876449601E-02
 4.6371556249999998E+01     7.9691183422417780E-02
 4.6434093750000002E+01     7.5680189301026324E-02
 4.6496631250000000E+01     7.2035754396659657E-02
 4.6559168749999998E+01     6.8800115940557294E-02
 4.6621706250000003E+01     6.6017074961200434E-02
 4.6684243750000000E+01     6.3731795237588512E-02
 4.6746781249999998E+01     6.1983780494050622E-02
 4.6809318750000003E+01     6.0768041294097019E-02
 4.6871856250000000E+01     6.0061807538200437E-02
 4.6934393749999998E+01     5.9842751735523281E-02
 4.6996931249999996E+01     6.0088815131544855E-02
 4.7059468750000001E+01     6.0778052583209813E-02
 4.7122006249999998E+01     6.1888523898205094E-02
 4.7184543749999996E+01     6.3398215996118404E-02
 4.7247081250000001E+01     6.5284985978236287E-02
 4.7309618749999998E+01     6.7526518383484641E-02
 4.7372156249999996E+01     7.0100291888402139E-02
 4.7434693750000001E+01     7.2983552046544331E-02
 4.7497231249999999E+01     7.6153287622944058E-02
 4.7559768749999996E+01     7.9586208798024721E-02
 4.7622306250000001E+01     8.3258726070600475E-02
 4.7684843749999999E+01     8.7146929127159004E-02
 4.7747381249999997E+01     9.1226565295789680E-02
 4.7809918750000001E+01     9.5473017488275386E-02
 4.7872456249999999E+01     9.9861281766922799E-02
 4.7934993749999997E+01     1.0436594486563723E-01
 4.7997531250000002E+01     1.0896116215335497E-01
 4.8060068749999999E+01     1.1362063665886905E-01
 4.8122606249999997E+01     1.1831759988230926E-01
 4.8185143750000002E+01     1.2302479520211257E-01
 4.8247681249999999E+01     1.2771446474807036E-01
 4.8310218749999997E+01     1.3235834065075547E-01
 4.8372756250000002E+01     1.3692764159339657E-01
 4.8435293750000000E+01     1.4139307558249214E-01
 4.8497831249999997E+01     1.4572484981555778E-01
 4.8560368750000002E+01     1.4989268845476436E-01
 4.8622906250000000E+01     1.5386585901217326E-01
 4.8685443749999997E+01     1.5761320791240241E-01
 4.8747981250000002E+01     1.6110320562151950E-01
 4.8810518750000000E+01     1.6430400151533336E-01
 4.8873056249999998E+01     1.6718348840886696E-01
 4.8935593750000002E+01     1.6970937638353928E-01
 4.8998131250000000E+01     1.7184927523660723E-01
 4.9060668749999998E+01     1.7302662503152266E-01
 4.9123206250000003E+01     1.6995849788894307E-01
 4.9185743750000000E+01     1.6284971166730086E-01
 4.9248281249999998E+01     1.5258640681072122E-01
 4.9310818749999996E+01     1.3999819731503066E-01
 4.9373356250000001E+01     1.2584597990677593E-01
 4.9435893749999998E+01     1.1081523639956123E-01
 4.9498431249999996E+01     9.5511523379823937E-02
 4.9560968750000001E+01     8.0455176493140393E-02
 4.9623506249999998E+01     6.6072299612205898E-02
 4.9686043749999996E+01     5.2680942780423609E-02
 4.9748581250000001E+01     4.0475811075953785E-02
 4.9811118749999999E+01     2.9521122221501040E-02
 4.9873656249999996E+01     1.9766360288399822E-02
 4.9936193750000001E+01     1.1099055461345363E-02
 4.9998731249999999E+01     3.4388739872147703E-03
