#                  time                       real
 3.1268749999999998E-02    -3.1135173555806402E-04
 9.3806249999999994E-02    -6.4721011101651093E-04
 1.5634375000000000E-01    -5.6301787471560113E-04
 2.1888124999999997E-01     1.4197945510074857E-05
 2.8141875000000000E-01     1.1706557967118623E-03
 3.4395625000000002E-01     2.9806140858009513E-03
 4.0649374999999999E-01     5.4804411212372745E-03
 4.6903124999999996E-01     8.6466806556539204E-03
 5.3156874999999992E-01     1.2382269189375152E-02
 5.9410624999999995E-01     1.6513796113241049E-02
 6.5664374999999997E-01     2.0800929593108548E-02
 7.1918124999999988E-01     2.4957145602996840E-02
 7.8171874999999991E-01     2.8679025774485962E-02
 8.4425624999999993E-01     3.1679952384447964E-02
 9.0679374999999984E-01     3.3723275700753889E-02
 9.6933124999999987E-01     3.4650087909758195E-02
 1.0318687499999999E+00     3.4552090357402386E-02
 1.0944062499999998E+00     3.4326562384116334E-02
 1.1569437499999999E+00     3.4116153227018609E-02
 1.2194812499999999E+00     3.3918604409920956E-02
 1.2820187500000000E+00     3.3731592152850230E-02
 1.3445562499999999E+00     3.3552720233643314E-02
 1.4070937499999998E+00     3.3379514255543564E-02
 1.4696312499999999E+00     3.3209417330005403E-02
 1.5321687499999999E+00     3.3039787169220451E-02
 1.5947062499999998E+00     3.2867894570545717E-02
 1.6572437499999999E+00     3.2690923265113490E-02
 1.7197812499999998E+00     3.2505971095314584E-02
 1.7823187499999997E+00     3.2310052480308576E-02
 1.8448562499999999E+00     3.2100102124831983E-02
 1.9073937499999998E+00     3.1872979923886637E-02
 1.9699312499999999E+00     3.1625477013913175E-02
 2.0324687500000000E+00     3.1354322919326334E-02
 2.0950062500000000E+00     3.1056193741390948E-02
 2.1575437499999999E+00     3.0727721334075603E-02
 2.2200812500000002E+00     3.0365503408541980E-02
 2.2826187500000001E+00     2.9966114504330229E-02
 2.3451562500000001E+00     2.9526117761247962E-02
 2.4076937500000000E+00     2.9042077421829109E-02
 2.4702312499999999E+00     2.8510571990542966E-02
 2.5327687500000002E+00     2.7928207973413728E-02
 2.5953062500000001E+00     2.7291634121204618E-02
 2.6578437500000001E+00     2.6597556101762787E-02
 2.7203812500000000E+00     2.5842751533493406E-02
 2.7829187499999999E+00     2.5024085323161034E-02
 2.8454562499999998E+00     2.4138525268131952E-02
 2.9079937500000002E+00     2.3183157906372417E-02
 2.9705312500000001E+00     2.2155204627294645E-02
 3.0330687500000000E+00     2.1052038092753508E-02
 3.0956062499999999E+00     1.9871199059450589E-02
 3.1581437499999998E+00     1.8610413740317411E-02
 3.2206812500000002E+00     1.7267611890927452E-02
 3.2832187500000001E+00     1.5840945854428194E-02
 3.3457562500000000E+00     1.4328814342197436E-02
 3.4082937499999999E+00     1.2731067812613860E-02
 3.4708312499999998E+00     1.1050751460966448E-02
 3.5333687499999997E+00     9.2916425589877668E-03
 3.5959062500000001E+00     7.4578122242917782E-03
 3.6584437500000000E+00     5.5536222393678773E-03
 3.7209812499999999E+00     3.5837198742340471E-03
 3.7835187499999998E+00     1.5530299471515805E-03
 3.8460562499999997E+00    -5.3325683456970931E-04
 3.9085937500000001E+00    -2.6697003594849359E-03
 3.9711312500000000E+00    -4.8506336133430188E-03
 4.0336687499999995E+00    -7.0701923914123924E-03
 4.0962062499999998E+00    -9.3223533227942586E-03
 4.1587437499999993E+00    -1.1600981103300198E-02
 4.2212812499999997E+00    -1.3899885509865647E-02
 4.2838187499999991E+00    -1.6212888325353930E-02
 4.3463562499999995E+00    -1.8533899745818927E-02
 4.4088937499999998E+00    -2.0857003191674547E-02
 4.4714312499999993E+00    -2.3176546730879127E-02
 4.5339687499999997E+00    -2.5487238589806720E-02
 4.5965062499999991E+00    -2.7784243531018837E-02
 4.6590437499999995E+00    -3.0063276280428628E-02
 4.7215812499999998E+00    -3.2320687757375115E-02
 4.7841187499999993E+00    -3.4553539666056780E-02
 4.8466562499999997E+00    -3.6759663102716472E-02
 4.9091937499999991E+00    -3.8937697260338584E-02
 4.9717312499999995E+00    -4.1087105088092116E-02
 5.0342687499999998E+00    -4.3208587736214027E-02
 5.0968062499999993E+00    -4.5313373801128612E-02
 5.1593437499999997E+00    -4.7423145201730604E-02
 5.2218812499999991E+00    -4.9560594059409227E-02
 5.2844187499999995E+00    -5.1748860683241332E-02
 5.3469562499999990E+00    -5.4011397352681664E-02
 5.4094937499999993E+00    -5.6371840734306844E-02
 5.4720312499999997E+00    -5.8853897852908871E-02
 5.5345687499999991E+00    -6.1481249187204920E-02
 5.5971062499999995E+00    -6.4277471043766118E-02
 5.6596437499999990E+00    -6.7265977994430376E-02
 5.7221812499999993E+00    -7.0469984929491858E-02
 5.7847187499999997E+00    -7.3912487238309371E-02
 5.8472562499999992E+00    -7.7616256809513395E-02
 5.9097937499999995E+00    -8.1603850950614426E-02
 5.9723312499999990E+00    -8.5897630951187909E-02
 6.0348687499999993E+00    -9.0519786835318736E-02
 6.0974062499999997E+00    -9.5492364844981317E-02
 6.1599437499999992E+00    -1.0083729434546747E-01
 6.2224812499999995E+00    -1.0657641113001948E-01
 6.2850187499999990E+00    -1.1273147451158251E-01
 6.3475562499999993E+00    -1.1932417611669946E-01
 6.4100937499999997E+00    -1.2637613893272562E-01
 6.4726312499999992E+00    -1.3390890589490062E-01
 6.5351687499999995E+00    -1.4194391811861984E-01
 6.5977062499999990E+00    -1.5050248376002251E-01
 6.6602437499999994E+00    -1.5960573939020270E-01
 6.7227812499999997E+00    -1.6926203174556001E-01
 6.7853187499999992E+00    -1.7939585131725566E-01
 6.8478562499999995E+00    -1.8989729612930470E-01
 6.9103937499999990E+00    -2.0065606338412828E-01
 6.9729312499999994E+00    -2.1156155562057888E-01
 7.0354687499999988E+00    -2.2250290045911836E-01
 7.0980062499999992E+00    -2.3336898373121712E-01
 7.1605437499999995E+00    -2.4404849406677445E-01
 7.2230812499999990E+00    -2.5442997608391943E-01
 7.2856187499999994E+00    -2.6440188861063402E-01
 7.3481562499999988E+00    -2.7385266387100027E-01
 7.4106937499999992E+00    -2.8267076329193741E-01
 7.4732312499999995E+00    -2.9074472553375358E-01
 7.5357687499999990E+00    -2.9796320253064884E-01
 7.5983062499999994E+00    -3.0421497976344009E-01
 7.6608437499999988E+00    -3.0938897769782603E-01
 7.7233812499999992E+00    -3.1337423232517481E-01
 7.7859187499999996E+00    -3.1605985404240566E-01
 7.8484562499999990E+00    -3.1733496567912184E-01
 7.9109937499999994E+00    -3.1708862226021478E-01
 7.9735312499999988E+00    -3.1520971696899613E-01
 8.0360687500000001E+00    -3.1158687958709830E-01
 8.0986062499999996E+00    -3.0610837522800594E-01
 8.1611437500000008E+00    -2.9866201222183608E-01
 8.2236812500000003E+00    -2.8913506832682156E-01
 8.2862187499999997E+00    -2.7741424385763408E-01
 8.3487562499999992E+00    -2.6338589216026881E-01
 8.4112937500000005E+00    -2.4701832289639336E-01
 8.4738312499999999E+00    -2.2848163619696965E-01
 8.5363687499999994E+00    -2.0797598071241527E-01
 8.5989062500000006E+00    -1.8570127394529878E-01
 8.6614437500000001E+00    -1.6185735759512215E-01
 8.7239812499999996E+00    -1.3664414477393680E-01
 8.7865187500000008E+00    -1.1026174789021412E-01
 8.8490562500000003E+00    -8.2910578933286710E-02
 8.9115937499999998E+00    -5.4791417166418978E-02
 8.9741312499999992E+00    -2.6105442448940579E-02
 9.0366687500000005E+00     2.9457647387091095E-03
 9.0992062499999999E+00     3.2160253169264005E-02
 9.1617437499999994E+00     6.1335755505599950E-02
 9.2242812500000007E+00     9.0269761377325897E-02
 9.2868187500000001E+00     1.1875960185660495E-01
 9.3493562499999996E+00     1.4660253794739952E-01
 9.4118937500000008E+00     1.7359584565018882E-01
 9.4744312500000003E+00     1.9953689036693495E-01
 9.5369687499999998E+00     2.2422318387964027E-01
 9.5995062499999992E+00     2.4745241792624989E-01
 9.6620437500000005E+00     2.6902246959340392E-01
 9.7245812500000000E+00     2.8873137542848160E-01
 9.7871187499999994E+00     3.0637727338770071E-01
 9.8496562500000007E+00     3.2175831445112191E-01
 9.9121937500000001E+00     3.3467254881042074E-01
 9.9747312499999996E+00     3.4491779470915435E-01
 1.0037268750000001E+01     3.5229930898767747E-01
 1.0099806250000000E+01     3.5680143443874840E-01
 1.0162343750000000E+01     3.5858750057209154E-01
 1.0224881249999999E+01     3.5782799942491250E-01
 1.0287418750000001E+01     3.5469278025356799E-01
 1.0349956250000000E+01     3.4935109122857921E-01
 1.0412493749999999E+01     3.4197165515171823E-01
 1.0475031250000001E+01     3.3272277199740347E-01
 1.0537568750000000E+01     3.2177243935816990E-01
 1.0600106250000000E+01     3.0928848120290686E-01
 1.0662643749999999E+01     2.9543867566532422E-01
 1.0725181250000000E+01     2.8039087369350724E-01
 1.0787718750000000E+01     2.6431310206892944E-01
 1.0850256249999999E+01     2.4737364628116457E-01
 1.0912793750000001E+01     2.2974111077384901E-01
 1.0975331250000000E+01     2.1158445595258860E-01
 1.1037868749999999E+01     1.9307301292094448E-01
 1.1100406250000001E+01     1.7437647810554585E-01
 1.1162943750000000E+01     1.5566489072437339E-01
 1.1225481250000000E+01     1.3710859646978410E-01
 1.1288018749999999E+01     1.1887820087867665E-01
 1.1350556250000000E+01     1.0114451572181532E-01
 1.1413093750000000E+01     8.4078501441531575E-02
 1.1475631249999999E+01     6.7851208272857969E-02
 1.1538168750000001E+01     5.2633718254619148E-02
 1.1600706250000000E+01     3.8597089913427085E-02
 1.1663243749999999E+01     2.5912307006861895E-02
 1.1725781250000001E+01     1.4729609590415957E-02
 1.1788318750000000E+01     5.0619773717761113E-03
 1.1850856250000000E+01    -3.1337236948678049E-03
 1.1913393749999999E+01    -9.9009849735132230E-03
 1.1975931250000000E+01    -1.5283488281085961E-02
 1.2038468750000000E+01    -1.9325098663586792E-02
 1.2101006249999999E+01    -2.2069852862243070E-02
 1.2163543750000001E+01    -2.3561944339974637E-02
 1.2226081250000000E+01    -2.3845705601143925E-02
 1.2288618749999999E+01    -2.2965588411514061E-02
 1.2351156249999999E+01    -2.0966142408553778E-02
 1.2413693750000000E+01    -1.7891992483957963E-02
 1.2476231250000000E+01    -1.3787815221026388E-02
 1.2538768749999999E+01    -8.6983145809176165E-03
 1.2601306250000000E+01    -2.6681969560344290E-03
 1.2663843750000000E+01     4.2578543515317899E-03
 1.2726381249999999E+01     1.2035205210954209E-02
 1.2788918750000001E+01     2.0619297309793436E-02
 1.2851456250000000E+01     2.9965675374905271E-02
 1.2913993749999999E+01     4.0030014953603817E-02
 1.2976531249999999E+01     5.0768150699006954E-02
 1.3039068750000000E+01     6.2136105041374623E-02
 1.3101606250000000E+01     7.4090117048601370E-02
 1.3164143749999999E+01     8.6586671188188816E-02
 1.3226681250000000E+01     9.9582525605437094E-02
 1.3289218750000000E+01     1.1303473943472732E-01
 1.3351756249999999E+01     1.2690069036441026E-01
 1.3414293750000001E+01     1.4113532482882124E-01
 1.3476831250000000E+01     1.5568713811779641E-01
 1.3539368750000000E+01     1.7050396876594814E-01
 1.3601906249999999E+01     1.8553401256261981E-01
 1.3664443750000000E+01     2.0072580672152110E-01
 1.3726981250000000E+01     2.1602821114987630E-01
 1.3789518749999999E+01     2.3139038678344953E-01
 1.3852056250000000E+01     2.4676177097820690E-01
 1.3914593750000000E+01     2.6209204996802515E-01
 1.3977131249999999E+01     2.7733112840956464E-01
 1.4039668749999999E+01     2.9242909603959022E-01
 1.4102206250000000E+01     3.0733619146650393E-01
 1.4164743750000000E+01     3.2200276310745019E-01
 1.4227281249999999E+01     3.3637922726670999E-01
 1.4289818750000000E+01     3.5041602333323119E-01
 1.4352356250000000E+01     3.6406356605901291E-01
 1.4414893749999999E+01     3.7727219487115982E-01
 1.4477431250000000E+01     3.8999212017504609E-01
 1.4539968750000000E+01     4.0217336663128916E-01
 1.4602506249999999E+01     4.1376571344269331E-01
 1.4665043749999999E+01     4.2471863177592273E-01
 1.4727581250000000E+01     4.3498121957246244E-01
 1.4790118750000000E+01     4.4450213417840251E-01
 1.4852656249999999E+01     4.5322952344380341E-01
 1.4915193750000000E+01     4.6111095620713577E-01
 1.4977731250000000E+01     4.6809335338125352E-01
 1.5040268749999999E+01     4.7412428141638641E-01
 1.5102806250000000E+01     4.7918181472758925E-01
 1.5165343750000000E+01     4.8327448004593554E-01
 1.5227881249999999E+01     4.8641128672936729E-01
 1.5290418749999999E+01     4.8860033614849324E-01
 1.5352956250000000E+01     4.8984880779068285E-01
 1.5415493750000000E+01     4.9016296446291197E-01
 1.5478031249999999E+01     4.8954817896581077E-01
 1.5540568750000000E+01     4.8800898415343019E-01
 1.5603106250000000E+01     4.8554914763679574E-01
 1.5665643749999999E+01     4.8217177154395208E-01
 1.5728181250000000E+01     4.7787941674126355E-01
 1.5790718750000000E+01     4.7267424979399386E-01
 1.5853256249999999E+01     4.6655820975851142E-01
 1.5915793749999999E+01     4.5953319072673693E-01
 1.5978331250000000E+01     4.5160123496700311E-01
 1.6040868749999998E+01     4.4276473060815807E-01
 1.6103406249999999E+01     4.3302660717416858E-01
 1.6165943749999997E+01     4.2239052196128951E-01
 1.6228481249999998E+01     4.1086103030598264E-01
 1.6291018749999999E+01     3.9844373324110688E-01
 1.6353556249999997E+01     3.8514539687317001E-01
 1.6416093749999998E+01     3.7097403899770792E-01
 1.6478631249999999E+01     3.5593897993801976E-01
 1.6541168749999997E+01     3.4005085625645926E-01
 1.6603706249999998E+01     3.2332159774387381E-01
 1.6666243749999996E+01     3.0576436983175637E-01
 1.6728781249999997E+01     2.8739700744269725E-01
 1.6791318749999999E+01     2.6826179208111567E-01
 1.6853856249999996E+01     2.4841143364394389E-01
 1.6916393749999997E+01     2.2789936018568466E-01
 1.6978931249999999E+01     2.0677950065366207E-01
 1.7041468749999996E+01     1.8510610847933534E-01
 1.7104006249999998E+01     1.6293360432141274E-01
 1.7166543749999999E+01     1.4031644231447790E-01
 1.7229081249999997E+01     1.1730900219005200E-01
 1.7291618749999998E+01     9.3965507882454391E-02
 1.7354156249999999E+01     7.0339971778592636E-02
 1.7416693749999997E+01     4.6486162642663316E-02
 1.7479231249999998E+01     2.2457594431473944E-02
 1.7541768749999999E+01    -1.6924673233462851E-03
 1.7604306249999997E+01    -2.5910985203801359E-02
 1.7666843749999998E+01    -5.0145119443357797E-02
 1.7729381249999999E+01    -7.4342191109095970E-02
 1.7791918749999997E+01    -9.8449642650762240E-02
 1.7854456249999998E+01    -1.2241499939971034E-01
 1.7916993749999996E+01    -1.4618583539966484E-01
 1.7979531249999997E+01    -1.6970974667961353E-01
 1.8042068749999999E+01    -1.9293433471607616E-01
 1.8104606249999996E+01    -2.1580720235024037E-01
 1.8167143749999997E+01    -2.3827596379646987E-01
 1.8229681249999999E+01    -2.6028826958057960E-01
 1.8292218749999996E+01    -2.8179184626988629E-01
 1.8354756249999998E+01    -3.0273455730237198E-01
 1.8417293749999999E+01    -3.2306703266947007E-01
 1.8479831249999997E+01    -3.4274646785613483E-01
 1.8542368749999998E+01    -3.6173130775323381E-01
 1.8604906249999999E+01    -3.7998031583625214E-01
 1.8667443749999997E+01    -3.9745257880368062E-01
 1.8729981249999998E+01    -4.1410749750962195E-01
 1.8792518749999999E+01    -4.2990476248450554E-01
 1.8855056249999997E+01    -4.4480431344605426E-01
 1.8917593749999998E+01    -4.5876628336193404E-01
 1.8980131249999996E+01    -4.7175092879708669E-01
 1.9042668749999997E+01    -4.8371854941934633E-01
 1.9105206249999998E+01    -4.9462940059963728E-01
 1.9167743749999996E+01    -5.0444360397755994E-01
 1.9230281249999997E+01    -5.1312106161457127E-01
 1.9292818749999999E+01    -5.2062137986650892E-01
 1.9355356249999996E+01    -5.2690380931274938E-01
 1.9417893749999998E+01    -5.3192720691862916E-01
 1.9480431249999999E+01    -5.3565002602469658E-01
 1.9542968749999996E+01    -5.3803033870867312E-01
 1.9605506249999998E+01    -5.3902589353683650E-01
 1.9668043749999999E+01    -5.3859420973121352E-01
 1.9730581249999997E+01    -5.3669270639592859E-01
 1.9793118749999998E+01    -5.3327886279479353E-01
 1.9855656249999999E+01    -5.2831040293493758E-01
 1.9918193749999997E+01    -5.2174549512084756E-01
 1.9980731249999998E+01    -5.1354295496661051E-01
 2.0043268749999999E+01    -5.0366632798591682E-01
 2.0105806249999997E+01    -4.9216962009685539E-01
 2.0168343749999998E+01    -4.7919741881247030E-01
 2.0230881249999996E+01    -4.6489938127452735E-01
 2.0293418749999997E+01    -4.4942632661274601E-01
 2.0355956249999998E+01    -4.3293016515501737E-01
 2.0418493749999996E+01    -4.1556378360211660E-01
 2.0481031249999997E+01    -3.9748089602629788E-01
 2.0543568749999999E+01    -3.7883587168494681E-01
 2.0606106249999996E+01    -3.5978355082932606E-01
 2.0668643749999998E+01    -3.4047905905230202E-01
 2.0731181249999999E+01    -3.2107762943563584E-01
 2.0793718749999996E+01    -3.0173444003514865E-01
 2.0856256249999998E+01    -2.8260447229170760E-01
 2.0918793749999999E+01    -2.6384239396809867E-01
 2.0981331249999997E+01    -2.4560246834161406E-01
 2.1043868749999998E+01    -2.2803848974143404E-01
 2.1106406249999999E+01    -2.1130374417602665E-01
 2.1168943749999997E+01    -1.9555099277634919E-01
 2.1231481249999998E+01    -1.8093247508090571E-01
 2.1294018749999996E+01    -1.6759992878111510E-01
 2.1356556249999997E+01    -1.5570462238890900E-01
 2.1419093749999998E+01    -1.4539739733684362E-01
 2.1481631249999996E+01    -1.3682871622908674E-01
 2.1544168749999997E+01    -1.3014871428992469E-01
 2.1606706249999998E+01    -1.2550725147287820E-01
 2.1669243749999996E+01    -1.2305396317418502E-01
 2.1731781249999997E+01    -1.2290512954225374E-01
 2.1794318749999999E+01    -1.2495632777567971E-01
 2.1856856249999996E+01    -1.2901306541410534E-01
 2.1919393749999998E+01    -1.3488053449698212E-01
 2.1981931249999999E+01    -1.4236390931808235E-01
 2.2044468749999997E+01    -1.5126837139918831E-01
 2.2107006249999998E+01    -1.6139912827321318E-01
 2.2169543749999999E+01    -1.7256142689012147E-01
 2.2232081249999997E+01    -1.8456056214002375E-01
 2.2294618749999998E+01    -1.9720188071682065E-01
 2.2357156249999996E+01    -2.1029078033504767E-01
 2.2419693749999997E+01    -2.2363270417262848E-01
 2.2482231249999998E+01    -2.3703313035128032E-01
 2.2544768749999996E+01    -2.5029755628986550E-01
 2.2607306249999997E+01    -2.6323147787521362E-01
 2.2669843749999998E+01    -2.7564036358650834E-01
 2.2732381249999996E+01    -2.8732962397370782E-01
 2.2794918749999997E+01    -2.9810457721155131E-01
 2.2857456249999998E+01    -3.0777041180559456E-01
 2.2919993749999996E+01    -3.1613214788607530E-01
 2.2982531249999997E+01    -3.2299459885475840E-01
 2.3045068749999999E+01    -3.2816233541254641E-01
 2.3107606249999996E+01    -3.3143965415578702E-01
 2.3170143749999998E+01    -3.3263055295686289E-01
 2.3232681249999999E+01    -3.3153871522084682E-01
 2.3295218749999997E+01    -3.2796750483165510E-01
 2.3357756249999998E+01    -3.2172030771058002E-01
 2.3420293749999999E+01    -3.1271362121636442E-01
 2.3482831249999997E+01    -3.0114167458380120E-01
 2.3545368749999998E+01    -2.8724030408957851E-01
 2.3607906249999996E+01    -2.7124519866998431E-01
 2.3670443749999997E+01    -2.5339196616206233E-01
 2.3732981249999998E+01    -2.3391620042891537E-01
 2.3795518749999996E+01    -2.1305354617950759E-01
 2.3858056249999997E+01    -1.9103975905384726E-01
 2.3920593749999998E+01    -1.6811075936774314E-01
 2.3983131249999996E+01    -1.4450267868366551E-01
 2.4045668749999997E+01    -1.2045189900461253E-01
 2.4108206249999999E+01    -9.6195084813632772E-02
 2.4170743749999996E+01    -7.1969208371551657E-02
 2.4233281249999997E+01    -4.8011568639645903E-02
 2.4295818749999999E+01    -2.4559803941588618E-02
 2.4358356249999996E+01    -1.8518980743405344E-03
 2.4420893749999998E+01     1.9873820904689268E-02
 2.4483431249999999E+01     4.0378690459471386E-02
 2.4545968749999997E+01     5.9423733541672831E-02
 2.4608506249999998E+01     7.6769690537068308E-02
 2.4671043749999995E+01     9.2177064905776901E-02
 2.4733581249999997E+01     1.0540618384113508E-01
 2.4796118749999998E+01     1.1621727456752065E-01
 2.4858656249999996E+01     1.2437055591227307E-01
 2.4921193749999997E+01     1.2962634359956954E-01
 2.4983731249999998E+01     1.3174516644125184E-01
 2.5046268749999996E+01     1.3049896591339979E-01
 2.5108806249999997E+01     1.2591490392532684E-01
 2.5171343749999998E+01     1.1827546292102824E-01
 2.5233881249999996E+01     1.0787480843009287E-01
 2.5296418749999997E+01     9.5007711666364472E-02
 2.5358956249999999E+01     7.9969518702531925E-02
 2.5421493749999996E+01     6.3056093740784191E-02
 2.5484031249999997E+01     4.4563740566140465E-02
 2.5546568749999999E+01     2.4789106459894197E-02
 2.5609106249999996E+01     4.0290726007991646E-03
 2.5671643749999998E+01    -1.7419365529556408E-02
 2.5734181249999999E+01    -3.9259224795754652E-02
 2.5796718749999997E+01    -6.1193665624408214E-02
 2.5859256249999998E+01    -8.2926125485546065E-02
 2.5921793749999996E+01    -1.0416045216803570E-01
 2.5984331249999997E+01    -1.2460103383261728E-01
 2.6046868749999998E+01    -1.4395292196404780E-01
 2.6109406249999996E+01    -1.6192194229809898E-01
 2.6171943749999997E+01    -1.7821478776903107E-01
 2.6234481249999998E+01    -1.9253908675616413E-01
 2.6297018749999996E+01    -2.0460343966973227E-01
 2.6359556249999997E+01    -2.1411741744940699E-01
 2.6422093749999998E+01    -2.2079151702654976E-01
 2.6484631249999996E+01    -2.2433707127634819E-01
 2.6547168749999997E+01    -2.2446611435087835E-01
 2.6609706249999999E+01    -2.2089120725075062E-01
 2.6672243749999996E+01    -2.1332523260339778E-01
 2.6734781249999997E+01    -2.0154519871621662E-01
 2.6797318749999999E+01    -1.8575363939817746E-01
 2.6859856249999996E+01    -1.6632638571869574E-01
 2.6922393749999998E+01    -1.4363925660272286E-01
 2.6984931249999995E+01    -1.1806742580248694E-01
 2.7047468749999997E+01    -8.9985359967824294E-02
 2.7110006249999998E+01    -5.9766806754855607E-02
 2.7172543749999996E+01    -2.7784821068799141E-02
 2.7235081249999997E+01     5.5881836964435279E-03
 2.7297618749999998E+01     3.9980372156265064E-02
 2.7360156249999996E+01     7.5020422220346245E-02
 2.7422693749999997E+01     1.1033746767752448E-01
 2.7485231249999998E+01     1.4556105363236249E-01
 2.7547768749999996E+01     1.8032110733186035E-01
 2.7610306249999997E+01     2.1424792414804594E-01
 2.7672843749999998E+01     2.4697216616361775E-01
 2.7735381249999996E+01     2.7812486908837475E-01
 2.7797918749999997E+01     3.0733745220475317E-01
 2.7860456249999999E+01     3.3424172574816852E-01
 2.7922993749999996E+01     3.5846989057437656E-01
 2.7985531249999998E+01     3.7965452610124817E-01
 2.8048068749999995E+01     3.9742856422077799E-01
 2.8110606249999996E+01     4.1142524896835997E-01
 2.8173143749999998E+01     4.2127808394732363E-01
 2.8235681249999995E+01     4.2662077152320643E-01
 2.8298218749999997E+01     4.2708714929865749E-01
 2.8360756249999998E+01     4.2231173164604574E-01
 2.8423293749999996E+01     4.1213298910671975E-01
 2.8485831249999997E+01     3.9688928402767099E-01
 2.8548368749999998E+01     3.7699414622807842E-01
 2.8610906249999996E+01     3.5286107646810216E-01
 2.8673443749999997E+01     3.2490355673913945E-01
 2.8735981249999998E+01     2.9353506594934031E-01
 2.8798518749999996E+01     2.5916909606648525E-01
 2.8861056249999997E+01     2.2221916448835821E-01
 2.8923593749999998E+01     1.8309881924445631E-01
 2.8986131249999996E+01     1.4222163436198815E-01
 2.9048668749999997E+01     1.0000119325987257E-01
 2.9111206249999999E+01     5.6851058409258887E-02
 2.9173743749999996E+01     1.3184725864868106E-02
 2.9236281249999998E+01    -3.0584436172632685E-02
 2.9298818749999995E+01    -7.4043264666428327E-02
 2.9361356249999996E+01    -1.1677889338769196E-01
 2.9423893749999998E+01    -1.5837885540262447E-01
 2.9486431249999995E+01    -1.9843119058691588E-01
 2.9548968749999997E+01    -2.3652454995843364E-01
 2.9611506249999998E+01    -2.7224828659695838E-01
 2.9674043749999996E+01    -3.0519252179395606E-01
 2.9736581249999997E+01    -3.3494817535988436E-01
 2.9799118749999998E+01    -3.6110695109317259E-01
 2.9861656249999996E+01    -3.8326127240174279E-01
 2.9924193749999997E+01    -4.0100416871248767E-01
 2.9986731249999998E+01    -4.1392911994121173E-01
 3.0049268749999996E+01    -4.2164559043337424E-01
 3.0111806249999997E+01    -4.2412462218639568E-01
 3.0174343749999998E+01    -4.2169865408745921E-01
 3.0236881249999996E+01    -4.1471558852805535E-01
 3.0299418749999997E+01    -4.0352297636063694E-01
 3.0361956249999995E+01    -3.8846797460528742E-01
 3.0424493749999996E+01    -3.6989735488957703E-01
 3.0487031249999998E+01    -3.4815755352137745E-01
 3.0549568749999995E+01    -3.2359475170690910E-01
 3.0612106249999997E+01    -2.9655497398980879E-01
 3.0674643749999998E+01    -2.6738419401643149E-01
 3.0737181249999995E+01    -2.3642843860091836E-01
 3.0799718749999997E+01    -2.0403388316702167E-01
 3.0862256249999998E+01    -1.7054693351906575E-01
 3.0924793749999996E+01    -1.3631429027847411E-01
 3.0987331249999997E+01    -1.0168299315610466E-01
 3.1049868749999998E+01    -6.7000442624957607E-02
 3.1112406249999996E+01    -3.2614396736750317E-02
 3.1174943749999997E+01     1.1270589358779639E-03
 3.1237481249999998E+01     3.3875569687865009E-02
 3.1300018749999996E+01     6.5282598769353148E-02
 3.1362556249999997E+01     9.4999541828129433E-02
 3.1425093749999998E+01     1.2267786505879379E-01
 3.1487631249999996E+01     1.4796926069407748E-01
 3.1550168749999997E+01     1.7052581065916034E-01
 3.1612706249999995E+01     1.9000014671556581E-01
 3.1675243749999996E+01     2.0604559371030123E-01
 3.1737781249999998E+01     2.1836951744884342E-01
 3.1800318749999995E+01     2.2703406574471124E-01
 3.1862856249999997E+01     2.3224663982316771E-01
 3.1925393749999998E+01     2.3421589280558366E-01
 3.1987931249999995E+01     2.3315121113457921E-01
 3.2050468750000000E+01     2.2926259430307852E-01
 3.2113006249999998E+01     2.2276051570654865E-01
 3.2175543750000003E+01     2.1385577375103726E-01
 3.2238081250000000E+01     2.0275934210268137E-01
 3.2300618749999998E+01     1.8968222716629607E-01
 3.2363156250000003E+01     1.7483533969706927E-01
 3.2425693750000001E+01     1.5842938604569917E-01
 3.2488231249999998E+01     1.4067478305961795E-01
 3.2550768750000003E+01     1.2178159922620042E-01
 3.2613306250000001E+01     1.0195952332676787E-01
 3.2675843749999999E+01     8.1417860715614479E-02
 3.2738381250000003E+01     6.0365556356375825E-02
 3.2800918750000001E+01     3.9011242921941892E-02
 3.2863456249999999E+01     1.7563311557875654E-02
 3.2925993750000004E+01    -3.7699977236895898E-03
 3.2988531250000001E+01    -2.4780489660060509E-02
 3.3051068749999999E+01    -4.5259895623645741E-02
 3.3113606250000004E+01    -6.4999748686413256E-02
 3.3176143750000001E+01    -8.3791257441250780E-02
 3.3238681249999999E+01    -1.0142518480129809E-01
 3.3301218749999997E+01    -1.1769173853351855E-01
 3.3363756250000002E+01    -1.3238068304783732E-01
 3.3426293749999999E+01    -1.4534970306390041E-01
 3.3488831249999997E+01    -1.5662398341335210E-01
 3.3551368750000002E+01    -1.6625330859202447E-01
 3.3613906249999999E+01    -1.7428683366004177E-01
 3.3676443749999997E+01    -1.8077318854253338E-01
 3.3738981250000002E+01    -1.8576060418194884E-01
 3.3801518750000000E+01    -1.8929705701658239E-01
 3.3864056249999997E+01    -1.9143042742900801E-01
 3.3926593750000002E+01    -1.9220866717195051E-01
 3.3989131250000000E+01    -1.9167997035559187E-01
 3.4051668749999997E+01    -1.8989294237532070E-01
 3.4114206250000002E+01    -1.8689676116967624E-01
 3.4176743750000000E+01    -1.8274132541589247E-01
 3.4239281249999998E+01    -1.7747738468221796E-01
 3.4301818750000002E+01    -1.7115664714658635E-01
 3.4364356250000000E+01    -1.6383186124209903E-01
 3.4426893749999998E+01    -1.5555686848024083E-01
 3.4489431250000003E+01    -1.4638662570816538E-01
 3.4551968750000000E+01    -1.3637719614772245E-01
 3.4614506249999998E+01    -1.2558570970733166E-01
 3.4677043750000003E+01    -1.1407029421470156E-01
 3.4739581250000001E+01    -1.0188998034575476E-01
 3.4802118749999998E+01    -8.9104584077195806E-02
 3.4864656250000003E+01    -7.5774571419998438E-02
 3.4927193750000001E+01    -6.1960910952916524E-02
 3.4989731249999998E+01    -4.7724920227569065E-02
 3.5052268750000003E+01    -3.3128619560479987E-02
 3.5114806250000001E+01    -1.8245741952950950E-02
 3.5177343749999999E+01    -3.1615906072211810E-03
 3.5239881250000003E+01     1.2038253953021025E-02
 3.5302418750000001E+01     2.7268552684159418E-02
 3.5364956249999999E+01     4.2444483705206607E-02
 3.5427493750000004E+01     5.7481682136879306E-02
 3.5490031250000001E+01     7.2296246348555915E-02
 3.5552568749999999E+01     8.6804714252897014E-02
 3.5615106249999997E+01     1.0092401433614626E-01
 3.5677643750000001E+01     1.1457139682140741E-01
 3.5740181249999999E+01     1.2766435075826904E-01
 3.5802718749999997E+01     1.4012051295684858E-01
 3.5865256250000002E+01     1.5185757458567622E-01
 3.5927793749999999E+01     1.6279319097795455E-01
 3.5990331249999997E+01     1.7284489977901624E-01
 3.6052868750000002E+01     1.8193005204777024E-01
 3.6115406249999999E+01     1.8996576031276646E-01
 3.6177943749999997E+01     1.9686886688403077E-01
 3.6240481250000002E+01     2.0255593493206472E-01
 3.6303018750000000E+01     2.0694326395970003E-01
 3.6365556249999997E+01     2.0994693030844547E-01
 3.6428093750000002E+01     2.1148285226615643E-01
 3.6490631250000000E+01     2.1146687820053384E-01
 3.6553168749999998E+01     2.0981489497591857E-01
 3.6615706250000002E+01     2.0644295278272978E-01
 3.6678243750000000E+01     2.0126740150174444E-01
 3.6740781249999998E+01     1.9422876791655475E-01
 3.6803318750000003E+01     1.8542595008639406E-01
 3.6865856250000000E+01     1.7502290650526336E-01
 3.6928393749999998E+01     1.6318454184981673E-01
 3.6990931250000003E+01     1.5007654879748591E-01
 3.7053468750000000E+01     1.3586541352596340E-01
 3.7116006249999998E+01     1.2071839725056135E-01
 3.7178543750000003E+01     1.0480349712336459E-01
 3.7241081250000001E+01     8.8289390481649022E-02
 3.7303618749999998E+01     7.1345366675963515E-02
 3.7366156250000003E+01     5.4141250584896945E-02
 3.7428693750000001E+01     3.6847321509284832E-02
 3.7491231249999998E+01     1.9634230520503695E-02
 3.7553768750000003E+01     2.6729186043105901E-03
 3.7616306250000001E+01    -1.3865462823845135E-02
 3.7678843749999999E+01    -2.9809628182564336E-02
 3.7741381250000003E+01    -4.4988230549130294E-02
 3.7803918750000001E+01    -5.9229931323910356E-02
 3.7866456249999999E+01    -7.2363467353744840E-02
 3.7928993749999997E+01    -8.4217716310947682E-02
 3.7991531250000001E+01    -9.4621761147558547E-02
 3.8054068749999999E+01    -1.0340495433393888E-01
 3.8116606249999997E+01    -1.1039698237858311E-01
 3.8179143750000001E+01    -1.1542793085178371E-01
 3.8241681249999999E+01    -1.1832834984492779E-01
 3.8304218749999997E+01    -1.1892931953661590E-01
 3.8366756250000002E+01    -1.1706278519347452E-01
 3.8429293749999999E+01    -1.1265282796303888E-01
 3.8491831249999997E+01    -1.0584848025520724E-01
 3.8554368750000002E+01    -9.6833235124139841E-02
 3.8616906250000000E+01    -8.5791304405872001E-02
 3.8679443749999997E+01    -7.2907600899596900E-02
 3.8741981250000002E+01    -5.8367718004134504E-02
 3.8804518750000000E+01    -4.2357906919590418E-02
 3.8867056249999997E+01    -2.5065051347359979E-02
 3.8929593750000002E+01    -6.6766393497169011E-03
 3.8992131250000000E+01     1.2619268302255300E-02
 3.9054668749999998E+01     3.2634074313333830E-02
 3.9117206250000002E+01     5.3178686922042744E-02
 3.9179743750000000E+01     7.4063569414759278E-02
 3.9242281249999998E+01     9.5098798800187484E-02
 3.9304818750000003E+01     1.1609413531105914E-01
 3.9367356250000000E+01     1.3685910417684491E-01
 3.9429893749999998E+01     1.5720309068684846E-01
 3.9492431250000003E+01     1.7693544893638205E-01
 3.9554968750000000E+01     1.9586562383556899E-01
 3.9617506249999998E+01     2.1380328499385226E-01
 3.9680043750000003E+01     2.3055847002519950E-01
 3.9742581250000001E+01     2.4594173371860939E-01
 3.9805118749999998E+01     2.5976429846972054E-01
 3.9867656250000003E+01     2.7183820046652202E-01
 3.9930193750000001E+01     2.8197642546360380E-01
 3.9992731249999999E+01     2.8999302765797036E-01
 4.0055268750000003E+01     2.9570920478891916E-01
 4.0117806250000001E+01     2.9908491330644860E-01
 4.0180343749999999E+01     3.0021888550862308E-01
 4.0242881249999996E+01     2.9921703504176278E-01
 4.0305418750000001E+01     2.9618638847328815E-01
 4.0367956249999999E+01     2.9123497208803661E-01
 4.0430493749999997E+01     2.8447168010362311E-01
 4.0493031250000001E+01     2.7600612998915658E-01
 4.0555568749999999E+01     2.6594851082852378E-01
 4.0618106249999997E+01     2.5440943057477794E-01
 4.0680643750000002E+01     2.4149976764104986E-01
 4.0743181249999999E+01     2.2733053162692435E-01
 4.0805718749999997E+01     2.1201273715746374E-01
 4.0868256250000002E+01     1.9565729388695663E-01
 4.0930793749999999E+01     1.7837491475877246E-01
 4.0993331249999997E+01     1.6027604367556925E-01
 4.1055868750000002E+01     1.4147080286773109E-01
 4.1118406250000000E+01     1.2206895948605406E-01
 4.1180943749999997E+01     1.0217991030788848E-01
 4.1243481250000002E+01     8.1912682942328632E-02
 4.1306018750000000E+01     6.1375951547148748E-02
 4.1368556249999997E+01     4.0678064817911003E-02
 4.1431093750000002E+01     1.9927083862288503E-02
 4.1493631250000000E+01    -7.6917248859888123E-04
 4.1556168749999998E+01    -2.1303077374284371E-02
 4.1618706250000002E+01    -4.1567142992296205E-02
 4.1681243750000000E+01    -6.1453967378717569E-02
 4.1743781249999998E+01    -8.0865936065741884E-02
 4.1806318750000003E+01    -9.9770259767904157E-02
 4.1868856250000000E+01    -1.1816054662548445E-01
 4.1931393749999998E+01    -1.3603039971041547E-01
 4.1993931250000003E+01    -1.5337331857082775E-01
 4.2056468750000001E+01    -1.7018268926407792E-01
 4.2119006249999998E+01    -1.8645178562484552E-01
 4.2181543750000003E+01    -2.0217378241930511E-01
 4.2244081250000001E+01    -2.1734178087519976E-01
 4.2306618749999998E+01    -2.3194884686914896E-01
 4.2369156249999996E+01    -2.4598806179160737E-01
 4.2431693750000001E+01    -2.5945258579394076E-01
 4.2494231249999999E+01    -2.7233573275126938E-01
 4.2556768749999996E+01    -2.8463105585356102E-01
 4.2619306250000001E+01    -2.9633244227453359E-01
 4.2681843749999999E+01    -3.0743421487749040E-01
 4.2744381249999996E+01    -3.1793123841810766E-01
 4.2806918750000001E+01    -3.2781902722064782E-01
 4.2869456249999999E+01    -3.3709385086450461E-01
 4.2931993749999997E+01    -3.4575283405384960E-01
 4.2994531250000001E+01    -3.5379404658725244E-01
 4.3057068749999999E+01    -3.6121657922865291E-01
 4.3119606249999997E+01    -3.6802060133461456E-01
 4.3182143750000002E+01    -3.7420739633798888E-01
 4.3244681249999999E+01    -3.7977937163902425E-01
 4.3307218749999997E+01    -3.8474004011431640E-01
 4.3369756250000002E+01    -3.8909397242550392E-01
 4.3432293749999999E+01    -3.9284709347236080E-01
 4.3494831249999997E+01    -3.9600711935452915E-01
 4.3557368750000002E+01    -3.9858263170011166E-01
 4.3619906250000000E+01    -4.0058277713672896E-01
 4.3682443749999997E+01    -4.0201709020608645E-01
 4.3744981250000002E+01    -4.0289530568341114E-01
 4.3807518750000000E+01    -4.0322716572995665E-01
 4.3870056249999998E+01    -4.0302222748719252E-01
 4.3932593750000002E+01    -4.0228967666956889E-01
 4.3995131250000000E+01    -4.0103815243658947E-01
 4.4057668749999998E+01    -3.9927558834339483E-01
 4.4120206250000003E+01    -3.9700907351100245E-01
 4.4182743750000000E+01    -3.9424473735929033E-01
 4.4245281249999998E+01    -3.9098766034930799E-01
 4.4307818750000003E+01    -3.8724181223034554E-01
 4.4370356250000000E+01    -3.8301001832528075E-01
 4.4432893749999998E+01    -3.7829395345620664E-01
 4.4495431250000003E+01    -3.7309416224819414E-01
 4.4557968750000001E+01    -3.6741010378324090E-01
 4.4620506249999998E+01    -3.6124021793318750E-01
 4.4683043749999996E+01    -3.5458201019640101E-01
 4.4745581250000001E+01    -3.4743215150757606E-01
 4.4808118749999998E+01    -3.3978658928520700E-01
 4.4870656249999996E+01    -3.3164066592252278E-01
 4.4933193750000001E+01    -3.2298924100469012E-01
 4.4995731249999999E+01    -3.1382681373275301E-01
 4.5058268749999996E+01    -3.0414871138792193E-01
 4.5120806250000001E+01    -2.9397472208506847E-01
 4.5183343749999999E+01    -2.8334920038074390E-01
 4.5245881249999996E+01    -2.7231764332592284E-01
 4.5308418750000001E+01    -2.6092570349121263E-01
 4.5370956249999999E+01    -2.4921925646770343E-01
 4.5433493749999997E+01    -2.3724445364268348E-01
 4.5496031250000001E+01    -2.2504776065141463E-01
 4.5558568749999999E+01    -2.1267598233380447E-01
 4.5621106249999997E+01    -2.0017627535265245E-01
 4.5683643750000002E+01    -1.8759614986097786E-01
 4.5746181249999999E+01    -1.7498346174711840E-01
 4.5808718749999997E+01    -1.6238639704857674E-01
 4.5871256250000002E+01    -1.4985345012164406E-01
 4.5933793750000000E+01    -1.3743339709701385E-01
 4.5996331249999997E+01    -1.2517526605530280E-01
 4.6058868750000002E+01    -1.1312830523295903E-01
 4.6121406250000000E+01    -1.0134195042924282E-01
 4.6183943749999997E+01    -8.9865792637973077E-02
 4.6246481250000002E+01    -7.8749546780615409E-02
 4.6309018750000000E+01    -6.8043022275123460E-02
 4.6371556249999998E+01    -5.7796096041149200E-02
 4.6434093750000002E+01    -4.8058688418590810E-02
 4.6496631250000000E+01    -3.8880742363294196E-02
 4.6559168749999998E+01    -3.0312206180702125E-02
 4.6621706250000003E+01    -2.2403019964176690E-02
 4.6684243750000000E+01    -1.5203105818068998E-02
 4.6746781249999998E+01    -8.7547525267841122E-03
 4.6809318750000003E+01    -3.0496356390182985E-03
 4.6871856250000000E+01     1.9412317957208628E-03
 4.6934393749999998E+01     6.2469213690956576E-03
 4.6996931249999996E+01     9.8965246503868887E-03
 4.7059468750000001E+01     1.2919148114154254E-02
 4.7122006249999998E+01     1.5343907202111966E-02
 4.7184543749999996E+01     1.7199919882278779E-02
 4.7247081250000001E+01     1.8516300016429042E-02
 4.7309618749999998E+01     1.9322150798068809E-02
 4.7372156249999996E+01     1.9646558477555868E-02
 4.7434693750000001E+01     1.9518586548633407E-02
 4.7497231249999999E+01     1.8967270531649483E-02
 4.7559768749999996E+01     1.8021613453163738E-02
 4.7622306250000001E+01     1.6710582089612267E-02
 4.7684843749999999E+01     1.5063104014281545E-02
 4.7747381249999997E+01     1.3108065462069643E-02
 4.7809918750000001E+01     1.0874310005383237E-02
 4.7872456249999999E+01     8.3906380169530316E-03
 4.7934993749999997E+01     5.6858068812191938E-03
 4.7997531250000002E+01     2.7885319050657618E-03
 4.8060068749999999E+01    -2.7251212920022689E-04
 4.8122606249999997E+01    -3.4686888308931461E-03
 4.8185143750000002E+01    -6.7713975530443206E-03
 4.8247681249999999E+01    -1.0152070295303996E-02
 4.8310218749999997E+01    -1.3582168222426390E-02
 4.8372756250000002E+01    -1.7033177860774514E-02
 4.8435293750000000E+01    -2.0476607031942554E-02
 4.8497831249999997E+01    -2.3883980578535406E-02
 4.8560368750000002E+01    -2.7226835932636376E-02
 4.8622906250000000E+01    -3.0476718572802826E-02
 4.8685443749999997E+01    -3.3605177410711264E-02
 4.8747981250000002E+01    -3.6583760143970558E-02
 4.8810518750000000E+01    -3.9384008607258408E-02
 4.8873056249999998E+01    -4.1977454149832560E-02
 4.8935593750000002E+01    -4.4335613063625282E-02
 4.8998131250000000E+01    -4.6429982082548782E-02
 4.9060668749999998E+01    -4.8168229000882017E-02
 4.9123206250000003E+01    -4.9131027813173959E-02
 4.9185743750000000E+01    -4.9261289527186662E-02
 4.9248281249999998E+01    -4.8608800768245461E-02
 4.9310818749999996E+01    -4.7252063078512346E-02
 4.9373356250000001E+01    -4.5285878339311816E-02
 4.9435893749999998E+01    -4.2807600319010042E-02
 4.9498431249999996E+01    -3.9903932054607218E-02
 4.9560968750000001E+01    -3.6640019748722899E-02
 4.9623506249999998E+01    -3.3052222401263834E-02
 4.9686043749999996E+01    -2.9145379695976654E-02
 4.9748581250000001E+01    -2.4894736805433325E-02
 4.9811118749999999E+01    -2.0252003885039803E-02
 4.9873656249999996E+01    -1.5154423393586599E-02
 4.9936193750000001E+01    -9.5352764735864813E-03
 4.9998731249999999E+01    -3.3340484917019600E-03
