#                  time                       real
 3.1268749999999998E-02     9.2023147422596596E-03
 9.3806249999999994E-02     2.7814899912948176E-02
 1.5634375000000000E-01     4.7027466410827841E-02
 2.1888124999999997E-01     6.7341861599074043E-02
 2.8141875000000000E-01     8.9120008615677565E-02
 3.4395625000000002E-01     1.1219742271391941E-01
 4.0649374999999999E-01     1.3550660053398866E-01
 4.6903124999999996E-01     1.5692341436009585E-01
 5.3156874999999992E-01     1.7359703280493027E-01
 5.9410624999999995E-01     1.8287343246148968E-01
 6.5664374999999997E-01     1.8351970438152848E-01
 7.1918124999999988E-01     1.7652974316683576E-01
 7.8171874999999991E-01     1.6482195466716548E-01
 8.4425624999999993E-01     1.5185857814297785E-01
 9.0679374999999984E-01     1.4009046894881544E-01
 9.6933124999999987E-01     1.3024955895327064E-01
 1.0318687499999999E+00     1.2189320772737863E-01
 1.0944062499999998E+00     1.1484617623248992E-01
 1.1569437499999999E+00     1.0828713892157976E-01
 1.2194812499999999E+00     1.0168902029446261E-01
 1.2820187500000000E+00     9.4796785032493877E-02
 1.3445562499999999E+00     8.7507629991236180E-02
 1.4070937499999998E+00     7.9803415395361413E-02
 1.4696312499999999E+00     7.1712973697640001E-02
 1.5321687499999999E+00     6.3291169222849511E-02
 1.5947062499999998E+00     5.4607256275479965E-02
 1.6572437499999999E+00     4.5738379767159276E-02
 1.7197812499999998E+00     3.6765921820529970E-02
 1.7823187499999997E+00     2.7773430022855709E-02
 1.8448562499999999E+00     1.8845431231107806E-02
 1.9073937499999998E+00     1.0066746490198834E-02
 1.9699312499999999E+00     1.5220934972985944E-03
 2.0324687500000000E+00    -6.7041430646962719E-03
 2.0950062500000000E+00    -1.4528041174639305E-02
 2.1575437499999999E+00    -2.1866210140983919E-02
 2.2200812500000002E+00    -2.8635821159526308E-02
 2.2826187500000001E+00    -3.4754613441144236E-02
 2.3451562500000001E+00    -4.0140884287140806E-02
 2.4076937500000000E+00    -4.4713468376475343E-02
 2.4702312499999999E+00    -4.8391709666438888E-02
 2.5327687500000002E+00    -5.1095428173390495E-02
 2.5953062500000001E+00    -5.2744883198582476E-02
 2.6578437500000001E+00    -5.3260734126393330E-02
 2.7203812500000000E+00    -5.2563999648469133E-02
 2.7829187499999999E+00    -5.0576016097907711E-02
 2.8454562499999998E+00    -4.7218395472738109E-02
 2.9079937500000002E+00    -4.2412983663976077E-02
 2.9705312500000001E+00    -3.6081819360267775E-02
 3.0330687500000000E+00    -2.8147094066846876E-02
 3.0956062499999999E+00    -1.8531113639720730E-02
 3.1581437499999998E+00    -7.1562616892792306E-03
 3.2206812500000002E+00     6.0550348561576265E-03
 3.2832187500000001E+00     2.1180337820951328E-02
 3.3457562500000000E+00     3.8296985378531295E-02
 3.4082937499999999E+00     5.7400319336683159E-02
 3.4708312499999998E+00     7.8284634155355429E-02
 3.5333687499999997E+00     1.0071403417635444E-01
 3.5959062500000001E+00     1.2445267109482658E-01
 3.6584437500000000E+00     1.4926473581190380E-01
 3.7209812499999999E+00     1.7491445364200803E-01
 3.7835187499999998E+00     2.0116608067929181E-01
 3.8460562499999997E+00     2.2778390089037667E-01
 3.9085937500000001E+00     2.5453222404772935E-01
 3.9711312500000000E+00     2.8117538468405862E-01
 4.0336687499999995E+00     3.0747774209622319E-01
 4.0962062499999998E+00     3.3320368117254118E-01
 4.1587437499999993E+00     3.5811761352478810E-01
 4.2212812499999997E+00     3.8198397812834900E-01
 4.2838187499999991E+00     4.0456724045823139E-01
 4.3463562499999995E+00     4.2563188899766857E-01
 4.4088937499999998E+00     4.4494242802559031E-01
 4.4714312499999993E+00     4.6226336578075256E-01
 4.5339687499999997E+00     4.7735919745644478E-01
 4.5965062499999991E+00     4.8999438297786652E-01
 4.6590437499999995E+00     4.9993332010409502E-01
 4.7215812499999998E+00     5.0694031399910300E-01
 4.7841187499999993E+00     5.1077954493201805E-01
 4.8466562499999997E+00     5.1121503608071284E-01
 4.9091937499999991E+00     5.0801062341707315E-01
 4.9717312499999995E+00     5.0092992925435653E-01
 5.0342687499999998E+00     4.8974859842893415E-01
 5.0968062499999993E+00     4.7452396381963113E-01
 5.1593437499999997E+00     4.5559509088499128E-01
 5.2218812499999991E+00     4.3331323298700475E-01
 5.2844187499999995E+00     4.0802970960239160E-01
 5.3469562499999990E+00     3.8009598276445988E-01
 5.4094937499999993E+00     3.4986369110734933E-01
 5.4720312499999997E+00     3.1768464978689354E-01
 5.5345687499999991E+00     2.8391082046866956E-01
 5.5971062499999995E+00     2.4889425522126413E-01
 5.6596437499999990E+00     2.1298701900537487E-01
 5.7221812499999993E+00     1.7654109653112715E-01
 5.7847187499999997E+00     1.3990829017079537E-01
 5.8472562499999992E+00     1.0344011622015301E-01
 5.9097937499999995E+00     6.7487707068969463E-02
 5.9723312499999990E+00     3.2401726803956608E-02
 6.0348687499999993E+00    -1.4676925246463225E-03
 6.0974062499999997E+00    -3.3770987238689078E-02
 6.1599437499999992E+00    -6.4159164898957760E-02
 6.2224812499999995E+00    -9.2283768445904663E-02
 6.2850187499999990E+00    -1.1779679731106765E-01
 6.3475562499999993E+00    -1.4035058228813918E-01
 6.4100937499999997E+00    -1.5959761216665516E-01
 6.4726312499999992E+00    -1.7519031143027158E-01
 6.5351687499999995E+00    -1.8678076963404411E-01
 6.5977062499999990E+00    -1.9402042429152977E-01
 6.6602437499999994E+00    -1.9655970007929585E-01
 6.7227812499999997E+00    -1.9412014220826673E-01
 6.7853187499999992E+00    -1.8690368907907756E-01
 6.8478562499999995E+00    -1.7530701648656721E-01
 6.9103937499999990E+00    -1.5972550143188774E-01
 6.9729312499999994E+00    -1.4055271471887204E-01
 7.0354687499999988E+00    -1.1818042290822182E-01
 7.0980062499999992E+00    -9.2998577130350576E-02
 7.1605437499999995E+00    -6.5395318892575327E-02
 7.2230812499999990E+00    -3.5757021379652774E-02
 7.2856187499999994E+00    -4.4683794486618158E-03
 7.3481562499999988E+00     2.8087441419672066E-02
 7.4106937499999992E+00     6.1528589212952733E-02
 7.4732312499999995E+00     9.5474236885537800E-02
 7.5357687499999990E+00     1.2954421848575470E-01
 7.5983062499999994E+00     1.6335859067911684E-01
 7.6608437499999988E+00     1.9653712474095414E-01
 7.7233812499999992E+00     2.2869873911979077E-01
 7.7859187499999996E+00     2.5946088828681768E-01
 7.8484562499999990E+00     2.8843892952130240E-01
 7.9109937499999994E+00     3.1524549513345845E-01
 7.9735312499999988E+00     3.3948990282020514E-01
 8.0360687500000001E+00     3.6077764064506845E-01
 8.0986062499999996E+00     3.7870996465490830E-01
 8.1611437500000008E+00     3.9288364546379628E-01
 8.2236812500000003E+00     4.0289089441691539E-01
 8.2862187499999997E+00     4.0831948965469178E-01
 8.3487562499999992E+00     4.0875370902442060E-01
 8.4112937500000005E+00     4.0397817180847712E-01
 8.4738312499999999E+00     3.9427463461805712E-01
 8.5363687499999994E+00     3.7999869910242168E-01
 8.5989062500000006E+00     3.6150611149216438E-01
 8.6614437500000001E+00     3.3915381919928800E-01
 8.7239812499999996E+00     3.1330062787318580E-01
 8.7865187500000008E+00     2.8430753113414892E-01
 8.8490562500000003E+00     2.5253776558024299E-01
 8.9115937499999998E+00     2.1835664121903745E-01
 8.9741312499999992E+00     1.8213119839169811E-01
 9.0366687500000005E+00     1.4422974209664433E-01
 9.0992062499999999E+00     1.0502130250433517E-01
 9.1617437499999994E+00     6.4875066897128172E-02
 9.2242812500000007E+00     2.4159824208062695E-02
 9.2868187500000001E+00    -1.6756540368311194E-02
 9.3493562499999996E+00    -5.7507466056562734E-02
 9.4118937500000008E+00    -9.7728019792229587E-02
 9.4744312500000003E+00    -1.3705505101237589E-01
 9.5369687499999998E+00    -1.7512716893798874E-01
 9.5995062499999992E+00    -2.1158451719133292E-01
 9.6620437500000005E+00    -2.4606832745139334E-01
 9.7245812500000000E+00    -2.7822024477232232E-01
 9.7871187499999994E+00    -3.0768143271273762E-01
 9.8496562500000007E+00    -3.3409148629174801E-01
 9.9121937500000001E+00    -3.5708720373318675E-01
 9.9747312499999996E+00    -3.7630129162508313E-01
 1.0037268750000001E+01    -3.9137452153686192E-01
 1.0099806250000000E+01    -4.0224990593810805E-01
 1.0162343750000000E+01    -4.0917209059082443E-01
 1.0224881249999999E+01    -4.1239226031548992E-01
 1.0287418750000001E+01    -4.1215543785260866E-01
 1.0349956250000000E+01    -4.0870142970727485E-01
 1.0412493749999999E+01    -4.0226595955738143E-01
 1.0475031250000001E+01    -3.9308192744046233E-01
 1.0537568750000000E+01    -3.8138071563163334E-01
 1.0600106250000000E+01    -3.6739345953666180E-01
 1.0662643749999999E+01    -3.5135220957933411E-01
 1.0725181250000000E+01    -3.3349092473835873E-01
 1.0787718750000000E+01    -3.1404625719505463E-01
 1.0850256249999999E+01    -2.9325810782203809E-01
 1.0912793750000001E+01    -2.7136995166092293E-01
 1.0975331250000000E+01    -2.4862894929466550E-01
 1.1037868749999999E+01    -2.2528587291982644E-01
 1.1100406250000001E+01    -2.0159488439645973E-01
 1.1162943750000000E+01    -1.7781320660788094E-01
 1.1225481250000000E+01    -1.5420072956787595E-01
 1.1288018749999999E+01    -1.3101958964590346E-01
 1.1350556250000000E+01    -1.0853375497067794E-01
 1.1413093750000000E+01    -8.7008643453416593E-02
 1.1475631249999999E+01    -6.6710792774814245E-02
 1.1538168750000001E+01    -4.7907594760647862E-02
 1.1600706250000000E+01    -3.0867100284482273E-02
 1.1663243749999999E+01    -1.5857895439278475E-02
 1.1725781250000001E+01    -3.1125833474376060E-03
 1.1788318750000000E+01     7.3781662382851844E-03
 1.1850856250000000E+01     1.5722192218555534E-02
 1.1913393749999999E+01     2.2027412222603179E-02
 1.1975931250000000E+01     2.6401637683450788E-02
 1.2038468750000000E+01     2.8952618702067334E-02
 1.2101006249999999E+01     2.9788064131639768E-02
 1.2163543750000001E+01     2.9015654739445375E-02
 1.2226081250000000E+01     2.6743058286167090E-02
 1.2288618749999999E+01     2.3077950580309006E-02
 1.2351156249999999E+01     1.8128043826991784E-02
 1.2413693750000000E+01     1.2001121980399132E-02
 1.2476231250000000E+01     4.8050818741194757E-03
 1.2538768749999999E+01    -3.3520216052577122E-03
 1.2601306250000000E+01    -1.2361928271660504E-02
 1.2663843750000000E+01    -2.2116125345932228E-02
 1.2726381249999999E+01    -3.2505802074062846E-02
 1.2788918750000001E+01    -4.3421808060176238E-02
 1.2851456250000000E+01    -5.4754616887527682E-02
 1.2913993749999999E+01    -6.6394296297353786E-02
 1.2976531249999999E+01    -7.8230485810552683E-02
 1.3039068750000000E+01    -9.0152382196778097E-02
 1.3101606250000000E+01    -1.0204873260330993E-01
 1.3164143749999999E+01    -1.1380783444722442E-01
 1.3226681250000000E+01    -1.2531754035221768E-01
 1.3289218750000000E+01    -1.3646526550767329E-01
 1.3351756249999999E+01    -1.4713807814887223E-01
 1.3414293750000001E+01    -1.5725117615715981E-01
 1.3476831250000000E+01    -1.6678934791837566E-01
 1.3539368750000000E+01    -1.7574755024578412E-01
 1.3601906249999999E+01    -1.8412043920304880E-01
 1.3664443750000000E+01    -1.9190238048720498E-01
 1.3726981250000000E+01    -1.9908741626313164E-01
 1.3789518749999999E+01    -2.0566919591005994E-01
 1.3852056250000000E+01    -2.1164087573492835E-01
 1.3914593750000000E+01    -2.1699499375779899E-01
 1.3977131249999999E+01    -2.2172332752936841E-01
 1.4039668749999999E+01    -2.2581674489673847E-01
 1.4102206250000000E+01    -2.2926505932063240E-01
 1.4164743750000000E+01    -2.3205690249736780E-01
 1.4227281249999999E+01    -2.3417962744904994E-01
 1.4289818750000000E+01    -2.3561925477704390E-01
 1.4352356250000000E+01    -2.3636047335533139E-01
 1.4414893749999999E+01    -2.3638670437452772E-01
 1.4477431250000000E+01    -2.3568023441224428E-01
 1.4539968750000000E+01    -2.3422241925270879E-01
 1.4602506249999999E+01    -2.3199395573227849E-01
 1.4665043749999999E+01    -2.2897521423530837E-01
 1.4727581250000000E+01    -2.2514661994627380E-01
 1.4790118750000000E+01    -2.2048906695330173E-01
 1.4852656249999999E+01    -2.1498434617341805E-01
 1.4915193750000000E+01    -2.0861556618116769E-01
 1.4977731250000000E+01    -2.0136754564433126E-01
 1.5040268749999999E+01    -1.9322859310534846E-01
 1.5102806250000000E+01    -1.8422237164632244E-01
 1.5165343750000000E+01    -1.7440809175811345E-01
 1.5227881249999999E+01    -1.6384902548111546E-01
 1.5290418749999999E+01    -1.5261108855198532E-01
 1.5352956250000000E+01    -1.4076277566969284E-01
 1.5415493750000000E+01    -1.2837501884681263E-01
 1.5478031249999999E+01    -1.1552099089604699E-01
 1.5540568750000000E+01    -1.0227587645456970E-01
 1.5603106250000000E+01    -8.8716630263246846E-02
 1.5665643749999999E+01    -7.4921737461876928E-02
 1.5728181250000000E+01    -6.0970984262943305E-02
 1.5790718750000000E+01    -4.6945240586781810E-02
 1.5853256249999999E+01    -3.2926250220148598E-02
 1.5915793749999999E+01    -1.8996419848950317E-02
 1.5978331250000000E+01    -5.2385967000090298E-03
 1.6040868749999998E+01     8.2641741334245622E-03
 1.6103406249999999E+01     2.1428917494490614E-02
 1.6165943749999997E+01     3.4173019778454827E-02
 1.6228481249999998E+01     4.6414536157923444E-02
 1.6291018749999999E+01     5.8072499108538143E-02
 1.6353556249999997E+01     6.9067210110697733E-02
 1.6416093749999998E+01     7.9320495979139843E-02
 1.6478631249999999E+01     8.8755914593866558E-02
 1.6541168749999997E+01     9.7298901295894386E-02
 1.6603706249999998E+01     1.0487685540977364E-01
 1.6666243749999996E+01     1.1141917424394433E-01
 1.6728781249999997E+01     1.1686683368307318E-01
 1.6791318749999999E+01     1.2122650035184877E-01
 1.6853856249999996E+01     1.2453275517610397E-01
 1.6916393749999997E+01     1.2682212234211118E-01
 1.6978931249999999E+01     1.2813291513412478E-01
 1.7041468749999996E+01     1.2850509850034225E-01
 1.7104006249999998E+01     1.2798008945032716E-01
 1.7166543749999999E+01     1.2660050132998962E-01
 1.7229081249999997E+01     1.2440983972722409E-01
 1.7291618749999998E+01     1.2145216132994033E-01
 1.7354156249999999E+01     1.1777171008738913E-01
 1.7416693749999997E+01     1.1341254691598630E-01
 1.7479231249999998E+01     1.0841818957712654E-01
 1.7541768749999999E+01     1.0283127831467925E-01
 1.7604306249999997E+01     9.6693280748729432E-02
 1.7666843749999998E+01     9.0044246874881842E-02
 1.7729381249999999E+01     8.2922622274234928E-02
 1.7791918749999997E+01     7.5365125111113970E-02
 1.7854456249999998E+01     6.7406690305190628E-02
 1.7916993749999996E+01     5.9080482359118613E-02
 1.7979531249999997E+01     5.0417976525062087E-02
 1.8042068749999999E+01     4.1449106084368789E-02
 1.8104606249999996E+01     3.2202471310909003E-02
 1.8167143749999997E+01     2.2705603119557233E-02
 1.8229681249999999E+01     1.2985271561627062E-02
 1.8292218749999996E+01     3.0678265023804511E-03
 1.8354756249999998E+01    -7.0204372935574848E-03
 1.8417293749999999E+01    -1.7250474019320838E-02
 1.8479831249999997E+01    -2.7586581351980347E-02
 1.8542368749999998E+01    -3.7991208745329887E-02
 1.8604906249999999E+01    -4.8425633894178512E-02
 1.8667443749999997E+01    -5.8849815939218376E-02
 1.8729981249999998E+01    -6.9222304903629642E-02
 1.8792518749999999E+01    -7.9500188056391530E-02
 1.8855056249999997E+01    -8.9639052723020377E-02
 1.8917593749999998E+01    -9.9592948456318733E-02
 1.8980131249999996E+01    -1.0931433829521538E-01
 1.9042668749999997E+01    -1.1875403752603450E-01
 1.9105206249999998E+01    -1.2786114763258255E-01
 1.9167743749999996E+01    -1.3658300155319822E-01
 1.9230281249999997E+01    -1.4486514255463115E-01
 1.9292818749999999E+01    -1.5265136179921074E-01
 1.9355356249999996E+01    -1.5988381824732825E-01
 1.9417893749999998E+01    -1.6650325869713761E-01
 1.9480431249999999E+01    -1.7244934599422748E-01
 1.9542968749999996E+01    -1.7766109092676724E-01
 1.9605506249999998E+01    -1.8207736984468895E-01
 1.9668043749999999E+01    -1.8563749776623986E-01
 1.9730581249999997E+01    -1.8828181782086273E-01
 1.9793118749999998E+01    -1.8995226402242948E-01
 1.9855656249999999E+01    -1.9059285636913667E-01
 1.9918193749999997E+01    -1.9015009474010913E-01
 1.9980731249999998E+01    -1.8857322944378307E-01
 2.0043268749999999E+01    -1.8581742229138604E-01
 2.0105806249999997E+01    -1.8191026370717045E-01
 2.0168343749999998E+01    -1.7695167630273373E-01
 2.0230881249999996E+01    -1.7104716366727166E-01
 2.0293418749999997E+01    -1.6430435677053062E-01
 2.0355956249999998E+01    -1.5683250213806876E-01
 2.0418493749999996E+01    -1.4874196925313532E-01
 2.0481031249999997E+01    -1.4014379785304762E-01
 2.0543568749999999E+01    -1.3114929404481457E-01
 2.0606106249999996E+01    -1.2186967931764145E-01
 2.0668643749999998E+01    -1.1241579487112267E-01
 2.0731181249999999E+01    -1.0289786305649398E-01
 2.0793718749999996E+01    -9.3425306963771645E-02
 2.0856256249999998E+01    -8.4106627760648214E-02
 2.0918793749999999E+01    -7.5049337302769900E-02
 2.0981331249999997E+01    -6.6359941133968314E-02
 2.1043868749999998E+01    -5.8143964748691754E-02
 2.1106406249999999E+01    -5.0506014312977299E-02
 2.1168943749999997E+01    -4.3549862186893488E-02
 2.1231481249999998E+01    -3.7378547618718255E-02
 2.1294018749999996E+01    -3.2094483784722863E-02
 2.1356556249999997E+01    -2.7799563718816922E-02
 2.1419093749999998E+01    -2.4595259367264356E-02
 2.1481631249999996E+01    -2.2582709779383540E-02
 2.1544168749999997E+01    -2.1862796117057257E-02
 2.1606706249999998E+01    -2.2536202598631452E-02
 2.1669243749999996E+01    -2.4703463606406722E-02
 2.1731781249999997E+01    -2.8444995884205290E-02
 2.1794318749999999E+01    -3.3708152560995026E-02
 2.1856856249999996E+01    -4.0385983757802502E-02
 2.1919393749999998E+01    -4.8371335792743511E-02
 2.1981931249999999E+01    -5.7556984230790253E-02
 2.2044468749999997E+01    -6.7835595255751710E-02
 2.2107006249999998E+01    -7.9099687123951656E-02
 2.2169543749999999E+01    -9.1241591019472323E-02
 2.2232081249999997E+01    -1.0415341115900684E-01
 2.2294618749999998E+01    -1.1772698398971725E-01
 2.2357156249999996E+01    -1.3185383678548121E-01
 2.2419693749999997E+01    -1.4642514651525720E-01
 2.2482231249999998E+01    -1.6133170048516268E-01
 2.2544768749999996E+01    -1.7646386088479443E-01
 2.2607306249999997E+01    -1.9171153593913978E-01
 2.2669843749999998E+01    -2.0696416081732349E-01
 2.2732381249999996E+01    -2.2211069170816322E-01
 2.2794918749999997E+01    -2.3703961647083846E-01
 2.2857456249999998E+01    -2.5163898494314957E-01
 2.2919993749999996E+01    -2.6579646129046886E-01
 2.2982531249999997E+01    -2.7939939968036842E-01
 2.3045068749999999E+01    -2.9233494308414332E-01
 2.3107606249999996E+01    -3.0449014319412648E-01
 2.3170143749999998E+01    -3.1575209741907967E-01
 2.3232681249999999E+01    -3.2600809684754278E-01
 2.3295218749999997E+01    -3.3514577717250554E-01
 2.3357756249999998E+01    -3.4305336515553614E-01
 2.3420293749999999E+01    -3.4965429954708094E-01
 2.3482831249999997E+01    -3.5495753332316837E-01
 2.3545368749999998E+01    -3.5898553227724167E-01
 2.3607906249999996E+01    -3.6176155522821091E-01
 2.3670443749999997E+01    -3.6330967936653630E-01
 2.3732981249999998E+01    -3.6365478217996150E-01
 2.3795518749999996E+01    -3.6282248974393572E-01
 2.3858056249999997E+01    -3.6083910286812382E-01
 2.3920593749999998E+01    -3.5773151391191504E-01
 2.3983131249999996E+01    -3.5352712551063792E-01
 2.4045668749999997E+01    -3.4825378053963241E-01
 2.4108206249999999E+01    -3.4193971008148871E-01
 2.4170743749999996E+01    -3.3461350336198059E-01
 2.4233281249999997E+01    -3.2630410077940974E-01
 2.4295818749999999E+01    -3.1704080852018768E-01
 2.4358356249999996E+01    -3.0685333101547219E-01
 2.4420893749999998E+01    -2.9577181578161943E-01
 2.4483431249999999E+01    -2.8382690405940064E-01
 2.4545968749999997E+01    -2.7104978011628827E-01
 2.4608506249999998E+01    -2.5747221203362602E-01
 2.4671043749999995E+01    -2.4312657715458000E-01
 2.4733581249999997E+01    -2.2804586598833981E-01
 2.4796118749999998E+01    -2.1226365912778025E-01
 2.4858656249999996E+01    -1.9581407256096645E-01
 2.4921193749999997E+01    -1.7873166763154263E-01
 2.4983731249999998E+01    -1.6105132291351162E-01
 2.5046268749999996E+01    -1.4280919381527449E-01
 2.5108806249999997E+01    -1.2406730635207176E-01
 2.5171343749999998E+01    -1.0491335585642930E-01
 2.5233881249999996E+01    -8.5435719415328723E-02
 2.5296418749999997E+01    -6.5722111144329798E-02
 2.5358956249999999E+01    -4.5859384961539795E-02
 2.5421493749999996E+01    -2.5933409483793860E-02
 2.5484031249999997E+01    -6.0290113651462439E-03
 2.5546568749999999E+01     1.3770010693199596E-02
 2.5609106249999996E+01     3.3380805598090216E-02
 2.5671643749999998E+01     5.2721329608534935E-02
 2.5734181249999999E+01     7.1710156024802463E-02
 2.5796718749999997E+01     9.0266247508937789E-02
 2.5859256249999998E+01     1.0830870624977605E-01
 2.5921793749999996E+01     1.2575651903149057E-01
 2.5984331249999997E+01     1.4252831527005211E-01
 2.6046868749999998E+01     1.5854215605544411E-01
 2.6109406249999996E+01     1.7371537104165996E-01
 2.6171943749999997E+01     1.8796445757672905E-01
 2.6234481249999998E+01     2.0120505276568085E-01
 2.6297018749999996E+01     2.1335198433142771E-01
 2.6359556249999997E+01     2.2431940044607848E-01
 2.6422093749999998E+01     2.3402097255944079E-01
 2.6484631249999996E+01     2.4237015919144650E-01
 2.6547168749999997E+01     2.4928051329337414E-01
 2.6609706249999999E+01     2.5466601173449471E-01
 2.6672243749999996E+01     2.5844138326967303E-01
 2.6734781249999997E+01     2.6053655701755174E-01
 2.6797318749999999E+01     2.6097683472577782E-01
 2.6859856249999996E+01     2.5982755816864872E-01
 2.6922393749999998E+01     2.5715608862010952E-01
 2.6984931249999995E+01     2.5303162394271372E-01
 2.7047468749999997E+01     2.4752499605704792E-01
 2.7110006249999998E+01     2.4070844387969056E-01
 2.7172543749999996E+01     2.3265540101018153E-01
 2.7235081249999997E+01     2.2344032614211440E-01
 2.7297618749999998E+01     2.1313858963864266E-01
 2.7360156249999996E+01     2.0182641754151825E-01
 2.7422693749999997E+01     1.8958088267447690E-01
 2.7485231249999998E+01     1.7647992236690094E-01
 2.7547768749999996E+01     1.6260235426976710E-01
 2.7610306249999997E+01     1.4802785645637204E-01
 2.7672843749999998E+01     1.3283687617254655E-01
 2.7735381249999996E+01     1.1711043387727663E-01
 2.7797918749999997E+01     1.0092979613748596E-01
 2.7860456249999999E+01     8.4376002786002630E-02
 2.7922993749999996E+01     6.7529250319940462E-02
 2.7985531249999998E+01     5.0468153901403551E-02
 2.8048068749999995E+01     3.3268932745516011E-02
 2.8110606249999996E+01     1.6004585469836997E-02
 2.8173143749999998E+01    -1.2558602109945440E-03
 2.8235681249999995E+01    -1.8447928764068425E-02
 2.8298218749999997E+01    -3.5512014631223124E-02
 2.8360756249999998E+01    -5.2393348660424791E-02
 2.8423293749999996E+01    -6.9039589774421650E-02
 2.8485831249999997E+01    -8.5397158604642837E-02
 2.8548368749999998E+01    -1.0141433177128094E-01
 2.8610906249999996E+01    -1.1704055501403936E-01
 2.8673443749999997E+01    -1.3222471464768643E-01
 2.8735981249999998E+01    -1.4691342847605540E-01
 2.8798518749999996E+01    -1.6104950648120778E-01
 2.8861056249999997E+01    -1.7457066934640481E-01
 2.8923593749999998E+01    -1.8740857388665094E-01
 2.8986131249999996E+01    -1.9948816361231031E-01
 2.9048668749999997E+01    -2.1072733942169014E-01
 2.9111206249999999E+01    -2.2103693011302886E-01
 2.9173743749999996E+01    -2.3032093491048999E-01
 2.9236281249999998E+01    -2.3847700946397438E-01
 2.9298818749999995E+01    -2.4539717083611351E-01
 2.9361356249999996E+01    -2.5096870316707914E-01
 2.9423893749999998E+01    -2.5507525104068340E-01
 2.9486431249999995E+01    -2.5759808930944128E-01
 2.9548968749999997E+01    -2.5841755427211277E-01
 2.9611506249999998E+01    -2.5741461087878215E-01
 2.9674043749999996E+01    -2.5447251485303157E-01
 2.9736581249999997E+01    -2.4947850962711260E-01
 2.9799118749999998E+01    -2.4232547940740240E-01
 2.9861656249999996E+01    -2.3291346577513655E-01
 2.9924193749999997E+01    -2.2115094999827589E-01
 2.9986731249999998E+01    -2.0695580955886089E-01
 3.0049268749999996E+01    -1.9026151807316516E-01
 3.0111806249999997E+01    -1.7114137135490815E-01
 3.0174343749999998E+01    -1.4980788901787706E-01
 3.0236881249999996E+01    -1.2648720381394762E-01
 3.0299418749999997E+01    -1.0141143139284041E-01
 3.0361956249999995E+01    -7.4816634927613423E-02
 3.0424493749999996E+01    -4.6940910673400969E-02
 3.0487031249999998E+01    -1.8022711071431760E-02
 3.0549568749999995E+01     1.1700522529012750E-02
 3.0612106249999997E+01     4.1993388993220263E-02
 3.0674643749999998E+01     7.2623228491941652E-02
 3.0737181249999995E+01     1.0336053596527298E-01
 3.0799718749999997E+01     1.3397914731091071E-01
 3.0862256249999998E+01     1.6425626795832848E-01
 3.0924793749999996E+01     1.9397241318731812E-01
 3.0987331249999997E+01     2.2291132148543746E-01
 3.1049868749999998E+01     2.5085988863649455E-01
 3.1112406249999996E+01     2.7760815332083905E-01
 3.1174943749999997E+01     3.0294934682813818E-01
 3.1237481249999998E+01     3.2668000181499413E-01
 3.1300018749999996E+01     3.4860009941657844E-01
 3.1362556249999997E+01     3.6851322175550211E-01
 3.1425093749999998E+01     3.8622666906267100E-01
 3.1487631249999996E+01     4.0155149800233220E-01
 3.1550168749999997E+01     4.1430244070022576E-01
 3.1612706249999995E+01     4.2429767216504777E-01
 3.1675243749999996E+01     4.3135840639772427E-01
 3.1737781249999998E+01     4.3534043042165144E-01
 3.1800318749999995E+01     4.3631471811803058E-01
 3.1862856249999997E+01     4.3444001502864826E-01
 3.1925393749999998E+01     4.2987487375442535E-01
 3.1987931249999995E+01     4.2277642493624418E-01
 3.2050468750000000E+01     4.1329963081439375E-01
 3.2113006249999998E+01     4.0159674427598535E-01
 3.2175543750000003E+01     3.8781695656225185E-01
 3.2238081250000000E+01     3.7210621910372010E-01
 3.2300618749999998E+01     3.5460722282504598E-01
 3.2363156250000003E+01     3.3545951498309134E-01
 3.2425693750000001E+01     3.1479973045687909E-01
 3.2488231249999998E+01     2.9276191209324437E-01
 3.2550768750000003E+01     2.6947789372844788E-01
 3.2613306250000001E+01     2.4507772016811202E-01
 3.2675843749999999E+01     2.1969008076216170E-01
 3.2738381250000003E+01     1.9344273701304809E-01
 3.2800918750000001E+01     1.6646292941276175E-01
 3.2863456249999999E+01     1.3887775378829212E-01
 3.2925993750000004E+01     1.1081450220885418E-01
 3.2988531250000001E+01     8.2400967435891578E-02
 3.3051068749999999E+01     5.3765712615958992E-02
 3.3113606250000004E+01     2.5038309257125364E-02
 3.3176143750000001E+01    -3.6504534985202235E-03
 3.3238681249999999E+01    -3.2168386535576576E-02
 3.3301218749999997E+01    -6.0381745785062738E-02
 3.3363756250000002E+01    -8.8155159327715366E-02
 3.3426293749999999E+01    -1.1536893976276746E-01
 3.3488831249999997E+01    -1.4194437902930543E-01
 3.3551368750000002E+01    -1.6780744139150583E-01
 3.3613906249999999E+01    -1.9288239884491551E-01
 3.3676443749999997E+01    -2.1709191831478586E-01
 3.3738981250000002E+01    -2.4035719358472044E-01
 3.3801518750000000E+01    -2.6259813297499163E-01
 3.3864056249999997E+01    -2.8373360424827798E-01
 3.3926593750000002E+01    -3.0368173406255933E-01
 3.3989131250000000E+01    -3.2236025604888963E-01
 3.4051668749999997E+01    -3.3968689855428752E-01
 3.4114206250000002E+01    -3.5557980027828984E-01
 3.4176743750000000E+01    -3.6995793960900597E-01
 3.4239281249999998E+01    -3.8274156160363415E-01
 3.4301818750000002E+01    -3.9385258539905910E-01
 3.4364356250000000E+01    -4.0321497447925647E-01
 3.4426893749999998E+01    -4.1075505271718005E-01
 3.4489431250000003E+01    -4.1640175045437711E-01
 3.4551968750000000E+01    -4.2008676704836861E-01
 3.4614506249999998E+01    -4.2174463924644717E-01
 3.4677043750000003E+01    -4.2131270835733026E-01
 3.4739581250000001E+01    -4.1873098340319609E-01
 3.4802118749999998E+01    -4.1394190214047089E-01
 3.4864656250000003E+01    -4.0688999690154964E-01
 3.4927193750000001E+01    -3.9752147743238425E-01
 3.4989731249999998E+01    -3.8578374798998483E-01
 3.5052268750000003E+01    -3.7163039437662937E-01
 3.5114806250000001E+01    -3.5514194321201947E-01
 3.5177343749999999E+01    -3.3652532134262869E-01
 3.5239881250000003E+01    -3.1599203736800802E-01
 3.5302418750000001E+01    -2.9375221592280853E-01
 3.5364956249999999E+01    -2.7001424741383157E-01
 3.5427493750000004E+01    -2.4498455890035159E-01
 3.5490031250000001E+01    -2.1886750527671173E-01
 3.5552568749999999E+01    -1.9186536850222349E-01
 3.5615106249999997E+01    -1.6417844547313487E-01
 3.5677643750000001E+01    -1.3600520130453750E-01
 3.5740181249999999E+01    -1.0754246383540643E-01
 3.5802718749999997E+01    -7.8985636544961643E-02
 3.5865256250000002E+01    -5.0528910112912079E-02
 3.5927793749999999E+01    -2.2365456886703040E-02
 3.5990331249999997E+01     5.3124030709274708E-03
 3.6052868750000002E+01     3.2313071353077052E-02
 3.6115406249999999E+01     5.8445579049348294E-02
 3.6177943749999997E+01     8.3519532686173986E-02
 3.6240481250000002E+01     1.0734509504723524E-01
 3.6303018750000000E+01     1.2973299536351429E-01
 3.6365556249999997E+01     1.5049456160724967E-01
 3.6428093750000002E+01     1.6944176639634037E-01
 3.6490631250000000E+01     1.8638727733871227E-01
 3.6553168749999998E+01     2.0114450256458813E-01
 3.6615706250000002E+01     2.1352762276646015E-01
 3.6678243750000000E+01     2.2335160233759022E-01
 3.6740781249999998E+01     2.3046712341466208E-01
 3.6803318750000003E+01     2.3495792357049003E-01
 3.6865856250000000E+01     2.3700307041685267E-01
 3.6928393749999998E+01     2.3678219377570933E-01
 3.6990931250000003E+01     2.3447494503074845E-01
 3.7053468750000000E+01     2.3026077705963011E-01
 3.7116006249999998E+01     2.2431876316158639E-01
 3.7178543750000003E+01     2.1682745269668241E-01
 3.7241081250000001E+01     2.0796476094498628E-01
 3.7303618749999998E+01     1.9790788972077614E-01
 3.7366156250000003E+01     1.8683327402983116E-01
 3.7428693750000001E+01     1.7491654890752265E-01
 3.7491231249999998E+01     1.6233252974211299E-01
 3.7553768750000003E+01     1.4925519899276926E-01
 3.7616306250000001E+01     1.3585769231160805E-01
 3.7678843749999999E+01     1.2231227769000660E-01
 3.7741381250000003E+01     1.0879032236303351E-01
 3.7803918750000001E+01     9.5462243794443222E-02
 3.7866456249999999E+01     8.2497443079910068E-02
 3.7928993749999997E+01     7.0064221467434296E-02
 3.7991531250000001E+01     5.8329683278559682E-02
 3.8054068749999999E+01     4.7459631141518063E-02
 3.8116606249999997E+01     3.7618461877143385E-02
 3.8179143750000001E+01     2.8969073313218050E-02
 3.8241681249999999E+01     2.1672793420191978E-02
 3.8304218749999997E+01     1.5889343151474979E-02
 3.8366756250000002E+01     1.1776633417809818E-02
 3.8429293749999999E+01     9.4199825711394659E-03
 3.8491831249999997E+01     8.7291544780520106E-03
 3.8554368750000002E+01     9.5866754867937973E-03
 3.8616906250000000E+01     1.1874513651822592E-02
 3.8679443749999997E+01     1.5474539393570647E-02
 3.8741981250000002E+01     2.0268929057781278E-02
 3.8804518750000000E+01     2.6140502633918938E-02
 3.8867056249999997E+01     3.2972988844715466E-02
 3.8929593750000002E+01     4.0651213499649647E-02
 3.8992131250000000E+01     4.9061211146589248E-02
 3.9054668749999998E+01     5.8090264775768161E-02
 3.9117206250000002E+01     6.7626882870305299E-02
 3.9179743750000000E+01     7.7560726927975096E-02
 3.9242281249999998E+01     8.7782505374974507E-02
 3.9304818750000003E+01     9.8183851392667817E-02
 3.9367356250000000E+01     1.0865720253036576E-01
 3.9429893749999998E+01     1.1909569908214931E-01
 3.9492431250000003E+01     1.2939311607869919E-01
 3.9554968750000000E+01     1.3944384039735869E-01
 3.9617506249999998E+01     1.4914289994843155E-01
 3.9680043750000003E+01     1.5838604623500877E-01
 3.9742581250000001E+01     1.6706988501134071E-01
 3.9805118749999998E+01     1.7509204267685138E-01
 3.9867656250000003E+01     1.8235134907141884E-01
 3.9930193750000001E+01     1.8874801134922575E-01
 3.9992731249999999E+01     1.9418374962865412E-01
 4.0055268750000003E+01     1.9856519166385286E-01
 4.0117806250000001E+01     2.0187704680458446E-01
 4.0180343749999999E+01     2.0418191430166438E-01
 4.0242881249999996E+01     2.0554672137838870E-01
 4.0305418750000001E+01     2.0603897937572541E-01
 4.0367956249999999E+01     2.0572636002575762E-01
 4.0430493749999997E+01     2.0467626069025430E-01
 4.0493031250000001E+01     2.0295537927649915E-01
 4.0555568749999999E+01     2.0062932822821578E-01
 4.0618106249999997E+01     1.9776231599083777E-01
 4.0680643750000002E+01     1.9441691798041333E-01
 4.0743181249999999E+01     1.9065394982945066E-01
 4.0805718749999997E+01     1.8653244547142750E-01
 4.0868256250000002E+01     1.8210973304861755E-01
 4.0930793749999999E+01     1.7744159387789951E-01
 4.0993331249999997E+01     1.7258248450085234E-01
 4.1055868750000002E+01     1.6758579940260321E-01
 4.1118406250000000E+01     1.6250415210465124E-01
 4.1180943749999997E+01     1.5738965451104078E-01
 4.1243481250000002E+01     1.5229417794591124E-01
 4.1306018750000000E+01     1.4726958357128389E-01
 4.1368556249999997E+01     1.4236791420944259E-01
 4.1431093750000002E+01     1.3764154355390676E-01
 4.1493631250000000E+01     1.3314328204872744E-01
 4.1556168749999998E+01     1.2892644121966815E-01
 4.1618706250000002E+01     1.2504485995627315E-01
 4.1681243750000000E+01     1.2155289726248496E-01
 4.1743781249999998E+01     1.1849710267461619E-01
 4.1806318750000003E+01     1.1586931038975670E-01
 4.1868856250000000E+01     1.1363917805887983E-01
 4.1931393749999998E+01     1.1177647189064552E-01
 4.1993931250000003E+01     1.1025099059885332E-01
 4.2056468750000001E+01     1.0903243266850311E-01
 4.2119006249999998E+01     1.0809027207097310E-01
 4.2181543750000003E+01     1.0739364249987760E-01
 4.2244081250000001E+01     1.0691123087772053E-01
 4.2306618749999998E+01     1.0661118121706187E-01
 4.2369156249999996E+01     1.0646101009950096E-01
 4.2431693750000001E+01     1.0642753515654932E-01
 4.2494231249999999E+01     1.0647681803781756E-01
 4.2556768749999996E+01     1.0657412344406464E-01
 4.2619306250000001E+01     1.0668389587807049E-01
 4.2681843749999999E+01     1.0676975580932092E-01
 4.2744381249999996E+01     1.0679451693474722E-01
 4.2806918750000001E+01     1.0672022612026934E-01
 4.2869456249999999E+01     1.0650822739974977E-01
 4.2931993749999997E+01     1.0611925106140231E-01
 4.2994531250000001E+01     1.0551352835040181E-01
 4.3057068749999999E+01     1.0465093164832442E-01
 4.3119606249999997E+01     1.0349113916439415E-01
 4.3182143750000002E+01     1.0199382220906206E-01
 4.3244681249999999E+01     1.0011885206071885E-01
 4.3307218749999997E+01     9.7826522338835001E-02
 4.3369756250000002E+01     9.5077830272913860E-02
 4.3432293749999999E+01     9.1851120244932832E-02
 4.3494831249999997E+01     8.8166205789090665E-02
 4.3557368750000002E+01     8.4050344927283999E-02
 4.3619906250000000E+01     7.9532394224123740E-02
 4.3682443749999997E+01     7.4642980503672143E-02
 4.3744981250000002E+01     6.9414622357072284E-02
 4.3807518750000000E+01     6.3881801837901112E-02
 4.3870056249999998E+01     5.8080985734026008E-02
 4.3932593750000002E+01     5.2050596303965482E-02
 4.3995131250000000E+01     4.5830932459358716E-02
 4.4057668749999998E+01     3.9464043680080621E-02
 4.4120206250000003E+01     3.2993560275185387E-02
 4.4182743750000000E+01     2.6464484841600588E-02
 4.4245281249999998E+01     1.9922950850784639E-02
 4.4307818750000003E+01     1.3415955164437511E-02
 4.4370356250000000E+01     6.9910719128042590E-03
 4.4432893749999998E+01     6.9615554828811939E-04
 4.4495431250000003E+01    -5.4209589904707567E-03
 4.4557968750000001E+01    -1.1312751195188092E-02
 4.4620506249999998E+01    -1.6932297535819773E-02
 4.4683043749999996E+01    -2.2233534759828831E-02
 4.4745581250000001E+01    -2.7171497816088901E-02
 4.4808118749999998E+01    -3.1702527183288420E-02
 4.4870656249999996E+01    -3.5784441411901957E-02
 4.4933193750000001E+01    -3.9376671808515118E-02
 4.4995731249999999E+01    -4.2440357369482345E-02
 4.5058268749999996E+01    -4.4939618408304613E-02
 4.5120806250000001E+01    -4.6868391768752404E-02
 4.5183343749999999E+01    -4.8250399153279513E-02
 4.5245881249999996E+01    -4.9112240040442796E-02
 4.5308418750000001E+01    -4.9482038980359980E-02
 4.5370956249999999E+01    -4.9389280539173068E-02
 4.5433493749999997E+01    -4.8864624111146379E-02
 4.5496031250000001E+01    -4.7939707754215896E-02
 4.5558568749999999E+01    -4.6646948879722712E-02
 4.5621106249999997E+01    -4.5019348481440402E-02
 4.5683643750000002E+01    -4.3090304447946377E-02
 4.5746181249999999E+01    -4.0893438342188601E-02
 4.5808718749999997E+01    -3.8462438879213925E-02
 4.5871256250000002E+01    -3.5830924227651044E-02
 4.5933793750000000E+01    -3.3032324241903999E-02
 4.5996331249999997E+01    -3.0099782832210764E-02
 4.6058868750000002E+01    -2.7066079920906289E-02
 4.6121406250000000E+01    -2.3963571827127637E-02
 4.6183943749999997E+01    -2.0824148470801929E-02
 4.6246481250000002E+01    -1.7679205483534216E-02
 4.6309018750000000E+01    -1.4559629146018301E-02
 4.6371556249999998E+01    -1.1495792021221472E-02
 4.6434093750000002E+01    -8.5175571996076865E-03
 4.6496631250000000E+01    -5.6542891958621258E-03
 4.6559168749999998E+01    -2.9348697151728650E-03
 4.6621706250000003E+01    -3.8771672183764995E-04
 4.6684243750000000E+01     1.9591945233196724E-03
 4.6746781249999998E+01     4.0815851390345135E-03
 4.6809318750000003E+01     5.9773496750307993E-03
 4.6871856250000000E+01     7.6536289704995479E-03
 4.6934393749999998E+01     9.1179065931144086E-03
 4.6996931249999996E+01     1.0377936868188817E-02
 4.7059468750000001E+01     1.1441705241219716E-02
 4.7122006249999998E+01     1.2317394529796705E-02
 4.7184543749999996E+01     1.3013356137539314E-02
 4.7247081250000001E+01     1.3538085292150849E-02
 4.7309618749999998E+01     1.3900199517149233E-02
 4.7372156249999996E+01     1.4108419705962985E-02
 4.7434693750000001E+01     1.4171553302789082E-02
 4.7497231249999999E+01     1.4098479203693198E-02
 4.7559768749999996E+01     1.3898134077985290E-02
 4.7622306250000001E+01     1.3579499878625084E-02
 4.7684843749999999E+01     1.3151592365173681E-02
 4.7747381249999997E+01     1.2623450506345918E-02
 4.7809918750000001E+01     1.2004126663645991E-02
 4.7872456249999999E+01     1.1302677484355010E-02
 4.7934993749999997E+01     1.0528155452515212E-02
 4.7997531250000002E+01     9.6896010614298481E-03
 4.8060068749999999E+01     8.7960355813898900E-03
 4.8122606249999997E+01     7.8564544025739175E-03
 4.8185143750000002E+01     6.8798209359171077E-03
 4.8247681249999999E+01     5.8750610548938542E-03
 4.8310218749999997E+01     4.8510580590498866E-03
 4.8372756250000002E+01     3.8166481364198357E-03
 4.8435293750000000E+01     2.7806162970956654E-03
 4.8497831249999997E+01     1.7516927447396289E-03
 4.8560368750000002E+01     7.3854964729279696E-04
 4.8622906250000000E+01    -2.5020173705256283E-04
 4.8685443749999997E+01    -1.2060136268382204E-03
 4.8747981250000002E+01    -2.1204040284812289E-03
 4.8810518750000000E+01    -2.9849588440820055E-03
 4.8873056249999998E+01    -3.7913338276940158E-03
 4.8935593750000002E+01    -4.5312564389713220E-03
 4.8998131250000000E+01    -5.1965276379532582E-03
 4.9060668749999998E+01    -5.7899327076259416E-03
 4.9123206250000003E+01    -6.3659448612873436E-03
 4.9185743750000000E+01    -6.9084065687148146E-03
 4.9248281249999998E+01    -7.3914201910733283E-03
 4.9310818749999996E+01    -7.7891919635454804E-03
 4.9373356250000001E+01    -8.0744223684873721E-03
 4.9435893749999998E+01    -8.2200979001846152E-03
 4.9498431249999996E+01    -8.2024020889114400E-03
 4.9560968750000001E+01    -8.0029376663888745E-03
 4.9623506249999998E+01    -7.6093950504842658E-03
 4.9686043749999996E+01    -7.0146695808651410E-03
 4.9748581250000001E+01    -6.2150240995921396E-03
 4.9811118749999999E+01    -5.2080898029024901E-03
 4.9873656249999996E+01    -3.9912755655336710E-03
 4.9936193750000001E+01    -2.5606899455033329E-03
 4.9998731249999999E+01    -9.1030321188482631E-04
