#                  time                       real
 3.1268749999999998E-02    -4.7706139422370834E-03
 9.3806249999999994E-02    -1.0194257274305072E-02
 1.5634375000000000E-01    -9.6359056022229557E-03
 2.1888124999999997E-01    -2.3224661429970357E-03
 2.8141875000000000E-01     1.2160011846827804E-02
 3.4395625000000002E-01     3.3037967524133238E-02
 4.0649374999999999E-01     5.7550047975766391E-02
 4.6903124999999996E-01     8.0695975292762609E-02
 5.3156874999999992E-01     9.6157810095243323E-02
 5.9410624999999995E-01     9.8572684581312395E-02
 6.5664374999999997E-01     8.6255210908334115E-02
 7.1918124999999988E-01     6.2516193325559258E-02
 7.8171874999999991E-01     3.4227405045352176E-02
 8.4425624999999993E-01     8.4136916095302657E-03
 9.0679374999999984E-01    -1.0639165719799866E-02
 9.6933124999999987E-01    -2.2023823777433511E-02
 1.0318687499999999E+00    -2.6969662027916522E-02
 1.0944062499999998E+00    -2.7193203586412210E-02
 1.1569437499999999E+00    -2.4557641603000398E-02
 1.2194812499999999E+00    -2.0209932793788746E-02
 1.2820187500000000E+00    -1.4834162040062247E-02
 1.3445562499999999E+00    -8.8545781888022118E-03
 1.4070937499999998E+00    -2.5437636034650862E-03
 1.4696312499999999E+00     3.9169584249531941E-03
 1.5321687499999999E+00     1.0402465944691571E-02
 1.5947062499999998E+00     1.6822840919197394E-02
 1.6572437499999999E+00     2.3110458369798352E-02
 1.7197812499999998E+00     2.9211869356416828E-02
 1.7823187499999997E+00     3.5082600866366796E-02
 1.8448562499999999E+00     4.0683772078771149E-02
 1.9073937499999998E+00     4.5979865579977963E-02
 1.9699312499999999E+00     5.0937246985840283E-02
 2.0324687500000000E+00     5.5523177794663522E-02
 2.0950062500000000E+00     5.9705158105087822E-02
 2.1575437499999999E+00     6.3450492651922707E-02
 2.2200812500000002E+00     6.6726009469383077E-02
 2.2826187500000001E+00     6.9497883551890641E-02
 2.3451562500000001E+00     7.1731532985949947E-02
 2.4076937500000000E+00     7.3391565089422184E-02
 2.4702312499999999E+00     7.4441756905356246E-02
 2.5327687500000002E+00     7.4845059073320661E-02
 2.5953062500000001E+00     7.4563615350489623E-02
 2.6578437500000001E+00     7.3558792336949036E-02
 2.7203812500000000E+00     7.1791215575942563E-02
 2.7829187499999999E+00     6.9220809352685264E-02
 2.8454562499999998E+00     6.5806838342372637E-02
 2.9079937500000002E+00     6.1507949854370379E-02
 2.9705312500000001E+00     5.6282215852469529E-02
 3.0330687500000000E+00     5.0087174248369067E-02
 3.0956062499999999E+00     4.2879869202130813E-02
 3.1581437499999998E+00     3.4616890344822113E-02
 3.2206812500000002E+00     2.5254410984255019E-02
 3.2832187500000001E+00     1.4748225479628089E-02
 3.3457562500000000E+00     3.0539361631775563E-03
 3.4082937499999999E+00    -9.8222837531975402E-03
 3.4708312499999998E+00    -2.3749811261785270E-02
 3.5333687499999997E+00    -3.8579473931560686E-02
 3.5959062500000001E+00    -5.4162244586963504E-02
 3.6584437500000000E+00    -7.0349176234030808E-02
 3.7209812499999999E+00    -8.6991339828377395E-02
 3.7835187499999998E+00    -1.0393976547112617E-01
 3.8460562499999997E+00    -1.2104538723536570E-01
 3.9085937500000001E+00    -1.3815899182531005E-01
 3.9711312500000000E+00    -1.5513117143106611E-01
 4.0336687499999995E+00    -1.7181228138281701E-01
 4.0962062499999998E+00    -1.8805240348752167E-01
 4.1587437499999993E+00    -2.0370131621546150E-01
 4.2212812499999997E+00    -2.1860847315804924E-01
 4.2838187499999991E+00    -2.3262299136355483E-01
 4.3463562499999995E+00    -2.4559365123532881E-01
 4.4088937499999998E+00    -2.5736890961042103E-01
 4.4714312499999993E+00    -2.6779692739684252E-01
 4.5339687499999997E+00    -2.7672561271900364E-01
 4.5965062499999991E+00    -2.8400267990553185E-01
 4.6590437499999995E+00    -2.8947572387459025E-01
 4.7215812499999998E+00    -2.9299230857543518E-01
 4.7841187499999993E+00    -2.9440006719660133E-01
 4.8466562499999997E+00    -2.9354681093191470E-01
 4.9091937499999991E+00    -2.9028064229343720E-01
 4.9717312499999995E+00    -2.8445006835998765E-01
 5.0342687499999998E+00    -2.7591081227005282E-01
 5.0968062499999993E+00    -2.6467338266294532E-01
 5.1593437499999997E+00    -2.5090314996861657E-01
 5.2218812499999991E+00    -2.3477291743360534E-01
 5.2844187499999995E+00    -2.1645622870094303E-01
 5.3469562499999990E+00    -1.9612735167046663E-01
 5.4094937499999993E+00    -1.7396123642471145E-01
 5.4720312499999997E+00    -1.5013345186385341E-01
 5.5345687499999991E+00    -1.2482010688880524E-01
 5.5971062499999995E+00    -9.8197762092199312E-02
 5.6596437499999990E+00    -7.0443337548070667E-02
 5.7221812499999993E+00    -4.1734021609860436E-02
 5.7847187499999997E+00    -1.2247184719413700E-02
 5.8472562499999992E+00     1.7839698830037155E-02
 5.9097937499999995E+00     4.8349119374535982E-02
 5.9723312499999990E+00     7.9103589956152909E-02
 6.0348687499999993E+00     1.0992569445625364E-01
 6.0974062499999997E+00     1.4063812725628880E-01
 6.1599437499999992E+00     1.7106372676628614E-01
 6.2224812499999995E+00     2.0102550584938136E-01
 6.2850187499999990E+00     2.3034668263841773E-01
 6.3475562499999993E+00     2.5885071544661098E-01
 6.4100937499999997E+00     2.8636134537248215E-01
 6.4726312499999992E+00     3.1270264974542272E-01
 6.5351687499999995E+00     3.3769910871297959E-01
 6.5977062499999990E+00     3.6117568601572203E-01
 6.6602437499999994E+00     3.8295792334491097E-01
 6.7227812499999997E+00     4.0289369769268002E-01
 6.7853187499999992E+00     4.2097562307641245E-01
 6.8478562499999995E+00     4.3725593592778705E-01
 6.9103937499999990E+00     4.5178803648193350E-01
 6.9729312499999994E+00     4.6462637303619941E-01
 7.0354687499999988E+00     4.7582646679959584E-01
 7.0980062499999992E+00     4.8544490183776462E-01
 7.1605437499999995E+00     4.9353927534906145E-01
 7.2230812499999990E+00     5.0016810418305158E-01
 7.2856187499999994E+00     5.0539068556923961E-01
 7.3481562499999988E+00     5.0926691279048242E-01
 7.4106937499999992E+00     5.1185704965900558E-01
 7.4732312499999995E+00     5.1322147085000502E-01
 7.5357687499999990E+00     5.1342037813310681E-01
 7.5983062499999994E+00     5.1251350502796122E-01
 7.6608437499999988E+00     5.1055982412700207E-01
 7.7233812499999992E+00     5.0761727205072382E-01
 7.7859187499999996E+00     5.0374250658761111E-01
 7.8484562499999990E+00     4.9899070898455972E-01
 7.9109937499999994E+00     4.9341544168353807E-01
 7.9735312499999988E+00     4.8706856825939165E-01
 8.0360687500000001E+00     4.8000023822189397E-01
 8.0986062499999996E+00     4.7225893509580708E-01
 8.1611437500000008E+00     4.6389158219825510E-01
 8.2236812500000003E+00     4.5494369717570160E-01
 8.2862187499999997E+00     4.4545958393709395E-01
 8.3487562499999992E+00     4.3548251468613519E-01
 8.4112937500000005E+00     4.2504326093804923E-01
 8.4738312499999999E+00     4.1414329699064412E-01
 8.5363687499999994E+00     4.0277946430928174E-01
 8.5989062500000006E+00     3.9094852620422516E-01
 8.6614437500000001E+00     3.7864737679511423E-01
 8.7239812499999996E+00     3.6587321643491466E-01
 8.7865187500000008E+00     3.5262369272256489E-01
 8.8490562500000003E+00     3.3889701160217806E-01
 8.9115937499999998E+00     3.2469202410788506E-01
 8.9741312499999992E+00     3.1000829382866091E-01
 9.0366687500000005E+00     2.9484614925996300E-01
 9.0992062499999999E+00     2.7920672434885568E-01
 9.1617437499999994E+00     2.6309198988552346E-01
 9.2242812500000007E+00     2.4650477795262124E-01
 9.2868187500000001E+00     2.2944880133895226E-01
 9.3493562499999996E+00     2.1192866955539363E-01
 9.4118937500000008E+00     1.9394990275172058E-01
 9.4744312500000003E+00     1.7551894433970952E-01
 9.5369687499999998E+00     1.5664317242674602E-01
 9.5995062499999992E+00     1.3733090925114774E-01
 9.6620437500000005E+00     1.1759142673958881E-01
 9.7245812500000000E+00     9.7434945203396559E-02
 9.7871187499999994E+00     7.6872621249538559E-02
 9.8496562500000007E+00     5.5916520449976595E-02
 9.9121937500000001E+00     3.4579570455878207E-02
 9.9747312499999996E+00     1.2875491274684903E-02
 1.0037268750000001E+01    -9.1793021496261833E-03
 1.0099806250000000E+01    -3.1521896067667018E-02
 1.0162343750000000E+01    -5.4043030264010611E-02
 1.0224881249999999E+01    -7.6631217853701195E-02
 1.0287418750000001E+01    -9.9174961546652798E-02
 1.0349956250000000E+01    -1.2156296053246571E-01
 1.0412493749999999E+01    -1.4368428978885406E-01
 1.0475031250000001E+01    -1.6542854609227650E-01
 1.0537568750000000E+01    -1.8668596060891773E-01
 1.0600106250000000E+01    -2.0734748200903955E-01
 1.0662643749999999E+01    -2.2730483680373825E-01
 1.0725181250000000E+01    -2.4645057494818287E-01
 1.0787718750000000E+01    -2.6467810865555463E-01
 1.0850256249999999E+01    -2.8188175096769480E-01
 1.0912793750000001E+01    -2.9795675825880530E-01
 1.0975331250000000E+01    -3.1279937794737883E-01
 1.1037868749999999E+01    -3.2630689973337207E-01
 1.1100406250000001E+01    -3.3837770609383455E-01
 1.1162943750000000E+01    -3.4891131589185820E-01
 1.1225481250000000E+01    -3.5780841398387525E-01
 1.1288018749999999E+01    -3.6497085971455179E-01
 1.1350556250000000E+01    -3.7030166811322179E-01
 1.1413093750000000E+01    -3.7370495930189407E-01
 1.1475631249999999E+01    -3.7508587388488490E-01
 1.1538168750000001E+01    -3.7435045467435790E-01
 1.1600706250000000E+01    -3.7140549777735354E-01
 1.1663243749999999E+01    -3.6615837861039180E-01
 1.1725781250000001E+01    -3.5853864957926618E-01
 1.1788318750000000E+01    -3.4862089904482541E-01
 1.1850856250000000E+01    -3.3653874707584003E-01
 1.1913393749999999E+01    -3.2242566509112819E-01
 1.1975931250000000E+01    -3.0641457862752747E-01
 1.2038468750000000E+01    -2.8863770645906084E-01
 1.2101006249999999E+01    -2.6922646008818618E-01
 1.2163543750000001E+01    -2.4831139834439225E-01
 1.2226081250000000E+01    -2.2602223080112510E-01
 1.2288618749999999E+01    -2.0248786321076115E-01
 1.2351156249999999E+01    -1.7783647786658985E-01
 1.2413693750000000E+01    -1.5219564170697927E-01
 1.2476231250000000E+01    -1.2569243505980895E-01
 1.2538768749999999E+01    -9.8453594137067182E-02
 1.2601306250000000E+01    -7.0605660665784192E-02
 1.2663843750000000E+01    -4.2275132320001726E-02
 1.2726381249999999E+01    -1.3588607851089044E-02
 1.2788918750000001E+01     1.5327079024006894E-02
 1.2851456250000000E+01     4.4344742820064079E-02
 1.2913993749999999E+01     7.3336752343724818E-02
 1.2976531249999999E+01     1.0217496529496421E-01
 1.3039068750000000E+01     1.3073069687083730E-01
 1.3101606250000000E+01     1.5887472739571942E-01
 1.3164143749999999E+01     1.8647735324473891E-01
 1.3226681250000000E+01     2.1340848415880886E-01
 1.3289218750000000E+01     2.3953778841194207E-01
 1.3351756249999999E+01     2.6473493480897348E-01
 1.3414293750000001E+01     2.8888660679449041E-01
 1.3476831250000000E+01     3.1192119237462562E-01
 1.3539368750000000E+01     3.3377400412101343E-01
 1.3601906249999999E+01     3.5438131043692062E-01
 1.3664443750000000E+01     3.7368055233953634E-01
 1.3726981250000000E+01     3.9161054781650428E-01
 1.3789518749999999E+01     4.0811167778038476E-01
 1.3852056250000000E+01     4.2312604495762784E-01
 1.3914593750000000E+01     4.3659759741999304E-01
 1.3977131249999999E+01     4.4847220951958011E-01
 1.4039668749999999E+01     4.5869771432136186E-01
 1.4102206250000000E+01     4.6722388311010843E-01
 1.4164743750000000E+01     4.7400234912365946E-01
 1.4227281249999999E+01     4.7898647430708019E-01
 1.4289818750000000E+01     4.8213115959701641E-01
 1.4352356250000000E+01     4.8339260105786064E-01
 1.4414893749999999E+01     4.8272799613011841E-01
 1.4477431250000000E+01     4.8009520634069980E-01
 1.4539968750000000E+01     4.7545238505623627E-01
 1.4602506249999999E+01     4.6875758118906274E-01
 1.4665043749999999E+01     4.5996833208829307E-01
 1.4727581250000000E+01     4.4904126101527153E-01
 1.4790118750000000E+01     4.3593169641450846E-01
 1.4852656249999999E+01     4.2059333142655086E-01
 1.4915193750000000E+01     4.0297794252940133E-01
 1.4977731250000000E+01     3.8303518565717964E-01
 1.5040268749999999E+01     3.6071908584621160E-01
 1.5102806250000000E+01     3.3613321869657553E-01
 1.5165343750000000E+01     3.0953077499591891E-01
 1.5227881249999999E+01     2.8116950158808912E-01
 1.5290418749999999E+01     2.5130536800022046E-01
 1.5352956250000000E+01     2.2019298242106994E-01
 1.5415493750000000E+01     1.8808610363077655E-01
 1.5478031249999999E+01     1.5523820958452633E-01
 1.5540568750000000E+01     1.2190308421744925E-01
 1.5603106250000000E+01     8.8335384198915928E-02
 1.5665643749999999E+01     5.4791147976718031E-02
 1.5728181250000000E+01     2.1528210899635112E-02
 1.5790718750000000E+01    -1.1193507157063760E-02
 1.5853256249999999E+01    -4.3111870980495605E-02
 1.5915793749999999E+01    -7.3962578947323790E-02
 1.5978331250000000E+01    -1.0347940560056269E-01
 1.6040868749999998E+01    -1.3139463987575198E-01
 1.6103406249999999E+01    -1.5743970630214374E-01
 1.6165943749999997E+01    -1.8134593980661209E-01
 1.6228481249999998E+01    -2.0284546746458784E-01
 1.6291018749999999E+01    -2.2167213476606712E-01
 1.6353556249999997E+01    -2.3756240220204461E-01
 1.6416093749999998E+01    -2.5025613274327996E-01
 1.6478631249999999E+01    -2.5949719407485095E-01
 1.6541168749999997E+01    -2.6503381222262956E-01
 1.6603706249999998E+01    -2.6661863498628985E-01
 1.6666243749999996E+01    -2.6400849235504614E-01
 1.6728781249999997E+01    -2.5701996375353353E-01
 1.6791318749999999E+01    -2.4584538977494208E-01
 1.6853856249999996E+01    -2.3083094566694157E-01
 1.6916393749999997E+01    -2.1232361016863791E-01
 1.6978931249999999E+01    -1.9066952223397612E-01
 1.7041468749999996E+01    -1.6621307450275433E-01
 1.7104006249999998E+01    -1.3929630887591452E-01
 1.7166543749999999E+01    -1.1025861323325288E-01
 1.7229081249999997E+01    -7.9436692477297885E-02
 1.7291618749999998E+01    -4.7164766681333674E-02
 1.7354156249999999E+01    -1.3774936216662662E-02
 1.7416693749999997E+01     2.0402351211822212E-02
 1.7479231249999998E+01     5.5037794938160606E-02
 1.7541768749999999E+01     8.9802753879392794E-02
 1.7604306249999997E+01     1.2436882460696214E-01
 1.7666843749999998E+01     1.5840752161980423E-01
 1.7729381249999999E+01     1.9159008557001023E-01
 1.7791918749999997E+01     2.2358743449691690E-01
 1.7854456249999998E+01     2.5407026269720251E-01
 1.7916993749999996E+01     2.8270928150401858E-01
 1.7979531249999997E+01     3.0917558578172355E-01
 1.8042068749999999E+01     3.3314111939599400E-01
 1.8104606249999996E+01     3.5427920270383895E-01
 1.8167143749999997E+01     3.7226507607034953E-01
 1.8229681249999999E+01     3.8677640679028136E-01
 1.8292218749999996E+01     3.9749370400226658E-01
 1.8354756249999998E+01     4.0410106786409977E-01
 1.8417293749999999E+01     4.0644827012152657E-01
 1.8479831249999997E+01     4.0478635938233715E-01
 1.8542368749999998E+01     3.9942864252429350E-01
 1.8604906249999999E+01     3.9068985522135619E-01
 1.8667443749999997E+01     3.7888523093350229E-01
 1.8729981249999998E+01     3.6432961689495152E-01
 1.8792518749999999E+01     3.4733668104548576E-01
 1.8855056249999997E+01     3.2821824857233356E-01
 1.8917593749999998E+01     3.0728379459454508E-01
 1.8980131249999996E+01     2.8484010611317501E-01
 1.9042668749999997E+01     2.6119111430717035E-01
 1.9105206249999998E+01     2.3663788916411169E-01
 1.9167743749999996E+01     2.1147878278857565E-01
 1.9230281249999997E+01     1.8600970513717574E-01
 1.9292818749999999E+01     1.6052451535689333E-01
 1.9355356249999996E+01     1.3531551198037173E-01
 1.9417893749999998E+01     1.1067400457761735E-01
 1.9480431249999999E+01     8.6890947020495643E-02
 1.9542968749999996E+01     6.4257607829311211E-02
 1.9605506249999998E+01     4.3066246480780890E-02
 1.9668043749999999E+01     2.3610757246373432E-02
 1.9730581249999997E+01     6.1872359745690376E-03
 1.9793118749999998E+01    -8.9055775497599889E-03
 1.9855656249999999E+01    -2.1366026401239711E-02
 1.9918193749999997E+01    -3.0889467879430529E-02
 1.9980731249999998E+01    -3.7168428861213396E-02
 2.0043268749999999E+01    -3.9904918660689036E-02
 2.0105806249999997E+01    -3.9073577117176274E-02
 2.0168343749999998E+01    -3.4922352074452039E-02
 2.0230881249999996E+01    -2.7710666306530525E-02
 2.0293418749999997E+01    -1.7698303601247717E-02
 2.0355956249999998E+01    -5.1461941776849447E-03
 2.0418493749999996E+01     9.6829597504719065E-03
 2.0481031249999997E+01     2.6524251345307420E-02
 2.0543568749999999E+01     4.5110332304617043E-02
 2.0606106249999996E+01     6.5171353128172793E-02
 2.0668643749999998E+01     8.6435047903994575E-02
 2.0731181249999999E+01     1.0862692425305488E-01
 2.0793718749999996E+01     1.3147051845874660E-01
 2.0856256249999998E+01     1.5468767985405765E-01
 2.0918793749999999E+01     1.7799885552157702E-01
 2.0981331249999997E+01     2.0112335465331560E-01
 2.1043868749999998E+01     2.2377958019661046E-01
 2.1106406249999999E+01     2.4568522274559662E-01
 2.1168943749999997E+01     2.6655741746954348E-01
 2.1231481249999998E+01     2.8611286896425919E-01
 2.1294018749999996E+01     3.0406795127330632E-01
 2.1356556249999997E+01     3.2013879111814070E-01
 2.1419093749999998E+01     3.3404134186967233E-01
 2.1481631249999996E+01     3.4549145431781197E-01
 2.1544168749999997E+01     3.5420494820610865E-01
 2.1606706249999998E+01     3.5989768615945988E-01
 2.1669243749999996E+01     3.6228564938956931E-01
 2.1731781249999997E+01     3.6113817168723089E-01
 2.1794318749999999E+01     3.5657825120063980E-01
 2.1856856249999996E+01     3.4887337067885749E-01
 2.1919393749999998E+01     3.3829178253003100E-01
 2.1981931249999999E+01     3.2510209791095829E-01
 2.2044468749999997E+01     3.0957330627586682E-01
 2.2107006249999998E+01     2.9197479725417064E-01
 2.2169543749999999E+01     2.7257637985217736E-01
 2.2232081249999997E+01     2.5164829689957774E-01
 2.2294618749999998E+01     2.2946123356224751E-01
 2.2357156249999996E+01     2.0628631927537985E-01
 2.2419693749999997E+01     1.8239512270493277E-01
 2.2482231249999998E+01     1.5805963947605434E-01
 2.2544768749999996E+01     1.3355227249639451E-01
 2.2607306249999997E+01     1.0914580480234329E-01
 2.2669843749999998E+01     8.5113365000840657E-02
 2.2732381249999996E+01     6.1728385588366623E-02
 2.2794918749999997E+01     3.9264554713731199E-02
 2.2857456249999998E+01     1.7995762320648218E-02
 2.2919993749999996E+01    -1.8039579397215286E-03
 2.2982531249999997E+01    -1.9860489098866015E-02
 2.3045068749999999E+01    -3.5899691027438535E-02
 2.3107606249999996E+01    -4.9647457161279454E-02
 2.3170143749999998E+01    -6.0829763915451376E-02
 2.3232681249999999E+01    -6.9172708234131380E-02
 2.3295218749999997E+01    -7.4402528106597740E-02
 2.3357756249999998E+01    -7.6246016948318077E-02
 2.3420293749999999E+01    -7.4571302364545927E-02
 2.3482831249999997E+01    -6.9592752992543860E-02
 2.3545368749999998E+01    -6.1576782266211050E-02
 2.3607906249999996E+01    -5.0789659840577109E-02
 2.3670443749999997E+01    -3.7497367954742788E-02
 2.3732981249999998E+01    -2.1965452489774349E-02
 2.3795518749999996E+01    -4.4588692621206003E-03
 2.3858056249999997E+01     1.4758169525596016E-02
 2.3920593749999998E+01     3.5422342623200265E-02
 2.3983131249999996E+01     5.7271353484712163E-02
 2.4045668749999997E+01     8.0044042817106642E-02
 2.4108206249999999E+01     1.0348047237617297E-01
 2.4170743749999996E+01     1.2732197275410118E-01
 2.4233281249999997E+01     1.5131114829775222E-01
 2.4295818749999999E+01     1.7519183282882406E-01
 2.4358356249999996E+01     1.9870899061853775E-01
 2.4420893749999998E+01     2.2160855827838147E-01
 2.4483431249999999E+01     2.4363722506241681E-01
 2.4545968749999997E+01     2.6454215171038215E-01
 2.4608506249999998E+01     2.8407063148809214E-01
 2.4671043749999995E+01     3.0196970146410679E-01
 2.4733581249999997E+01     3.1798571707886147E-01
 2.4796118749999998E+01     3.3186390828478823E-01
 2.4858656249999996E+01     3.4334794032680593E-01
 2.4921193749999997E+01     3.5217950578889190E-01
 2.4983731249999998E+01     3.5809797597681597E-01
 2.5046268749999996E+01     3.6085081837100552E-01
 2.5108806249999997E+01     3.6042840972099371E-01
 2.5171343749999998E+01     3.5706412423324252E-01
 2.5233881249999996E+01     3.5099974621917329E-01
 2.5296418749999997E+01     3.4247526074231494E-01
 2.5358956249999999E+01     3.3172931462290034E-01
 2.5421493749999996E+01     3.1899966385340578E-01
 2.5484031249999997E+01     3.0452356567548106E-01
 2.5546568749999999E+01     2.8853808949331328E-01
 2.5609106249999996E+01     2.7128032918345651E-01
 2.5671643749999998E+01     2.5298751226693106E-01
 2.5734181249999999E+01     2.3389701230840382E-01
 2.5796718749999997E+01     2.1424628031024778E-01
 2.5859256249999998E+01     1.9427271780712119E-01
 2.5921793749999996E+01     1.7421351881230954E-01
 2.5984331249999997E+01     1.5430550979926635E-01
 2.6046868749999998E+01     1.3478501680384383E-01
 2.6109406249999996E+01     1.1588778681814522E-01
 2.6171943749999997E+01     9.7848987177910712E-02
 2.6234481249999998E+01     8.0903301786951723E-02
 2.6297018749999996E+01     6.5285136846744224E-02
 2.6359556249999997E+01     5.1228941312478966E-02
 2.6422093749999998E+01     3.8969638701406920E-02
 2.6484631249999996E+01     2.8743157454039426E-02
 2.6547168749999997E+01     2.0787037413706088E-02
 2.6609706249999999E+01     1.5341081110207816E-02
 2.6672243749999996E+01     1.2648011674378856E-02
 2.6734781249999997E+01     1.2912094575967920E-02
 2.6797318749999999E+01     1.6062413711489022E-02
 2.6859856249999996E+01     2.1918220772307980E-02
 2.6922393749999998E+01     3.0302120174902150E-02
 2.6984931249999995E+01     4.1039968799652313E-02
 2.7047468749999997E+01     5.3960396987296239E-02
 2.7110006249999998E+01     6.8894273748405621E-02
 2.7172543749999996E+01     8.5674158662585903E-02
 2.7235081249999997E+01     1.0413377915939753E-01
 2.7297618749999998E+01     1.2410756442417729E-01
 2.7360156249999996E+01     1.4543025457038039E-01
 2.7422693749999997E+01     1.6793659016167439E-01
 2.7485231249999998E+01     1.9146107408828278E-01
 2.7547768749999996E+01     2.1583778641704815E-01
 2.7610306249999997E+01     2.4090022386252541E-01
 2.7672843749999998E+01     2.6648112939772833E-01
 2.7735381249999996E+01     2.9241227451902496E-01
 2.7797918749999997E+01     3.1852415708574122E-01
 2.7860456249999999E+01     3.4464558188889283E-01
 2.7922993749999996E+01     3.7060309975242978E-01
 2.7985531249999998E+01     3.9622029471652043E-01
 2.8048068749999995E+01     4.2131692823252920E-01
 2.8110606249999996E+01     4.4570797430072695E-01
 2.8173143749999998E+01     4.6920260900781735E-01
 2.8235681249999995E+01     4.9160324928187205E-01
 2.8298218749999997E+01     5.1270476430382739E-01
 2.8360756249999998E+01     5.3229417624757158E-01
 2.8423293749999996E+01     5.5020931984383070E-01
 2.8485831249999997E+01     5.6642496898156547E-01
 2.8548368749999998E+01     5.8093203703260088E-01
 2.8610906249999996E+01     5.9371820072425419E-01
 2.8673443749999997E+01     6.0477031392788505E-01
 2.8735981249999998E+01     6.1407688627932411E-01
 2.8798518749999996E+01     6.2163050013013232E-01
 2.8861056249999997E+01     6.2743002174868701E-01
 2.8923593749999998E+01     6.3148248261270912E-01
 2.8986131249999996E+01     6.3380454171212008E-01
 2.9048668749999997E+01     6.3442347948950051E-01
 2.9111206249999999E+01     6.3337771018796218E-01
 2.9173743749999996E+01     6.3071682662808493E-01
 2.9236281249999998E+01     6.2650120765645745E-01
 2.9298818749999995E+01     6.2080122459268239E-01
 2.9361356249999996E+01     6.1369608217089999E-01
 2.9423893749999998E+01     6.0527232620790250E-01
 2.9486431249999995E+01     5.9562204911744943E-01
 2.9548968749999997E+01     5.8484082904181167E-01
 2.9611506249999998E+01     5.7302545063178789E-01
 2.9674043749999996E+01     5.6027147497705332E-01
 2.9736581249999997E+01     5.4667075018747779E-01
 2.9799118749999998E+01     5.3230897805000121E-01
 2.9861656249999996E+01     5.1726347029356246E-01
 2.9924193749999997E+01     5.0160123449044103E-01
 2.9986731249999998E+01     4.8537751991190725E-01
 3.0049268749999996E+01     4.6863615007548570E-01
 3.0111806249999997E+01     4.5143620643008880E-01
 3.0174343749999998E+01     4.3385280039218954E-01
 3.0236881249999996E+01     4.1595219065803152E-01
 3.0299418749999997E+01     3.9779321257055511E-01
 3.0361956249999995E+01     3.7942985238037136E-01
 3.0424493749999996E+01     3.6091357757761633E-01
 3.0487031249999998E+01     3.4229530646961476E-01
 3.0549568749999995E+01     3.2362694879645454E-01
 3.0612106249999997E+01     3.0496250373795203E-01
 3.0674643749999998E+01     2.8635874889807750E-01
 3.0737181249999995E+01     2.6787558768572034E-01
 3.0799718749999997E+01     2.4957614138436271E-01
 3.0862256249999998E+01     2.3152667742103472E-01
 3.0924793749999996E+01     2.1379645975639591E-01
 3.0987331249999997E+01     1.9645759428972856E-01
 3.1049868749999998E+01     1.7958492486948985E-01
 3.1112406249999996E+01     1.6325601650042004E-01
 3.1174943749999997E+01     1.4755124352465232E-01
 3.1237481249999998E+01     1.3255398319402723E-01
 3.1300018749999996E+01     1.1835089997698611E-01
 3.1362556249999997E+01     1.0503229374011673E-01
 3.1425093749999998E+01     9.2692476088963069E-02
 3.1487631249999996E+01     8.1430134060513026E-02
 3.1550168749999997E+01     7.1348639344676723E-02
 3.1612706249999995E+01     6.2556264368970896E-02
 3.1675243749999996E+01     5.5166273653466984E-02
 3.1737781249999998E+01     4.9273216641359939E-02
 3.1800318749999995E+01     4.4819048388882239E-02
 3.1862856249999997E+01     4.1685218895612663E-02
 3.1925393749999998E+01     3.9755099361596359E-02
 3.1987931249999995E+01     3.8912892391653332E-02
 3.2050468750000000E+01     3.9042684126490784E-02
 3.2113006249999998E+01     4.0027697035688009E-02
 3.2175543750000003E+01     4.1749698855685878E-02
 3.2238081250000000E+01     4.4088544470826357E-02
 3.2300618749999998E+01     4.6921834259314232E-02
 3.2363156250000003E+01     5.0124675551818265E-02
 3.2425693750000001E+01     5.3569536074676731E-02
 3.2488231249999998E+01     5.7126179838165113E-02
 3.2550768750000003E+01     6.0661676558187987E-02
 3.2613306250000001E+01     6.4040475143223322E-02
 3.2675843749999999E+01     6.7124530155777268E-02
 3.2738381250000003E+01     6.9773467912419257E-02
 3.2800918750000001E+01     7.1844776657932000E-02
 3.2863456249999999E+01     7.3194003695773543E-02
 3.2925993750000004E+01     7.3674942009548938E-02
 3.2988531250000001E+01     7.3139790071410749E-02
 3.3051068749999999E+01     7.1439271243974645E-02
 3.3113606250000004E+01     6.8422703235527571E-02
 3.3176143750000001E+01     6.3938013056435941E-02
 3.3238681249999999E+01     5.7831698309587315E-02
 3.3301218749999997E+01     4.9948740831751111E-02
 3.3363756250000002E+01     4.0132734911988079E-02
 3.3426293749999999E+01     2.8310849811183116E-02
 3.3488831249999997E+01     1.4617679819289676E-02
 3.3551368750000002E+01    -7.8219912904273561E-04
 3.3613906249999999E+01    -1.7725209347057888E-02
 3.3676443749999997E+01    -3.6048420432566460E-02
 3.3738981250000002E+01    -5.5589283587055019E-02
 3.3801518750000000E+01    -7.6185400960047195E-02
 3.3864056249999997E+01    -9.7674310342631035E-02
 3.3926593750000002E+01    -1.1989327549011361E-01
 3.3989131250000000E+01    -1.4267907561254548E-01
 3.4051668749999997E+01    -1.6586778821126547E-01
 3.4114206250000002E+01    -1.8929455929054814E-01
 3.4176743750000000E+01    -2.1279335506307795E-01
 3.4239281249999998E+01    -2.3619669023254522E-01
 3.4301818750000002E+01    -2.5933533017711563E-01
 3.4364356250000000E+01    -2.8203796807850817E-01
 3.4426893749999998E+01    -3.0413088325244886E-01
 3.4489431250000003E+01    -3.2543759342460576E-01
 3.4551968750000000E+01    -3.4577852100100148E-01
 3.4614506249999998E+01    -3.6497070077528454E-01
 3.4677043750000003E+01    -3.8282756301345211E-01
 3.4739581250000001E+01    -3.9915883028091292E-01
 3.4802118749999998E+01    -4.1377056746226837E-01
 3.4864656250000003E+01    -4.2646542100274526E-01
 3.4927193750000001E+01    -4.3704307462496195E-01
 3.4989731249999998E+01    -4.4530093437702817E-01
 3.5052268750000003E+01    -4.5104104470934592E-01
 3.5114806250000001E+01    -4.5420337349112566E-01
 3.5177343749999999E+01    -4.5486706414113998E-01
 3.5239881250000003E+01    -4.5311949478824659E-01
 3.5302418750000001E+01    -4.4905130153685902E-01
 3.5364956249999999E+01    -4.4275714265951516E-01
 3.5427493750000004E+01    -4.3433619877659690E-01
 3.5490031250000001E+01    -4.2389240430412967E-01
 3.5552568749999999E+01    -4.1153441646782396E-01
 3.5615106249999997E+01    -3.9737534431806204E-01
 3.5677643750000001E+01    -3.8153227545084578E-01
 3.5740181249999999E+01    -3.6412564974098827E-01
 3.5802718749999997E+01    -3.4527853597297881E-01
 3.5865256250000002E+01    -3.2511586846331542E-01
 3.5927793749999999E+01    -3.0376369702485317E-01
 3.5990331249999997E+01    -2.8134849589629396E-01
 3.6052868750000002E+01    -2.5799656683464428E-01
 3.6115406249999999E+01    -2.3383355982536938E-01
 3.6177943749999997E+01    -2.0898412309076156E-01
 3.6240481250000002E+01    -1.8357168331879720E-01
 3.6303018750000000E+01    -1.5771834802947116E-01
 3.6365556249999997E+01    -1.3154491514390229E-01
 3.6428093750000002E+01    -1.0517097022298699E-01
 3.6490631250000000E+01    -7.8715049351145594E-02
 3.6553168749999998E+01    -5.2294844949578381E-02
 3.6615706250000002E+01    -2.6027432518145387E-02
 3.6678243750000000E+01    -2.9498015005883019E-05
 3.6740781249999998E+01     2.5584346732707250E-02
 3.6803318750000003E+01     5.0712086816611664E-02
 3.6865856250000000E+01     7.5256707633001116E-02
 3.6928393749999998E+01     9.9120976530425037E-02
 3.6990931250000003E+01     1.2220738885565827E-01
 3.7053468750000000E+01     1.4441819485779139E-01
 3.7116006249999998E+01     1.6565549329476467E-01
 3.7178543750000003E+01     1.8582138880876475E-01
 3.7241081250000001E+01     2.0481820798009914E-01
 3.7303618749999998E+01     2.2254876657570416E-01
 3.7366156250000003E+01     2.3891667773220068E-01
 3.7428693750000001E+01     2.5382668772990724E-01
 3.7491231249999998E+01     2.6718502280536566E-01
 3.7553768750000003E+01     2.7889972739236096E-01
 3.7616306250000001E+01     2.8888097163731946E-01
 3.7678843749999999E+01     2.9704130442019272E-01
 3.7741381250000003E+01     3.0329582785946030E-01
 3.7803918750000001E+01     3.0756227078845488E-01
 3.7866456249999999E+01     3.0976094226592227E-01
 3.7928993749999997E+01     3.0981455197233332E-01
 3.7991531250000001E+01     3.0764789227785527E-01
 3.8054068749999999E+01     3.0318738651861332E-01
 3.8116606249999997E+01     2.9636051897564081E-01
 3.8179143750000001E+01     2.8709517334615420E-01
 3.8241681249999999E+01     2.7531891705621331E-01
 3.8304218749999997E+01     2.6095827741619443E-01
 3.8366756250000002E+01     2.4393832699318541E-01
 3.8429293749999999E+01     2.2427192754883446E-01
 3.8491831249999997E+01     2.0219006156323807E-01
 3.8554368750000002E+01     1.7795403901942344E-01
 3.8616906250000000E+01     1.5182242253130093E-01
 3.8679443749999997E+01     1.2405142049982312E-01
 3.8741981250000002E+01     9.4895447133719890E-02
 3.8804518750000000E+01     6.4607786577790371E-02
 3.8867056249999997E+01     3.3441302765057038E-02
 3.8929593750000002E+01     1.6491387873173845E-03
 3.8992131250000000E+01    -3.0514646294937352E-02
 3.9054668749999998E+01    -6.2794548925957316E-02
 3.9117206250000002E+01    -9.4933238418639598E-02
 3.9179743750000000E+01    -1.2667134853532963E-01
 3.9242281249999998E+01    -1.5774746165137149E-01
 3.9304818750000003E+01    -1.8789829354063478E-01
 3.9367356250000000E+01    -2.1685907627397635E-01
 3.9429893749999998E+01    -2.4436412600163757E-01
 3.9492431250000003E+01    -2.7014757153708974E-01
 3.9554968750000000E+01    -2.9394420880883981E-01
 3.9617506249999998E+01    -3.1549043570995466E-01
 3.9680043750000003E+01    -3.3452521221419235E-01
 3.9742581250000001E+01    -3.5079098267011793E-01
 3.9805118749999998E+01    -3.6403449199727050E-01
 3.9867656250000003E+01    -3.7400742630026312E-01
 3.9930193750000001E+01    -3.8046681237075802E-01
 3.9992731249999999E+01    -3.8317512059205144E-01
 4.0055268750000003E+01    -3.8191029017124967E-01
 4.0117806250000001E+01    -3.7669081710622182E-01
 4.0180343749999999E+01    -3.6777481597282030E-01
 4.0242881249999996E+01    -3.5543310771925607E-01
 4.0305418750000001E+01    -3.3993755039248474E-01
 4.0367956249999999E+01    -3.2155959915342591E-01
 4.0430493749999997E+01    -3.0056895518988747E-01
 4.0493031250000001E+01    -2.7723239349867385E-01
 4.0555568749999999E+01    -2.5181283684197170E-01
 4.0618106249999997E+01    -2.2456871943969087E-01
 4.0680643750000002E+01    -1.9575365915351339E-01
 4.0743181249999999E+01    -1.6561643301774537E-01
 4.0805718749999997E+01    -1.3440123019110589E-01
 4.0868256250000002E+01    -1.0234814048005610E-01
 4.0930793749999999E+01    -6.9693826449199497E-02
 4.0993331249999997E+01    -3.6672322851903263E-02
 4.1055868750000002E+01    -3.5159079971784253E-03
 4.1118406250000000E+01     2.9544003485796271E-02
 4.1180943749999997E+01     6.2275989663688483E-02
 4.1243481250000002E+01     9.4447806832035130E-02
 4.1306018750000000E+01     1.2582565800228132E-01
 4.1368556249999997E+01     1.5617356351096273E-01
 4.1431093750000002E+01     1.8525284718319329E-01
 4.1493631250000000E+01     2.1282174740796544E-01
 4.1556168749999998E+01     2.3863515987557124E-01
 4.1618706250000002E+01     2.6244451715081951E-01
 4.1681243750000000E+01     2.8399780912368783E-01
 4.1743781249999998E+01     3.0307584234632673E-01
 4.1806318750000003E+01     3.1969642372049634E-01
 4.1868856250000000E+01     3.3397280282536163E-01
 4.1931393749999998E+01     3.4601671094633002E-01
 4.1993931250000003E+01     3.5593871328786858E-01
 4.2056468750000001E+01     3.6384883269588664E-01
 4.2119006249999998E+01     3.6985716720274264E-01
 4.2181543750000003E+01     3.7407449826443129E-01
 4.2244081250000001E+01     3.7661288030928108E-01
 4.2306618749999998E+01     3.7758619942974664E-01
 4.2369156249999996E+01     3.7711068799577935E-01
 4.2431693750000001E+01     3.7530538202933539E-01
 4.2494231249999999E+01     3.7229250913924816E-01
 4.2556768749999996E+01     3.6819779658719759E-01
 4.2619306250000001E+01     3.6315069156690355E-01
 4.2681843749999999E+01     3.5728448892467463E-01
 4.2744381249999996E+01     3.5073636517675622E-01
 4.2806918750000001E+01     3.4364732158364514E-01
 4.2869456249999999E+01     3.3616204298312186E-01
 4.2931993749999997E+01     3.2842868279746568E-01
 4.2994531250000001E+01     3.2059858785229067E-01
 4.3057068749999999E+01     3.1282597913192411E-01
 4.3119606249999997E+01     3.0526760615300758E-01
 4.3182143750000002E+01     2.9808239313120571E-01
 4.3244681249999999E+01     2.9143109449643523E-01
 4.3307218749999997E+01     2.8547597561829452E-01
 4.3369756250000002E+01     2.8038035425163677E-01
 4.3432293749999999E+01     2.7624830030071928E-01
 4.3494831249999997E+01     2.7303702112071593E-01
 4.3557368750000002E+01     2.7068218891861562E-01
 4.3619906250000000E+01     2.6912001674530278E-01
 4.3682443749999997E+01     2.6828710152630952E-01
 4.3744981250000002E+01     2.6812025048955235E-01
 4.3807518750000000E+01     2.6855629159768934E-01
 4.3870056249999998E+01     2.6953186719815381E-01
 4.3932593750000002E+01     2.7098321028539940E-01
 4.3995131250000000E+01     2.7284590359766131E-01
 4.4057668749999998E+01     2.7505462287724353E-01
 4.4120206250000003E+01     2.7754286680261131E-01
 4.4182743750000000E+01     2.8024267720899959E-01
 4.4245281249999998E+01     2.8308435415245475E-01
 4.4307818750000003E+01     2.8599617108241054E-01
 4.4370356250000000E+01     2.8890409585278731E-01
 4.4432893749999998E+01     2.9173152353274634E-01
 4.4495431250000003E+01     2.9439902700909693E-01
 4.4557968750000001E+01     2.9682413124262269E-01
 4.4620506249999998E+01     2.9892111678949562E-01
 4.4683043749999996E+01     3.0060085785079360E-01
 4.4745581250000001E+01     3.0177069968213460E-01
 4.4808118749999998E+01     3.0233437967439253E-01
 4.4870656249999996E+01     3.0219199578819783E-01
 4.4933193750000001E+01     3.0124002526044008E-01
 4.4995731249999999E+01     2.9937139557027614E-01
 4.5058268749999996E+01     2.9647952051430543E-01
 4.5120806250000001E+01     2.9254454393373219E-01
 4.5183343749999999E+01     2.8763365018199571E-01
 4.5245881249999996E+01     2.8181550227763419E-01
 4.5308418750000001E+01     2.7515691872596626E-01
 4.5370956249999999E+01     2.6772344804908693E-01
 4.5433493749999997E+01     2.5957991612866910E-01
 4.5496031250000001E+01     2.5079093694066823E-01
 4.5558568749999999E+01     2.4142137821847731E-01
 4.5621106249999997E+01     2.3153677531629557E-01
 4.5683643750000002E+01     2.2120368858237704E-01
 4.5746181249999999E+01     2.1049000164748832E-01
 4.5808718749999997E+01     1.9946516005118173E-01
 4.5871256250000002E+01     1.8820035148007061E-01
 4.5933793750000000E+01     1.7676863051766945E-01
 4.5996331249999997E+01     1.6524499216719155E-01
 4.6058868750000002E+01     1.5370639948289783E-01
 4.6121406250000000E+01     1.4223177142265703E-01
 4.6183943749999997E+01     1.3090193751764356E-01
 4.6246481250000002E+01     1.1979956615775185E-01
 4.6309018750000000E+01     1.0900907323661699E-01
 4.6371556249999998E+01     9.8616517616311350E-02
 4.6434093750000002E+01     8.8709489394794533E-02
 4.6496631250000000E+01     7.9376996323582541E-02
 4.6559168749999998E+01     7.0709352967715230E-02
 4.6621706250000003E+01     6.2798076359024721E-02
 4.6684243750000000E+01     5.5735791000843395E-02
 4.6746781249999998E+01     4.9603385116833792E-02
 4.6809318750000003E+01     4.4397859461938097E-02
 4.6871856250000000E+01     4.0082400654445155E-02
 4.6934393749999998E+01     3.6620673630617585E-02
 4.6996931249999996E+01     3.3976745300043507E-02
 4.7059468750000001E+01     3.2114955721674117E-02
 4.7122006249999998E+01     3.0999822207162825E-02
 4.7184543749999996E+01     3.0595965878459773E-02
 4.7247081250000001E+01     3.0868053702460877E-02
 4.7309618749999998E+01     3.1780751170160396E-02
 4.7372156249999996E+01     3.3298682205016840E-02
 4.7434693750000001E+01     3.5386393870539955E-02
 4.7497231249999999E+01     3.8008324156771314E-02
 4.7559768749999996E+01     4.1128771651723572E-02
 4.7622306250000001E+01     4.4711866303450323E-02
 4.7684843749999999E+01     4.8721540788581083E-02
 4.7747381249999997E+01     5.3121502249050413E-02
 4.7809918750000001E+01     5.7875204357041375E-02
 4.7872456249999999E+01     6.2945819831059346E-02
 4.7934993749999997E+01     6.8296213662060776E-02
 4.7997531250000002E+01     7.3888917422924749E-02
 4.8060068749999999E+01     7.9686105131773530E-02
 4.8122606249999997E+01     8.5649571221344756E-02
 4.8185143750000002E+01     9.1740711234125652E-02
 4.8247681249999999E+01     9.7920505915915029E-02
 4.8310218749999997E+01     1.0414950941782286E-01
 4.8372756250000002E+01     1.1038784233656977E-01
 4.8435293750000000E+01     1.1659519032222977E-01
 4.8497831249999997E+01     1.2273080895976618E-01
 4.8560368750000002E+01     1.2875353558047128E-01
 4.8622906250000000E+01     1.3462180858173006E-01
 4.8685443749999997E+01     1.4029369472299011E-01
 4.8747981250000002E+01     1.4572692472364676E-01
 4.8810518750000000E+01     1.5087893731202368E-01
 4.8873056249999998E+01     1.5570693166714347E-01
 4.8935593750000002E+01     1.6016792795747772E-01
 4.8998131250000000E+01     1.6421883542056018E-01
 4.9060668749999998E+01     1.6734400350415418E-01
 4.9123206250000003E+01     1.6661219229503255E-01
 4.9185743750000000E+01     1.6193159110591093E-01
 4.9248281249999998E+01     1.5390061124894977E-01
 4.9310818749999996E+01     1.4319410896253357E-01
 4.9373356250000001E+01     1.3052164840310190E-01
 4.9435893749999998E+01     1.1658706522983239E-01
 4.9498431249999996E+01     1.0204833597600439E-01
 4.9560968750000001E+01     8.7479177673396913E-02
 4.9623506249999998E+01     7.3334924247585490E-02
 4.9686043749999996E+01     5.9926170189471967E-02
 4.9748581250000001E+01     4.7405120308355302E-02
 4.9811118749999999E+01     3.5771233450908581E-02
 4.9873656249999996E+01     2.4903121857611291E-02
 4.9936193750000001E+01     1.4620674098787487E-02
 4.9998731249999999E+01     4.7738102435022148E-03
