#                  time                       real
 2.1874999999999999E-02     1.2086403617442704E-02
 6.5624999999999989E-02     3.7513762163459863E-02
 1.0937500000000000E-01     6.4561687756964928E-02
 1.5312499999999998E-01     9.3231622013815116E-02
 1.9687499999999999E-01     1.2349910227649806E-01
 2.4062500000000001E-01     1.5518709505676262E-01
 2.8437499999999993E-01     1.8783353888144166E-01
 3.2812499999999994E-01     2.2057764162101420E-01
 3.7187499999999996E-01     2.5210193233473688E-01
 4.1562499999999997E-01     2.8067408378249464E-01
 4.5937499999999998E-01     3.0432481253800092E-01
 5.0312499999999993E-01     3.2116719245622977E-01
 5.4687499999999989E-01     3.2980863832117985E-01
 5.9062499999999996E-01     3.2974654478123605E-01
 6.3437499999999991E-01     3.2160558352270213E-01
 6.7812499999999998E-01     3.0710281981354687E-01
 7.2187499999999993E-01     2.8872208379067843E-01
 7.6562499999999989E-01     2.6920099599978287E-01
 8.0937499999999996E-01     2.5101250668413000E-01
 8.5312499999999991E-01     2.3600795363404109E-01
 8.9687499999999998E-01     2.2529360372241791E-01
 9.4062499999999993E-01     2.1930392829196788E-01
 9.8437499999999989E-01     2.1797634711327224E-01
 1.0281250000000000E+00     2.2041391582706077E-01
 1.0718749999999999E+00     2.2419411857302921E-01
 1.1156250000000001E+00     2.2872412493440919E-01
 1.1593750000000000E+00     2.3370923696176810E-01
 1.2031250000000000E+00     2.3894338501333356E-01
 1.2468750000000000E+00     2.4428465138535610E-01
 1.2906249999999999E+00     2.4963809995462621E-01
 1.3343750000000001E+00     2.5494341142462368E-01
 1.3781250000000000E+00     2.6016578421109293E-01
 1.4218750000000000E+00     2.6528912143563599E-01
 1.4656250000000000E+00     2.7031085927249837E-01
 1.5093749999999999E+00     2.7523799796992399E-01
 1.5531250000000001E+00     2.8008402822790390E-01
 1.5968750000000000E+00     2.8486653248546723E-01
 1.6406250000000000E+00     2.8960530016787539E-01
 1.6843750000000000E+00     2.9432083794610786E-01
 1.7281249999999999E+00     2.9903318642769389E-01
 1.7718750000000001E+00     3.0376097703676863E-01
 1.8156250000000000E+00     3.0852067946876127E-01
 1.8593750000000000E+00     3.1332600257579846E-01
 1.9031250000000000E+00     3.1818742093802721E-01
 1.9468749999999999E+00     3.2311180648621401E-01
 1.9906249999999999E+00     3.2810214993294579E-01
 2.0343749999999998E+00     3.3315736087116671E-01
 2.0781250000000000E+00     3.3827213851877680E-01
 2.1218749999999997E+00     3.4343690745821720E-01
 2.1656249999999999E+00     3.4863781450117753E-01
 2.2093750000000001E+00     3.5385678411672944E-01
 2.2531249999999998E+00     3.5907163077404197E-01
 2.2968750000000000E+00     3.6425622711849481E-01
 2.3406249999999997E+00     3.6938072715776449E-01
 2.3843749999999999E+00     3.7441184360482577E-01
 2.4281250000000001E+00     3.7931317822670085E-01
 2.4718749999999998E+00     3.8404560349838268E-01
 2.5156250000000000E+00     3.8856769308531269E-01
 2.5593749999999997E+00     3.9283619770044115E-01
 2.6031249999999999E+00     3.9680656174460049E-01
 2.6468750000000001E+00     4.0043347488756986E-01
 2.6906249999999998E+00     4.0367145144036903E-01
 2.7343750000000000E+00     4.0647542907679712E-01
 2.7781249999999997E+00     4.0880137725577015E-01
 2.8218749999999999E+00     4.1060690465921451E-01
 2.8656250000000001E+00     4.1185185416784181E-01
 2.9093749999999998E+00     4.1249887342396457E-01
 2.9531250000000000E+00     4.1251394893817550E-01
 2.9968749999999997E+00     4.1186689202847498E-01
 3.0406249999999999E+00     4.1053176566108168E-01
 3.0843750000000001E+00     4.0848724248888096E-01
 3.1281249999999998E+00     4.0571688602754602E-01
 3.1718750000000000E+00     4.0220934891689308E-01
 3.2156249999999997E+00     3.9795848450479743E-01
 3.2593749999999999E+00     3.9296337046578561E-01
 3.3031250000000001E+00     3.8722824571228315E-01
 3.3468749999999998E+00     3.8076236435476629E-01
 3.3906250000000000E+00     3.7357977280120808E-01
 3.4343749999999997E+00     3.6569901814796552E-01
 3.4781249999999999E+00     3.5714279771420643E-01
 3.5218750000000001E+00     3.4793756084229216E-01
 3.5656249999999998E+00     3.3811307488575987E-01
 3.6093750000000000E+00     3.2770196762259268E-01
 3.6531249999999997E+00     3.1673925817767623E-01
 3.6968749999999999E+00     3.0526188795537079E-01
 3.7406249999999996E+00     2.9330826212898065E-01
 3.7843749999999998E+00     2.8091781098374446E-01
 3.8281250000000000E+00     2.6813057894619863E-01
 3.8718749999999997E+00     2.5498684753981887E-01
 3.9156249999999999E+00     2.4152679686816875E-01
 3.9593749999999996E+00     2.2779020861434476E-01
 4.0031249999999998E+00     2.1381621202415740E-01
 4.0468749999999991E+00     1.9964307295882835E-01
 4.0906249999999993E+00     1.8530802489603157E-01
 4.1343749999999995E+00     1.7084713974889695E-01
 4.1781249999999996E+00     1.5629523556782010E-01
 4.2218749999999989E+00     1.4168581758932638E-01
 4.2656249999999991E+00     1.2705104868732214E-01
 4.3093749999999993E+00     1.1242174504861487E-01
 4.3531249999999995E+00     9.7827392813716232E-02
 4.3968749999999996E+00     8.3296181472860817E-02
 4.4406249999999989E+00     6.8855049960479017E-02
 4.4843749999999991E+00     5.4529741626042127E-02
 4.5281249999999993E+00     4.0344864553606662E-02
 4.5718749999999995E+00     2.6323954036698929E-02
 4.6156249999999996E+00     1.2489534373812086E-02
 4.6593749999999989E+00    -1.1368224809666315E-03
 4.7031249999999991E+00    -1.4534443508573247E-02
 4.7468749999999993E+00    -2.7683508191199233E-02
 4.7906249999999995E+00    -4.0565010440377518E-02
 4.8343749999999996E+00    -5.3160729941322281E-02
 4.8781249999999989E+00    -6.5453213655185652E-02
 4.9218749999999991E+00    -7.7425767928045133E-02
 4.9656249999999993E+00    -8.9062461382338753E-02
 5.0093749999999995E+00    -1.0034813851355492E-01
 5.0531249999999996E+00    -1.1126844368074451E-01
 5.0968749999999989E+00    -1.2180985496454780E-01
 5.1406249999999991E+00    -1.3195972716975379E-01
 5.1843749999999993E+00    -1.4170634307154517E-01
 5.2281249999999995E+00    -1.5103897184545095E-01
 5.2718749999999996E+00    -1.5994793348157454E-01
 5.3156249999999989E+00    -1.6842466786463020E-01
 5.3593749999999991E+00    -1.7646180710342735E-01
 5.4031249999999993E+00    -1.8405324961870267E-01
 5.4468749999999995E+00    -1.9119423444595748E-01
 5.4906249999999996E+00    -1.9788141418278091E-01
 5.5343749999999989E+00    -2.0411292500638256E-01
 5.5781249999999991E+00    -2.0988845220800156E-01
 5.6218749999999993E+00    -2.1520928973481651E-01
 5.6656249999999995E+00    -2.2007839229533399E-01
 5.7093749999999996E+00    -2.2450041866947140E-01
 5.7531249999999989E+00    -2.2848176496605280E-01
 5.7968749999999991E+00    -2.3203058668595516E-01
 5.8406249999999993E+00    -2.3515680857434482E-01
 5.8843749999999995E+00    -2.3787212137740352E-01
 5.9281249999999996E+00    -2.4018996475409440E-01
 5.9718749999999989E+00    -2.4212549572927167E-01
 6.0156249999999991E+00    -2.4369554220800466E-01
 6.0593749999999993E+00    -2.4491854120198783E-01
 6.1031249999999995E+00    -2.4581446154599956E-01
 6.1468749999999996E+00    -2.4640471100703887E-01
 6.1906249999999989E+00    -2.4671202781228757E-01
 6.2343749999999991E+00    -2.4676035674688857E-01
 6.2781249999999993E+00    -2.4657471010225465E-01
 6.3218749999999995E+00    -2.4618101389279598E-01
 6.3656249999999996E+00    -2.4560594006379202E-01
 6.4093749999999989E+00    -2.4487862189555873E-01
 6.4531249999999991E+00    -2.4403518593505569E-01
 6.4968749999999993E+00    -2.4311337063245803E-01
 6.5406249999999995E+00    -2.4215087214401548E-01
 6.5843749999999996E+00    -2.4118512980735660E-01
 6.6281249999999989E+00    -2.4025310996029867E-01
 6.6718749999999991E+00    -2.3939109044626936E-01
 6.7156249999999993E+00    -2.3863444750296040E-01
 6.7593749999999995E+00    -2.3801744649866921E-01
 6.8031249999999996E+00    -2.3757303788762529E-01
 6.8468749999999989E+00    -2.3733265969674122E-01
 6.8906249999999991E+00    -2.3732604779279787E-01
 6.9343749999999993E+00    -2.3758105509450336E-01
 6.9781249999999995E+00    -2.3812348078229728E-01
 7.0218749999999996E+00    -2.3897691042008712E-01
 7.0656249999999989E+00    -2.4016256773941685E-01
 7.1093749999999991E+00    -2.4169917865417237E-01
 7.1531249999999993E+00    -2.4360284788025427E-01
 7.1968749999999995E+00    -2.4588694833876074E-01
 7.2406249999999988E+00    -2.4856202333442201E-01
 7.2843749999999989E+00    -2.5163570133428520E-01
 7.3281249999999991E+00    -2.5511262303654691E-01
 7.3718749999999993E+00    -2.5899438032610156E-01
 7.4156249999999995E+00    -2.6327946667279500E-01
 7.4593749999999988E+00    -2.6796323854654863E-01
 7.5031249999999989E+00    -2.7303788750665758E-01
 7.5468749999999991E+00    -2.7849242277322500E-01
 7.5906249999999993E+00    -2.8431266430404062E-01
 7.6343749999999995E+00    -2.9048124667810493E-01
 7.6781249999999988E+00    -2.9697763441596070E-01
 7.7218749999999989E+00    -3.0377814973679074E-01
 7.7656249999999991E+00    -3.1085601414501779E-01
 7.8093749999999993E+00    -3.1818140563568714E-01
 7.8531249999999995E+00    -3.2572153368557188E-01
 7.8968749999999988E+00    -3.3344073452911210E-01
 7.9406249999999989E+00    -3.4130058947939784E-01
 7.9843749999999991E+00    -3.4926006921605146E-01
 8.0281249999999993E+00    -3.5727570699621397E-01
 8.0718749999999986E+00    -3.6530180362829034E-01
 8.1156249999999996E+00    -3.7329066675834860E-01
 8.1593749999999989E+00    -3.8119288653972122E-01
 8.2031250000000000E+00    -3.8895764907932723E-01
 8.2468749999999993E+00    -3.9653308817925148E-01
 8.2906249999999986E+00    -4.0386667482882266E-01
 8.3343749999999996E+00    -4.1090564267481899E-01
 8.3781249999999989E+00    -4.1759744633747020E-01
 8.4218749999999982E+00    -4.2389024799691943E-01
 8.4656249999999993E+00    -4.2973342620525001E-01
 8.5093749999999986E+00    -4.3507809945067277E-01
 8.5531249999999996E+00    -4.3987765568909104E-01
 8.5968749999999989E+00    -4.4408827793820066E-01
 8.6406249999999982E+00    -4.4766945517793877E-01
 8.6843749999999993E+00    -4.5058446728482393E-01
 8.7281249999999986E+00    -4.5280083260264331E-01
 8.7718749999999996E+00    -4.5429070705592917E-01
 8.8156249999999989E+00    -4.5503122446265043E-01
 8.8593749999999982E+00    -4.5500476889008457E-01
 8.9031249999999993E+00    -4.5419917149164557E-01
 8.9468749999999986E+00    -4.5260782620229456E-01
 8.9906249999999996E+00    -4.5022972087937252E-01
 9.0343749999999989E+00    -4.4706938285509035E-01
 9.0781249999999982E+00    -4.4313674030906114E-01
 9.1218749999999993E+00    -4.3844690326269292E-01
 9.1656249999999986E+00    -4.3301987023045202E-01
 9.2093749999999996E+00    -4.2688016853945970E-01
 9.2531249999999989E+00    -4.2005643796419262E-01
 9.2968749999999982E+00    -4.1258096855659920E-01
 9.3406249999999993E+00    -4.0448920434737534E-01
 9.3843749999999986E+00    -3.9581922493854432E-01
 9.4281249999999996E+00    -3.8661121691502687E-01
 9.4718749999999989E+00    -3.7690694650729845E-01
 9.5156249999999982E+00    -3.6674924409115917E-01
 9.5593749999999993E+00    -3.5618150659317183E-01
 9.6031249999999986E+00    -3.4524700878902448E-01
 9.6468749999999996E+00    -3.3398833728255772E-01
 9.6906249999999989E+00    -3.2244734368365557E-01
 9.7343749999999982E+00    -3.1066484313794085E-01
 9.7781249999999993E+00    -2.9868032288326196E-01
 9.8218749999999986E+00    -2.8653169487682079E-01
 9.8656249999999996E+00    -2.7425509253132024E-01
 9.9093749999999989E+00    -2.6188471060789820E-01
 9.9531249999999982E+00    -2.4945268644781604E-01
 9.9968749999999993E+00    -2.3698902002249861E-01
 1.0040624999999999E+01    -2.2452152974752593E-01
 1.0084375000000000E+01    -2.1207584063585855E-01
 1.0128124999999999E+01    -1.9967540114233984E-01
 1.0171874999999998E+01    -1.8734152495909004E-01
 1.0215624999999999E+01    -1.7509345403913359E-01
 1.0259374999999999E+01    -1.6294843923313787E-01
 1.0303125000000000E+01    -1.5092183510269686E-01
 1.0346874999999999E+01    -1.3902720570326665E-01
 1.0390624999999998E+01    -1.2727643839527397E-01
 1.0434374999999999E+01    -1.1567986302768976E-01
 1.0478124999999999E+01    -1.0424637413210577E-01
 1.0521875000000000E+01    -9.2983554057413903E-02
 1.0565624999999999E+01    -8.1897795256980377E-02
 1.0609374999999998E+01    -7.0994420206311470E-02
 1.0653124999999999E+01    -6.0277797675192479E-02
 1.0696874999999999E+01    -4.9751454301759410E-02
 1.0740625000000000E+01    -3.9418180615443908E-02
 1.0784374999999999E+01    -2.9280130831776961E-02
 1.0828124999999998E+01    -1.9338915894310423E-02
 1.0871874999999999E+01    -9.5956893699850609E-03
 1.0915624999999999E+01    -5.1225915136513672E-05
 1.0959375000000000E+01     9.2940078772121917E-03
 1.1003124999999999E+01     1.8439790360094424E-02
 1.1046874999999998E+01     2.7386089491231089E-02
 1.1090624999999999E+01     3.6133015258377532E-02
 1.1134374999999999E+01     4.4680779814802882E-02
 1.1178125000000000E+01     5.3029665226665135E-02
 1.1221874999999999E+01     6.1179998695934865E-02
 1.1265624999999998E+01     6.9132135085627433E-02
 1.1309374999999999E+01     7.6886446537762665E-02
 1.1353124999999999E+01     8.4443318936142389E-02
 1.1396875000000000E+01     9.1803154925786612E-02
 1.1440624999999999E+01     9.8966383157014809E-02
 1.1484374999999998E+01     1.0593347337494567E-01
 1.1528124999999999E+01     1.1270495692412835E-01
 1.1571874999999999E+01     1.1928145218349270E-01
 1.1615625000000000E+01     1.2566369438948377E-01
 1.1659374999999999E+01     1.3185256924601024E-01
 1.1703124999999998E+01     1.3784914965970169E-01
 1.1746874999999999E+01     1.4365473488006375E-01
 1.1790624999999999E+01     1.4927089126747117E-01
 1.1834375000000000E+01     1.5469949386036200E-01
 1.1878124999999999E+01     1.5994276786784301E-01
 1.1921874999999998E+01     1.6500332917819491E-01
 1.1965624999999999E+01     1.6988422294891442E-01
 1.2009374999999999E+01     1.7458895933271990E-01
 1.2053125000000000E+01     1.7912154539767672E-01
 1.2096874999999999E+01     1.8348651232047958E-01
 1.2140624999999998E+01     1.8768893697028283E-01
 1.2184374999999999E+01     1.9173445705798237E-01
 1.2228124999999999E+01     1.9562927910172939E-01
 1.2271875000000000E+01     1.9938017855395590E-01
 1.2315624999999999E+01     2.0299449154667223E-01
 1.2359374999999998E+01     2.0648009783888643E-01
 1.2403124999999999E+01     2.0984539469025576E-01
 1.2446874999999999E+01     2.1309926153587924E-01
 1.2490625000000000E+01     2.1625101549513917E-01
 1.2534374999999999E+01     2.1931035790972278E-01
 1.2578124999999998E+01     2.2228731226827658E-01
 1.2621874999999999E+01     2.2519215403529952E-01
 1.2665624999999999E+01     2.2803533305538828E-01
 1.2709375000000000E+01     2.3082738934981384E-01
 1.2753124999999999E+01     2.3357893961686799E-01
 1.2796874999999998E+01     2.3630169146052499E-01
 1.2840624999999999E+01     2.3900810063606520E-01
 1.2884374999999999E+01     2.4171038086783803E-01
 1.2928125000000000E+01     2.4442040803333467E-01
 1.2971874999999999E+01     2.4714965764858127E-01
 1.3015624999999998E+01     2.4990914979060072E-01
 1.3059374999999999E+01     2.5270940126396024E-01
 1.3103124999999999E+01     2.5556038495387201E-01
 1.3146875000000000E+01     2.5847149636562783E-01
 1.3190624999999999E+01     2.6145152735795457E-01
 1.3234374999999998E+01     2.6450864705495408E-01
 1.3278124999999999E+01     2.6765038987987511E-01
 1.3321874999999999E+01     2.7088365059954844E-01
 1.3365625000000000E+01     2.7421468620534351E-01
 1.3409374999999999E+01     2.7764912438540290E-01
 1.3453124999999998E+01     2.8119197826419318E-01
 1.3496874999999999E+01     2.8484766699930997E-01
 1.3540624999999999E+01     2.8862004173134448E-01
 1.3584375000000000E+01     2.9251241628221253E-01
 1.3628124999999999E+01     2.9652760189208932E-01
 1.3671874999999998E+01     3.0066794517737638E-01
 1.3715624999999999E+01     3.0493536838746160E-01
 1.3759374999999999E+01     3.0933141093915067E-01
 1.3803125000000000E+01     3.1385727112248790E-01
 1.3846874999999999E+01     3.1851384680407480E-01
 1.3890624999999998E+01     3.2330177391073245E-01
 1.3934374999999999E+01     3.2822146146273945E-01
 1.3978124999999999E+01     3.3327312194480252E-01
 1.4021875000000000E+01     3.3845679585876121E-01
 1.4065624999999999E+01     3.4377236939463257E-01
 1.4109374999999998E+01     3.4921958428535949E-01
 1.4153124999999999E+01     3.5479803907377816E-01
 1.4196874999999999E+01     3.6050718121171643E-01
 1.4240624999999998E+01     3.6634628962610050E-01
 1.4284374999999999E+01     3.7231444761722338E-01
 1.4328124999999998E+01     3.7841050619093181E-01
 1.4371874999999999E+01     3.8463303816222361E-01
 1.4415624999999999E+01     3.9098028359182163E-01
 1.4459374999999998E+01     3.9745008732234249E-01
 1.4503124999999999E+01     4.0403982956069884E-01
 1.4546874999999998E+01     4.1074635059978487E-01
 1.4590624999999999E+01     4.1756587088503366E-01
 1.4634374999999999E+01     4.2449390770600770E-01
 1.4678124999999998E+01     4.3152518983085064E-01
 1.4721874999999999E+01     4.3865357140598443E-01
 1.4765624999999998E+01     4.4587194641766914E-01
 1.4809374999999999E+01     4.5317216496382851E-01
 1.4853124999999999E+01     4.6054495252054156E-01
 1.4896874999999998E+01     4.6797983331479470E-01
 1.4940624999999999E+01     4.7546505884416762E-01
 1.4984374999999998E+01     4.8298754251881476E-01
 1.5028124999999999E+01     4.9053280135069055E-01
 1.5071874999999999E+01     4.9808490558247021E-01
 1.5115624999999998E+01     5.0562643713652600E-01
 1.5159374999999999E+01     5.1313845777433753E-01
 1.5203124999999998E+01     5.2060048788526125E-01
 1.5246874999999999E+01     5.2799049686883193E-01
 1.5290624999999999E+01     5.3528490612943580E-01
 1.5334374999999998E+01     5.4245860575970051E-01
 1.5378124999999999E+01     5.4948498604205398E-01
 1.5421874999999998E+01     5.5633598493598291E-01
 1.5465624999999999E+01     5.6298215273464847E-01
 1.5509374999999999E+01     5.6939273505896293E-01
 1.5553124999999998E+01     5.7553577530179612E-01
 1.5596874999999999E+01     5.8137823753392470E-01
 1.5640624999999998E+01     5.8688615072837835E-01
 1.5684374999999999E+01     5.9202477494844097E-01
 1.5728124999999999E+01     5.9675878987172626E-01
 1.5771874999999998E+01     6.0105250568650170E-01
 1.5815624999999999E+01     6.0487009599836328E-01
 1.5859374999999998E+01     6.0817585192430135E-01
 1.5903124999999999E+01     6.1093445603407792E-01
 1.5946874999999999E+01     6.1311202243190388E-01
 1.5990624999999998E+01     6.1468018488255993E-01
 1.6034375000000001E+01     6.1561361192704578E-01
 1.6078125000000000E+01     6.1588869305599281E-01
 1.6121874999999999E+01     6.1548390386668439E-01
 1.6165625000000002E+01     6.1438015323230755E-01
 1.6209375000000001E+01     6.1256110651423623E-01
 1.6253125000000001E+01     6.1001348076980921E-01
 1.6296875000000000E+01     6.0672730743354553E-01
 1.6340624999999999E+01     6.0269615789376774E-01
 1.6384375000000002E+01     5.9791732764444749E-01
 1.6428125000000001E+01     5.9239197519488263E-01
 1.6471875000000001E+01     5.8612521262093009E-01
 1.6515625000000000E+01     5.7912614550502139E-01
 1.6559374999999999E+01     5.7140786100497343E-01
 1.6603125000000002E+01     5.6298736387890624E-01
 1.6646875000000001E+01     5.5388546143675665E-01
 1.6690625000000001E+01     5.4412659954589004E-01
 1.6734375000000000E+01     5.3373865294354694E-01
 1.6778124999999999E+01     5.2275267415697690E-01
 1.6821874999999999E+01     5.1120260625880387E-01
 1.6865625000000001E+01     4.9912496545090890E-01
 1.6909375000000001E+01     4.8655850004430673E-01
 1.6953125000000000E+01     4.7354383276139489E-01
 1.6996874999999999E+01     4.6012309342085611E-01
 1.7040624999999999E+01     4.4633954897438161E-01
 1.7084375000000001E+01     4.3223723756068699E-01
 1.7128125000000001E+01     4.1786061274759040E-01
 1.7171875000000000E+01     4.0325420347907642E-01
 1.7215624999999999E+01     3.8846229446632413E-01
 1.7259374999999999E+01     3.7352863090039118E-01
 1.7303125000000001E+01     3.5849615045975891E-01
 1.7346875000000001E+01     3.4340674467641041E-01
 1.7390625000000000E+01     3.2830105084531247E-01
 1.7434374999999999E+01     3.1321827484246229E-01
 1.7478124999999999E+01     2.9819604448060727E-01
 1.7521875000000001E+01     2.8327029239485674E-01
 1.7565625000000001E+01     2.6847516692350248E-01
 1.7609375000000000E+01     2.5384296903621284E-01
 1.7653124999999999E+01     2.3940411306088663E-01
 1.7696874999999999E+01     2.2518710876642803E-01
 1.7740625000000001E+01     2.1121856226223668E-01
 1.7784375000000001E+01     1.9752319316444722E-01
 1.7828125000000000E+01     1.8412386554232202E-01
 1.7871874999999999E+01     1.7104163028025221E-01
 1.7915624999999999E+01     1.5829577666029951E-01
 1.7959375000000001E+01     1.4590389117264044E-01
 1.8003125000000001E+01     1.3388192178580730E-01
 1.8046875000000000E+01     1.2224424614449117E-01
 1.8090624999999999E+01     1.1100374240037933E-01
 1.8134374999999999E+01     1.0017186161348911E-01
 1.8178125000000001E+01     8.9758700881253206E-02
 1.8221875000000001E+01     7.9773076554498654E-02
 1.8265625000000000E+01     7.0222597080249416E-02
 1.8309374999999999E+01     6.1113735166814634E-02
 1.8353124999999999E+01     5.2451899096328913E-02
 1.8396875000000001E+01     4.4241503111021277E-02
 1.8440625000000001E+01     3.6486036873384843E-02
 1.8484375000000000E+01     2.9188134045917215E-02
 1.8528124999999999E+01     2.2349640055919384E-02
 1.8571874999999999E+01     1.5971679105701492E-02
 1.8615625000000001E+01     1.0054720461724774E-02
 1.8659375000000001E+01     4.5986440109543752E-03
 1.8703125000000000E+01    -3.9719498720688408E-04
 1.8746874999999999E+01    -4.9339020950889736E-03
 1.8790624999999999E+01    -9.0129810532351799E-03
 1.8834375000000001E+01    -1.2636272590189172E-02
 1.8878125000000001E+01    -1.5805895044412491E-02
 1.8921875000000000E+01    -1.8524187213972001E-02
 1.8965624999999999E+01    -2.0793653889048223E-02
 1.9009374999999999E+01    -2.2616914539636504E-02
 1.9053125000000001E+01    -2.3996655622780121E-02
 1.9096875000000001E+01    -2.4935592286387691E-02
 1.9140625000000000E+01    -2.5439498711211334E-02
 1.9184374999999999E+01    -2.5522320546566064E-02
 1.9228124999999999E+01    -2.5199288975706516E-02
 1.9271875000000001E+01    -2.4485546460410332E-02
 1.9315625000000001E+01    -2.3396137356768772E-02
 1.9359375000000000E+01    -2.1946003272175447E-02
 1.9403124999999999E+01    -2.0149983056532688E-02
 1.9446874999999999E+01    -1.8022817147872780E-02
 1.9490625000000001E+01    -1.5579155721604940E-02
 1.9534375000000001E+01    -1.2833569859803893E-02
 1.9578125000000000E+01    -9.8005647902162808E-03
 1.9621874999999999E+01    -6.4945941408597009E-03
 1.9665624999999999E+01    -2.9300741081611063E-03
 1.9709375000000001E+01     8.7860356417440147E-04
 1.9753125000000001E+01     4.9170608568528404E-03
 1.9796875000000000E+01     9.1709259817099112E-03
 1.9840624999999999E+01     1.3625830000627082E-02
 1.9884374999999999E+01     1.8267408302286299E-02
 1.9928125000000001E+01     2.3081307532195339E-02
 1.9971875000000001E+01     2.8053198408705772E-02
 2.0015625000000000E+01     3.3168794688178280E-02
 2.0059374999999999E+01     3.8413878371453013E-02
 2.0103124999999999E+01     4.3774331076518583E-02
 2.0146875000000001E+01     4.9236171342706581E-02
 2.0190625000000001E+01     5.4785597483821301E-02
 2.0234375000000000E+01     6.0409035474144425E-02
 2.0278124999999999E+01     6.6093191234484094E-02
 2.0321874999999999E+01     7.1825106586473980E-02
 2.0365625000000001E+01     7.7592218063913809E-02
 2.0409375000000001E+01     8.3382417709288587E-02
 2.0453125000000000E+01     8.9184114942322673E-02
 2.0496874999999999E+01     9.4986298564577909E-02
 2.0540624999999999E+01     1.0077859795884780E-01
 2.0584375000000001E+01     1.0655134255288204E-01
 2.0628125000000001E+01     1.1229561864269144E-01
 2.0671875000000000E+01     1.1800332270940103E-01
 2.0715624999999999E+01     1.2366721041326807E-01
 2.0759374999999999E+01     1.2928094050767269E-01
 2.0803125000000001E+01     1.3483911298182977E-01
 2.0846875000000001E+01     1.4033730081222862E-01
 2.0890625000000000E+01     1.4577207477716991E-01
 2.0934374999999999E+01     1.5114102086387651E-01
 2.0978124999999999E+01     1.5644274987271106E-01
 2.1021875000000001E+01     1.6167689889550044E-01
 2.1065625000000001E+01     1.6684412441405411E-01
 2.1109375000000000E+01     1.7194608682999377E-01
 2.1153124999999999E+01     1.7698542629657454E-01
 2.1196874999999999E+01     1.8196572977829562E-01
 2.1240625000000001E+01     1.8689148931387495E-01
 2.1284375000000001E+01     1.9176805150410164E-01
 2.1328125000000000E+01     1.9660155828884313E-01
 2.1371874999999999E+01     2.0139887911864993E-01
 2.1415624999999999E+01     2.0616753466750581E-01
 2.1459375000000001E+01     2.1091561227624761E-01
 2.1503125000000001E+01     2.1565167336279978E-01
 2.1546875000000000E+01     2.2038465308783348E-01
 2.1590624999999999E+01     2.2512375262360451E-01
 2.1634374999999999E+01     2.2987832444214351E-01
 2.1678125000000001E+01     2.3465775111591408E-01
 2.1721875000000001E+01     2.3947131821150347E-01
 2.1765625000000000E+01     2.4432808195283742E-01
 2.1809374999999999E+01     2.4923673243536607E-01
 2.1853124999999999E+01     2.5420545328323096E-01
 2.1896875000000001E+01     2.5924177875649262E-01
 2.1940625000000001E+01     2.6435244943061953E-01
 2.1984375000000000E+01     2.6954326768289666E-01
 2.2028124999999999E+01     2.7481895432514686E-01
 2.2071874999999999E+01     2.8018300781575800E-01
 2.2115625000000001E+01     2.8563756756121750E-01
 2.2159375000000001E+01     2.9118328287490647E-01
 2.2203125000000000E+01     2.9681918919475025E-01
 2.2246874999999999E+01     3.0254259316911719E-01
 2.2290624999999999E+01     3.0834902873828607E-01
 2.2334375000000001E+01     3.1423433650172061E-01
 2.2378125000000001E+01     3.2019520646911909E-01
 2.2421875000000000E+01     3.2622653440852012E-01
 2.2465624999999999E+01     3.3232127862418775E-01
 2.2509374999999999E+01     3.3847050460690059E-01
 2.2553125000000001E+01     3.4466343675074046E-01
 2.2596875000000001E+01     3.5088751946127150E-01
 2.2640625000000000E+01     3.5712848893436905E-01
 2.2684374999999999E+01     3.6337045620866887E-01
 2.2728124999999999E+01     3.6959600166392909E-01
 2.2771875000000001E+01     3.7578628086587451E-01
 2.2815625000000001E+01     3.8192114149238565E-01
 2.2859375000000000E+01     3.8797925097878527E-01
 2.2903124999999999E+01     3.9393823447004550E-01
 2.2946874999999999E+01     3.9977482264700659E-01
 2.2990625000000001E+01     4.0546500898955562E-01
 2.3034375000000001E+01     4.1098421604085267E-01
 2.3078125000000000E+01     4.1630747023263376E-01
 2.3121874999999999E+01     4.2140958481307067E-01
 2.3165624999999999E+01     4.2626535037621738E-01
 2.3209375000000001E+01     4.3084973241798530E-01
 2.3253125000000001E+01     4.3513807523111198E-01
 2.3296875000000000E+01     4.3910631129590449E-01
 2.3340624999999999E+01     4.4273117512209004E-01
 2.3384374999999999E+01     4.4599042025115854E-01
 2.3428125000000001E+01     4.4886303784109077E-01
 2.3471875000000001E+01     4.5132947493503878E-01
 2.3515625000000000E+01     4.5337185017341758E-01
 2.3559374999999999E+01     4.5497416436057597E-01
 2.3603124999999999E+01     4.5612250296168227E-01
 2.3646875000000001E+01     4.5680522730363493E-01
 2.3690625000000001E+01     4.5701315100889389E-01
 2.3734375000000000E+01     4.5673969802618408E-01
 2.3778124999999999E+01     4.5598103855858196E-01
 2.3821874999999999E+01     4.5473619924675635E-01
 2.3865625000000001E+01     4.5300714415632415E-01
 2.3909375000000001E+01     4.5079882345173583E-01
 2.3953125000000000E+01     4.4811918711483478E-01
 2.3996874999999999E+01     4.4497916167638429E-01
 2.4040624999999999E+01     4.4139258865725328E-01
 2.4084375000000001E+01     4.3737612423834016E-01
 2.4128125000000001E+01     4.3294910056379254E-01
 2.4171875000000000E+01     4.2813334999467145E-01
 2.4215624999999999E+01     4.2295299453068169E-01
 2.4259374999999999E+01     4.1743420346710608E-01
 2.4303125000000001E+01     4.1160492311463359E-01
 2.4346875000000001E+01     4.0549458304904529E-01
 2.4390625000000000E+01     3.9913378384994574E-01
 2.4434374999999999E+01     3.9255397161445543E-01
 2.4478124999999999E+01     3.8578710468527977E-01
 2.4521875000000001E+01     3.7886531801335316E-01
 2.4565625000000001E+01     3.7182059039279258E-01
 2.4609375000000000E+01     3.6468441947871494E-01
 2.4653124999999999E+01     3.5748750904959847E-01
 2.4696874999999999E+01     3.5025947243396360E-01
 2.4740625000000001E+01     3.4302855541632432E-01
 2.4784375000000001E+01     3.3582138130010353E-01
 2.4828125000000000E+01     3.2866272016480180E-01
 2.4871874999999999E+01     3.2157528373606881E-01
 2.4915624999999999E+01     3.1457954671309429E-01
 2.4959375000000001E+01     3.0769359488285497E-01
 2.5003125000000001E+01     3.0093299990781947E-01
 2.5046875000000000E+01     2.9431072030764172E-01
 2.5090624999999999E+01     2.8783702786780385E-01
 2.5134374999999999E+01     2.8151945849621335E-01
 2.5178125000000001E+01     2.7536278640524947E-01
 2.5221875000000001E+01     2.6936902041341160E-01
 2.5265625000000000E+01     2.6353742112639045E-01
 2.5309374999999999E+01     2.5786453776007334E-01
 2.5353124999999999E+01     2.5234426339665589E-01
 2.5396875000000001E+01     2.4696790750723435E-01
 2.5440625000000001E+01     2.4172428462044726E-01
 2.5484375000000000E+01     2.3660024235132687E-01
 2.5528124999999999E+01     2.3158502625412783E-01
 2.5571874999999999E+01     2.2666864196875292E-01
 2.5615625000000001E+01     2.2183916689504951E-01
 2.5659375000000001E+01     2.1708288168470757E-01
 2.5703125000000000E+01     2.1238445006324033E-01
 2.5746874999999999E+01     2.0772710168890224E-01
 2.5790624999999999E+01     2.0309281580297181E-01
 2.5834375000000001E+01     1.9846250353335704E-01
 2.5878125000000001E+01     1.9381618691091890E-01
 2.5921875000000000E+01     1.8913317287706702E-01
 2.5965624999999999E+01     1.8439222077921036E-01
 2.6009374999999999E+01     1.7957170206181997E-01
 2.6053125000000001E+01     1.7464975106628380E-01
 2.6096875000000001E+01     1.6960440605461630E-01
 2.6140625000000000E+01     1.6441373977307033E-01
 2.6184374999999999E+01     1.5905597907338681E-01
 2.6228124999999999E+01     1.5350961331333418E-01
 2.6271875000000001E+01     1.4775349146401964E-01
 2.6315625000000001E+01     1.4176690805949549E-01
 2.6359375000000000E+01     1.3552967833281221E-01
 2.6403124999999999E+01     1.2902220309048618E-01
 2.6446874999999999E+01     1.2222552408224586E-01
 2.6490625000000001E+01     1.1512137082179255E-01
 2.6534375000000001E+01     1.0769220000496424E-01
 2.6578125000000000E+01     9.9921228849973620E-02
 2.6621874999999999E+01     9.1792463847728545E-02
 2.6665624999999999E+01     8.3290726554687167E-02
 2.6709375000000001E+01     7.4401678182995076E-02
 2.6753125000000001E+01     6.5111844839802702E-02
 2.6796875000000000E+01     5.5408645336235789E-02
 2.6840624999999999E+01     4.5280423524143527E-02
 2.6884374999999999E+01     3.4716487122982177E-02
 2.6928125000000001E+01     2.3707154967814045E-02
 2.6971875000000001E+01     1.2243814540772535E-02
 2.7015625000000000E+01     3.1899154106948850E-04
 2.7059374999999999E+01    -1.2073566898721797E-02
 2.7103124999999999E+01    -2.4938793931157249E-02
 2.7146875000000001E+01    -3.8280188459188860E-02
 2.7190625000000001E+01    -5.2099683435465262E-02
 2.7234375000000000E+01    -6.6397496403661757E-02
 2.7278124999999999E+01    -8.1171962058410346E-02
 2.7321874999999999E+01    -9.6419347019521734E-02
 2.7365625000000001E+01    -1.1213364748839545E-01
 2.7409375000000001E+01    -1.2830637098358202E-01
 2.7453125000000000E+01    -1.4492630394074552E-01
 2.7496874999999999E+01    -1.6197926761336204E-01
 2.7540624999999999E+01    -1.7944786542450339E-01
 2.7584375000000001E+01    -1.9731122569684870E-01
 2.7628125000000001E+01    -2.1554474452292791E-01
 2.7671875000000000E+01    -2.3411983442077527E-01
 2.7715624999999999E+01    -2.5300368533685713E-01
 2.7759374999999999E+01    -2.7215904548352871E-01
 2.7803125000000001E+01    -2.9154403039981597E-01
 2.7846875000000001E+01    -3.1111196945725567E-01
 2.7890625000000000E+01    -3.3081129974217882E-01
 2.7934374999999999E+01    -3.5058551776458968E-01
 2.7978124999999999E+01    -3.7037319969646532E-01
 2.8021875000000001E+01    -3.9010810074480406E-01
 2.8065625000000001E+01    -4.0971934373252555E-01
 2.8109375000000000E+01    -4.2913170591208577E-01
 2.8153124999999999E+01    -4.4826601140384842E-01
 2.8196874999999999E+01    -4.6703963438771445E-01
 2.8240624999999998E+01    -4.8536711526770210E-01
 2.8284375000000001E+01    -5.0316088850263274E-01
 2.8328125000000000E+01    -5.2033211673196011E-01
 2.8371874999999999E+01    -5.3679162135605529E-01
 2.8415624999999999E+01    -5.5245089504840406E-01
 2.8459374999999998E+01    -5.6722317702497471E-01
 2.8503125000000001E+01    -5.8102456755565746E-01
 2.8546875000000000E+01    -5.9377515447964346E-01
 2.8590624999999999E+01    -6.0540012168170454E-01
 2.8634374999999999E+01    -6.1583080787101330E-01
 2.8678124999999998E+01    -6.2500751224397988E-01
 2.8721875000000001E+01    -6.3288691240030437E-01
 2.8765625000000000E+01    -6.3943679051486579E-01
 2.8809374999999999E+01    -6.4463416125267026E-01
 2.8853124999999999E+01    -6.4846561661339497E-01
 2.8896874999999998E+01    -6.5092748210918361E-01
 2.8940625000000001E+01    -6.5202578289417901E-01
 2.8984375000000000E+01    -6.5177602538880530E-01
 2.9028124999999999E+01    -6.5020280620909676E-01
 2.9071874999999999E+01    -6.4733926568931743E-01
 2.9115624999999998E+01    -6.4322640770872097E-01
 2.9159375000000001E+01    -6.3791231071990673E-01
 2.9203125000000000E+01    -6.3145125674717495E-01
 2.9246874999999999E+01    -6.2390280569127610E-01
 2.9290624999999999E+01    -6.1533084164174834E-01
 2.9334374999999998E+01    -6.0580261622374987E-01
 2.9378125000000001E+01    -5.9538781150361331E-01
 2.9421875000000000E+01    -5.8415764187815766E-01
 2.9465624999999999E+01    -5.7218401091303694E-01
 2.9509374999999999E+01    -5.5953873549454358E-01
 2.9553124999999998E+01    -5.4629284611029361E-01
 2.9596875000000001E+01    -5.3251596873335760E-01
 2.9640625000000000E+01    -5.1827579076940467E-01
 2.9684374999999999E+01    -5.0363761091396875E-01
 2.9728124999999999E+01    -4.8866397059924327E-01
 2.9771874999999998E+01    -4.7341436299522083E-01
 2.9815625000000001E+01    -4.5794501425314166E-01
 2.9859375000000000E+01    -4.4230873080476729E-01
 2.9903124999999999E+01    -4.2655480601173484E-01
 2.9946874999999999E+01    -4.1072897924041124E-01
 2.9990624999999998E+01    -3.9487344046351452E-01
 3.0034375000000001E+01    -3.7902687370449900E-01
 3.0078125000000000E+01    -3.6322453299534346E-01
 3.0121874999999999E+01    -3.4749834496746146E-01
 3.0165624999999999E+01    -3.3187703270270064E-01
 3.0209374999999998E+01    -3.1638625600611769E-01
 3.0253125000000001E+01    -3.0104876380105661E-01
 3.0296875000000000E+01    -2.8588455487298148E-01
 3.0340624999999999E+01    -2.7091104368889879E-01
 3.0384374999999999E+01    -2.5614322848670185E-01
 3.0428124999999998E+01    -2.4159385925854637E-01
 3.0471875000000001E+01    -2.2727360364264598E-01
 3.0515625000000000E+01    -2.1319120908834230E-01
 3.0559374999999999E+01    -1.9935365997169072E-01
 3.0603124999999999E+01    -1.8576632861442899E-01
 3.0646874999999998E+01    -1.7243311940112629E-01
 3.0690625000000001E+01    -1.5935660540026766E-01
 3.0734375000000000E+01    -1.4653815707745954E-01
 3.0778124999999999E+01    -1.3397806284624797E-01
 3.0821874999999999E+01    -1.2167564133660647E-01
 3.0865624999999998E+01    -1.0962934537563938E-01
 3.0909375000000001E+01    -9.7836857772004363E-02
 3.0953125000000000E+01    -8.6295179077014006E-02
 3.0996874999999999E+01    -7.5000707563671151E-02
 3.1040624999999999E+01    -6.3949311721640062E-02
 3.1084374999999998E+01    -5.3136395613350262E-02
 3.1128125000000001E+01    -4.2556957475174712E-02
 3.1171875000000000E+01    -3.2205641979801761E-02
 3.1215624999999999E+01    -2.2076786601910953E-02
 3.1259374999999999E+01    -1.2164462551132470E-02
 3.1303124999999998E+01    -2.4625107534760235E-03
 3.1346875000000001E+01     7.0354266230128644E-03
 3.1390625000000000E+01     1.6335878591347400E-02
 3.1434374999999999E+01     2.5445521201150227E-02
 3.1478124999999999E+01     3.4371156303795683E-02
 3.1521874999999998E+01     4.3119692699305913E-02
 3.1565625000000001E+01     5.1698129134751289E-02
 3.1609375000000000E+01     6.0113538623225091E-02
 3.1653124999999999E+01     6.8373053554746238E-02
 3.1696874999999999E+01     7.6483851074560905E-02
 3.1740624999999998E+01     8.4453138211914330E-02
 3.1784375000000001E+01     9.2288136252575828E-02
 3.1828125000000000E+01     9.9996063862089091E-02
 3.1871874999999999E+01     1.0758411848391783E-01
 3.1915624999999999E+01     1.1505945555733274E-01
 3.1959374999999998E+01     1.2242916512452524E-01
 3.2003124999999997E+01     1.2970024542447514E-01
 3.2046875000000000E+01     1.3687957310276203E-01
 3.2090625000000003E+01     1.4397386970176484E-01
 3.2134374999999999E+01     1.5098966413354617E-01
 3.2178125000000001E+01     1.5793325087875645E-01
 3.2221874999999997E+01     1.6481064369818371E-01
 3.2265625000000000E+01     1.7162752468913484E-01
 3.2309375000000003E+01     1.7838918856644997E-01
 3.2353124999999999E+01     1.8510048209846081E-01
 3.2396875000000001E+01     1.9176573868092828E-01
 3.2440624999999997E+01     1.9838870808933573E-01
 3.2484375000000000E+01     2.0497248151280736E-01
 3.2528125000000003E+01     2.1151941204268265E-01
 3.2571874999999999E+01     2.1803103087011094E-01
 3.2615625000000001E+01     2.2450795954046979E-01
 3.2659374999999997E+01     2.3094981872359607E-01
 3.2703125000000000E+01     2.3735513408970990E-01
 3.2746875000000003E+01     2.4372124003498880E-01
 3.2790624999999999E+01     2.5004418218081614E-01
 3.2834375000000001E+01     2.5631861977639819E-01
 3.2878124999999997E+01     2.6253772936627934E-01
 3.2921875000000000E+01     2.6869311133795509E-01
 3.2965625000000003E+01     2.7477470123411618E-01
 3.3009374999999999E+01     2.8077068799072102E-01
 3.3053125000000001E+01     2.8666744153209001E-01
 3.3096874999999997E+01     2.9244945240304998E-01
 3.3140625000000000E+01     2.9809928632757243E-01
 3.3184375000000003E+01     3.0359755673179667E-01
 3.3228124999999999E+01     3.0892291833857483E-01
 3.3271875000000001E+01     3.1405208490758468E-01
 3.3315624999999997E+01     3.1895987404352188E-01
 3.3359375000000000E+01     3.2361928170876908E-01
 3.3403125000000003E+01     3.2800158864748075E-01
 3.3446874999999999E+01     3.3207650035167430E-01
 3.3490625000000001E+01     3.3581232148081491E-01
 3.3534374999999997E+01     3.3917616479789203E-01
 3.3578125000000000E+01     3.4213419372747100E-01
 3.3621874999999996E+01     3.4465189660421719E-01
 3.3665624999999999E+01     3.4669438960145554E-01
 3.3709375000000001E+01     3.4822674424981320E-01
 3.3753124999999997E+01     3.4921433442543176E-01
 3.3796875000000000E+01     3.4962319675228726E-01
 3.3840624999999996E+01     3.4942039757519971E-01
 3.3884374999999999E+01     3.4857439906301524E-01
 3.3928125000000001E+01     3.4705541663515610E-01
 3.3971874999999997E+01     3.4483575980097436E-01
 3.4015625000000000E+01     3.4171541796043803E-01
 3.4059374999999996E+01     3.3570311364983918E-01
 3.4103124999999999E+01     3.2644997367610207E-01
 3.4146875000000001E+01     3.1429142119363451E-01
 3.4190624999999997E+01     2.9962757939430795E-01
 3.4234375000000000E+01     2.8290681739835905E-01
 3.4278124999999996E+01     2.6460671151522641E-01
 3.4321874999999999E+01     2.4521327605927040E-01
 3.4365625000000001E+01     2.2519979015455399E-01
 3.4409374999999997E+01     2.0500657862111327E-01
 3.4453125000000000E+01     1.8502296494727699E-01
 3.4496874999999996E+01     1.6557243937282209E-01
 3.4540624999999999E+01     1.4690191942314995E-01
 3.4584375000000001E+01     1.2917581421900182E-01
 3.4628124999999997E+01     1.1247539747250360E-01
 3.4671875000000000E+01     9.6803696133864747E-02
 3.4715624999999996E+01     8.2095675247042046E-02
 3.4759374999999999E+01     6.8232951719977383E-02
 3.4803125000000001E+01     5.5061672857661219E-02
 3.4846874999999997E+01     4.2411683875087182E-02
 3.4890625000000000E+01     3.0114840679201459E-02
 3.4934374999999996E+01     1.8020421693643176E-02
 3.4978124999999999E+01     6.0060853827249546E-03
