#                  time                       real
 2.1874999999999999E-02    -1.3463605814991260E-02
 6.5624999999999989E-02    -4.0711039151907664E-02
 1.0937500000000000E-01    -6.8444933514655859E-02
 1.5312499999999998E-01    -9.6783621112176366E-02
 1.9687499999999999E-01    -1.2584639952460769E-01
 2.4062500000000001E-01    -1.5567594054217779E-01
 2.8437499999999993E-01    -1.8614381079675368E-01
 3.2812499999999994E-01    -2.1685273333747412E-01
 3.7187499999999996E-01    -2.4706223097692698E-01
 4.1562499999999997E-01    -2.7567632454974406E-01
 4.5937499999999998E-01    -3.0133446782953738E-01
 5.0312499999999993E-01    -3.2262923016463557E-01
 5.4687499999999989E-01    -3.3843059492456806E-01
 5.9062499999999996E-01    -3.4823611774376156E-01
 6.3437499999999991E-01    -3.5241767111988365E-01
 6.7812499999999998E-01    -3.5223838672097868E-01
 7.2187499999999993E-01    -3.4958941063711318E-01
 7.6562499999999989E-01    -3.4652061587800348E-01
 8.0937499999999996E-01    -3.4474282665593503E-01
 8.5312499999999991E-01    -3.4529187069252265E-01
 8.9687499999999998E-01    -3.4845531422583548E-01
 9.4062499999999993E-01    -3.5393151426628167E-01
 9.8437499999999989E-01    -3.6110097812741782E-01
 1.0281250000000000E+00    -3.6916224231337991E-01
 1.0718749999999999E+00    -3.7714244273638059E-01
 1.1156250000000001E+00    -3.8474844034911448E-01
 1.1593750000000000E+00    -3.9186057384770923E-01
 1.2031250000000000E+00    -3.9843003504611579E-01
 1.2468750000000000E+00    -4.0444709692863812E-01
 1.2906249999999999E+00    -4.0992231563712556E-01
 1.3343750000000001E+00    -4.1487550501696396E-01
 1.3781250000000000E+00    -4.1932937585246699E-01
 1.4218750000000000E+00    -4.2330597431832739E-01
 1.4656250000000000E+00    -4.2682479600058087E-01
 1.5093749999999999E+00    -4.2990189730830852E-01
 1.5531250000000001E+00    -4.3254959492209777E-01
 1.5968750000000000E+00    -4.3477650675297197E-01
 1.6406250000000000E+00    -4.3658778669610709E-01
 1.6843750000000000E+00    -4.3798546538706973E-01
 1.7281249999999999E+00    -4.3896884535071445E-01
 1.7718750000000001E+00    -4.3953492057986276E-01
 1.8156250000000000E+00    -4.3967880332291243E-01
 1.8593750000000000E+00    -4.3939414816746358E-01
 1.9031250000000000E+00    -4.3867356753468562E-01
 1.9468749999999999E+00    -4.3750903478484909E-01
 1.9906249999999999E+00    -4.3589227211306242E-01
 2.0343749999999998E+00    -4.3381512079953505E-01
 2.0781250000000000E+00    -4.3126989148148226E-01
 2.1218749999999997E+00    -4.2824969211537911E-01
 2.1656249999999999E+00    -4.2474873129420826E-01
 2.2093750000000001E+00    -4.2076259462221577E-01
 2.2531249999999998E+00    -4.1628849194243384E-01
 2.2968750000000000E+00    -4.1132547336125813E-01
 2.3406249999999997E+00    -4.0587461221096122E-01
 2.3843749999999999E+00    -3.9993915333122693E-01
 2.4281250000000001E+00    -3.9352462532937060E-01
 2.4718749999999998E+00    -3.8663891579668230E-01
 2.5156250000000000E+00    -3.7929230882026221E-01
 2.5593749999999997E+00    -3.7149748453692438E-01
 2.6031249999999999E+00    -3.6326948093504352E-01
 2.6468750000000001E+00    -3.5462561861905684E-01
 2.6906249999999998E+00    -3.4558538980619968E-01
 2.7343750000000000E+00    -3.3617031341670545E-01
 2.7781249999999997E+00    -3.2640375873127891E-01
 2.8218749999999999E+00    -3.1631074070485149E-01
 2.8656250000000001E+00    -3.0591769061999979E-01
 2.9093749999999998E+00    -2.9525220631246618E-01
 2.9531250000000000E+00    -2.8434278667983770E-01
 2.9968749999999997E+00    -2.7321855556734742E-01
 3.0406249999999999E+00    -2.6190898039051874E-01
 3.0843750000000001E+00    -2.5044359098345315E-01
 3.1281249999999998E+00    -2.3885170413985179E-01
 3.1718750000000000E+00    -2.2716215913400331E-01
 3.2156249999999997E+00    -2.1540306916854587E-01
 3.2593749999999999E+00    -2.0360159320234639E-01
 3.3031250000000001E+00    -1.9178373197905868E-01
 3.3468749999999998E+00    -1.7997415132737757E-01
 3.3906250000000000E+00    -1.6819603496666935E-01
 3.4343749999999997E+00    -1.5647096816102476E-01
 3.4781249999999999E+00    -1.4481885265857164E-01
 3.5218750000000001E+00    -1.3325785246980903E-01
 3.5656249999999998E+00    -1.2180436921552787E-01
 3.6093750000000000E+00    -1.1047304504447829E-01
 3.6531249999999997E+00    -9.9276790508891322E-02
 3.6968749999999999E+00    -8.8226834312077118E-02
 3.7406249999999996E+00    -7.7332791515034249E-02
 3.7843749999999998E+00    -6.6602746611063704E-02
 3.8281250000000000E+00    -5.6043347841401435E-02
 3.8718749999999997E+00    -4.5659909218358538E-02
 3.9156249999999999E+00    -3.5456516926878942E-02
 3.9593749999999996E+00    -2.5436137069720310E-02
 4.0031249999999998E+00    -1.5600722082480227E-02
 4.0468749999999991E+00    -5.9513135499956338E-03
 4.0906249999999993E+00     3.5118604166460717E-03
 4.1343749999999995E+00     1.2789294651449009E-02
 4.1781249999999996E+00     2.1882124243165088E-02
 4.2218749999999989E+00     3.0792050278970032E-02
 4.2656249999999991E+00     3.9521274258393885E-02
 4.3093749999999993E+00     4.8072441095180302E-02
 4.3531249999999995E+00     5.6448590350788017E-02
 4.3968749999999996E+00     6.4653115115094625E-02
 4.4406249999999989E+00     7.2689727767373064E-02
 4.4843749999999991E+00     8.0562431711156401E-02
 4.5281249999999993E+00     8.8275498078276921E-02
 4.5718749999999995E+00     9.5833446335503752E-02
 4.6156249999999996E+00     1.0324102769898333E-01
 4.6593749999999989E+00     1.1050321026237625E-01
 4.7031249999999991E+00     1.1762516477076654E-01
 4.7468749999999993E+00     1.2461225001995986E-01
 4.7906249999999995E+00     1.3146999692633426E-01
 4.8343749999999996E+00     1.3820409039278572E-01
 4.8781249999999989E+00     1.4482034818807288E-01
 4.9218749999999991E+00     1.5132469615765642E-01
 4.9656249999999993E+00     1.5772313919111375E-01
 5.0093749999999995E+00     1.6402172748219102E-01
 5.0531249999999996E+00     1.7022651773024683E-01
 5.0968749999999989E+00     1.7634352904422540E-01
 5.1406249999999991E+00     1.8237869342096080E-01
 5.1843749999999993E+00     1.8833780077645407E-01
 5.2281249999999995E+00     1.9422643861072619E-01
 5.2718749999999996E+00     2.0004992648288195E-01
 5.3156249999999989E+00     2.0581324556215397E-01
 5.3593749999999991E+00     2.1152096360225078E-01
 5.4031249999999993E+00     2.1717715576099955E-01
 5.4468749999999995E+00     2.2278532175393384E-01
 5.4906249999999996E+00     2.2834829989139588E-01
 5.5343749999999989E+00     2.3386817860318454E-01
 5.5781249999999991E+00     2.3934620610571100E-01
 5.6218749999999993E+00     2.4478269891457710E-01
 5.6656249999999995E+00     2.5017694995232631E-01
 5.7093749999999996E+00     2.5552713704906155E-01
 5.7531249999999989E+00     2.6083023268367567E-01
 5.7968749999999991E+00     2.6608191586721053E-01
 5.8406249999999993E+00     2.7127648712790836E-01
 5.8843749999999995E+00     2.7640678761967263E-01
 5.9281249999999996E+00     2.8146412344154170E-01
 5.9718749999999989E+00     2.8643819632275658E-01
 6.0156249999999991E+00     2.9131704189365620E-01
 6.0593749999999993E+00     2.9608697682289187E-01
 6.1031249999999995E+00     3.0073255615055289E-01
 6.1468749999999996E+00     3.0523654217979607E-01
 6.1906249999999989E+00     3.0957988629929772E-01
 6.2343749999999991E+00     3.1374172508810882E-01
 6.2781249999999993E+00     3.1769939199817898E-01
 6.3218749999999995E+00     3.2142844580936059E-01
 6.3656249999999996E+00     3.2490271728506831E-01
 6.4093749999999989E+00     3.2809900356839122E-01
 6.4531249999999991E+00     3.3100869138830047E-01
 6.4968749999999993E+00     3.3362525042397984E-01
 6.5406249999999995E+00     3.3594087451437316E-01
 6.5843749999999996E+00     3.3794665922744554E-01
 6.6281249999999989E+00     3.3963278667181973E-01
 6.6718749999999991E+00     3.4098871728377261E-01
 6.7156249999999993E+00     3.4200338727485724E-01
 6.7593749999999995E+00     3.4266540988645311E-01
 6.8031249999999996E+00     3.4296327828666379E-01
 6.8468749999999989E+00     3.4288556775967038E-01
 6.8906249999999991E+00     3.4242113474031605E-01
 6.9343749999999993E+00     3.4155931022350028E-01
 6.9781249999999995E+00     3.4029008512177672E-01
 7.0218749999999996E+00     3.3860428525271530E-01
 7.0656249999999989E+00     3.3649373380470660E-01
 7.1093749999999991E+00     3.3395139935220020E-01
 7.1531249999999993E+00     3.3097152776150507E-01
 7.1968749999999995E+00     3.2754975663878377E-01
 7.2406249999999988E+00     3.2368321131364869E-01
 7.2843749999999989E+00     3.1937058171436539E-01
 7.3281249999999991E+00     3.1461217986367201E-01
 7.3718749999999993E+00     3.0940997809605303E-01
 7.4156249999999995E+00     3.0376762845772154E-01
 7.4593749999999988E+00     2.9769046408866839E-01
 7.5031249999999989E+00     2.9118548369260239E-01
 7.5468749999999991E+00     2.8426132046786656E-01
 7.5906249999999993E+00     2.7692819709238575E-01
 7.6343749999999995E+00     2.6919786852496591E-01
 7.6781249999999988E+00     2.6108355449899640E-01
 7.7218749999999989E+00     2.5259986364183351E-01
 7.7656249999999991E+00     2.4376271115366369E-01
 7.8093749999999993E+00     2.3458923192492293E-01
 7.8531249999999995E+00     2.2509769086449069E-01
 7.8968749999999988E+00     2.1530739205552010E-01
 7.9406249999999989E+00     2.0523858815862914E-01
 7.9843749999999991E+00     1.9491239124811355E-01
 8.0281249999999993E+00     1.8435068600475424E-01
 8.0718749999999986E+00     1.7357604590642689E-01
 8.1156249999999996E+00     1.6261165276518680E-01
 8.1593749999999989E+00     1.5148121966657849E-01
 8.2031250000000000E+00     1.4020891708572533E-01
 8.2468749999999993E+00     1.2881930169723355E-01
 8.2906249999999986E+00     1.1733724717440568E-01
 8.3343749999999996E+00     1.0578787610126247E-01
 8.3781249999999989E+00     9.4196492009849087E-02
 8.4218749999999982E+00     8.2588510516856728E-02
 8.4656249999999993E+00     7.0989388575758691E-02
 8.5093749999999986E+00     5.9424550989027256E-02
 8.5531249999999996E+00     4.7919313540150263E-02
 8.5968749999999989E+00     3.6498802402291600E-02
 8.6406249999999982E+00     2.5187869849016432E-02
 8.6843749999999993E+00     1.4011006714562169E-02
 8.7281249999999986E+00     2.9922525045582831E-03
 8.7718749999999996E+00    -7.8448954866972617E-03
 8.8156249999999989E+00    -1.8477572270090122E-02
 8.8593749999999982E+00    -2.8883632320491130E-02
 8.9031249999999993E+00    -3.9041731383767951E-02
 8.9468749999999986E+00    -4.8931400364949050E-02
 8.9906249999999996E+00    -5.8533108719558843E-02
 9.0343749999999989E+00    -6.7828314908905049E-02
 9.0781249999999982E+00    -7.6799501767302478E-02
 9.1218749999999993E+00    -8.5430195052455110E-02
 9.1656249999999986E+00    -9.3704963986310438E-02
 9.2093749999999996E+00    -1.0160940321075865E-01
 9.2531249999999989E+00    -1.0913009624177031E-01
 9.2968749999999982E+00    -1.1625456116627431E-01
 9.3406249999999993E+00    -1.2297117994778402E-01
 9.3843749999999986E+00    -1.2926911325256360E-01
 9.4281249999999996E+00    -1.3513820314967040E-01
 9.4718749999999989E+00    -1.4056886635425056E-01
 9.5156249999999982E+00    -1.4555198086423182E-01
 9.5593749999999993E+00    -1.5007889030872545E-01
 9.6031249999999986E+00    -1.5414931266803258E-01
 9.6468749999999996E+00    -1.5777623106629413E-01
 9.6906249999999989E+00    -1.6097383411661700E-01
 9.7343749999999982E+00    -1.6375622917690166E-01
 9.7781249999999993E+00    -1.6613735735309448E-01
 9.8218749999999986E+00    -1.6813091680104345E-01
 9.8656249999999996E+00    -1.6975029537138958E-01
 9.9093749999999989E+00    -1.7100851307803322E-01
 9.9531249999999982E+00    -1.7191817445608279E-01
 9.9968749999999993E+00    -1.7249143055570904E-01
 1.0040624999999999E+01    -1.7273995007200438E-01
 1.0084375000000000E+01    -1.7267489892749410E-01
 1.0128124999999999E+01    -1.7230692749676182E-01
 1.0171874999999998E+01    -1.7164616458314438E-01
 1.0215624999999999E+01    -1.7070221722224052E-01
 1.0259374999999999E+01    -1.6948417538496946E-01
 1.0303125000000000E+01    -1.6800062068099733E-01
 1.0346874999999999E+01    -1.6625963821247344E-01
 1.0390624999999998E+01    -1.6426883079368093E-01
 1.0434374999999999E+01    -1.6203533482930677E-01
 1.0478124999999999E+01    -1.5956583722735521E-01
 1.0521875000000000E+01    -1.5686659281004461E-01
 1.0565624999999999E+01    -1.5394344177413807E-01
 1.0609374999999998E+01    -1.5080182683809071E-01
 1.0653124999999999E+01    -1.4744680979791872E-01
 1.0696874999999999E+01    -1.4388308729297961E-01
 1.0740625000000000E+01    -1.4011500565864565E-01
 1.0784374999999999E+01    -1.3614657481348078E-01
 1.0828124999999998E+01    -1.3198148119359687E-01
 1.0871874999999999E+01    -1.2762309980775355E-01
 1.0915624999999999E+01    -1.2307450554120751E-01
 1.0959375000000000E+01    -1.1833848388667664E-01
 1.1003124999999999E+01    -1.1341754132527573E-01
 1.1046874999999998E+01    -1.0831391561955396E-01
 1.1090624999999999E+01    -1.0302958631520412E-01
 1.1134374999999999E+01    -9.7566285776435557E-02
 1.1178125000000000E+01    -9.1925511103073468E-02
 1.1221874999999999E+01    -8.6108537294705814E-02
 1.1265624999999998E+01    -8.0116432037977178E-02
 1.1309374999999999E+01    -7.3950072497475844E-02
 1.1353124999999999E+01    -6.7610164487807378E-02
 1.1396875000000000E+01    -6.1097264394294873E-02
 1.1440624999999999E+01    -5.4411804191128788E-02
 1.1484374999999998E+01    -4.7554119879072612E-02
 1.1528124999999999E+01    -4.0524483628753091E-02
 1.1571874999999999E+01    -3.3323139869969293E-02
 1.1615625000000000E+01    -2.5950345512312283E-02
 1.1659374999999999E+01    -1.8406414416728044E-02
 1.1703124999999998E+01    -1.0691766162191512E-02
 1.1746874999999999E+01    -2.8069790657869820E-03
 1.1790624999999999E+01     5.2471526806855042E-03
 1.1834375000000000E+01     1.3469557999083715E-02
 1.1878124999999999E+01     2.1858824392222233E-02
 1.1921874999999998E+01     3.0413130363453826E-02
 1.1965624999999999E+01     3.9130175386222828E-02
 1.2009374999999999E+01     4.8007108148904062E-02
 1.2053125000000000E+01     5.7040453928106229E-02
 1.2096874999999999E+01     6.6226042069528201E-02
 1.2140624999999998E+01     7.5558934675447970E-02
 1.2184374999999999E+01     8.5033357709230206E-02
 1.2228124999999999E+01     9.4642635825080368E-02
 1.2271875000000000E+01     1.0437913231244067E-01
 1.2315624999999999E+01     1.1423419560402108E-01
 1.2359374999999998E+01     1.2419811383057409E-01
 1.2403124999999999E+01     1.3426007891005068E-01
 1.2446874999999999E+01     1.4440816162915851E-01
 1.2490625000000000E+01     1.5462929910927534E-01
 1.2534374999999999E+01     1.6490929594192202E-01
 1.2578124999999998E+01     1.7523284013023041E-01
 1.2621874999999999E+01     1.8558353478083733E-01
 1.2665624999999999E+01     1.9594394625545503E-01
 1.2709375000000000E+01     2.0629566921408013E-01
 1.2753124999999999E+01     2.1661956457411818E-01
 1.2796874999999998E+01     2.2689812124608205E-01
 1.2840624999999999E+01     2.3711505714544395E-01
 1.2884374999999999E+01     2.4725358867731687E-01
 1.2928125000000000E+01     2.5729651695022271E-01
 1.2971874999999999E+01     2.6722637796030746E-01
 1.3015624999999998E+01     2.7702560196465204E-01
 1.3059374999999999E+01     2.8667667902237537E-01
 1.3103124999999999E+01     2.9616232770178963E-01
 1.3146875000000000E+01     3.0546566395544256E-01
 1.3190624999999999E+01     3.1457036718735870E-01
 1.3234374999999998E+01     3.2346084059918156E-01
 1.3278124999999999E+01     3.3212236301778575E-01
 1.3321874999999999E+01     3.4054122958032873E-01
 1.3365625000000000E+01     3.4870487888667995E-01
 1.3409374999999999E+01     3.5660200451906832E-01
 1.3453124999999998E+01     3.6422264917082403E-01
 1.3496874999999999E+01     3.7155828001033192E-01
 1.3540624999999999E+01     3.7860184432240740E-01
 1.3584375000000000E+01     3.8534780490552101E-01
 1.3628124999999999E+01     3.9179215514504995E-01
 1.3671874999999998E+01     3.9793241411648161E-01
 1.3715624999999999E+01     4.0376760248464283E-01
 1.3759374999999999E+01     4.0929820034096098E-01
 1.3803125000000000E+01     4.1452608845007860E-01
 1.3846874999999999E+01     4.1945447464844154E-01
 1.3890624999999998E+01     4.2408780734344670E-01
 1.3934374999999999E+01     4.2843167819773115E-01
 1.3978124999999999E+01     4.3249271614587803E-01
 1.4021875000000000E+01     4.3627847488257010E-01
 1.4065624999999999E+01     4.3979731588485016E-01
 1.4109374999999998E+01     4.4305828889345467E-01
 1.4153124999999999E+01     4.4607101158964302E-01
 1.4196874999999999E+01     4.4884554997366144E-01
 1.4240624999999998E+01     4.5139230069409075E-01
 1.4284374999999999E+01     4.5372187630629851E-01
 1.4328124999999998E+01     4.5584499416678831E-01
 1.4371874999999999E+01     4.5777236941396598E-01
 1.4415624999999999E+01     4.5951461225525669E-01
 1.4459374999999998E+01     4.6108212958791550E-01
 1.4503124999999999E+01     4.6248503083549031E-01
 1.4546874999999998E+01     4.6373303778859937E-01
 1.4590624999999999E+01     4.6483539820261488E-01
 1.4634374999999999E+01     4.6580080292502918E-01
 1.4678124999999998E+01     4.6663730639866413E-01
 1.4721874999999999E+01     4.6735225050839929E-01
 1.4765624999999998E+01     4.6795219189803133E-01
 1.4809374999999999E+01     4.6844283307013052E-01
 1.4853124999999999E+01     4.6882895778071620E-01
 1.4896874999999998E+01     4.6911437143754531E-01
 1.4940624999999999E+01     4.6930184739099901E-01
 1.4984374999999998E+01     4.6939308015369102E-01
 1.5028124999999999E+01     4.6938864668677971E-01
 1.5071874999999999E+01     4.6928797693450647E-01
 1.5115624999999998E+01     4.6908933476508397E-01
 1.5159374999999999E+01     4.6878981038226442E-01
 1.5203124999999998E+01     4.6838532510328629E-01
 1.5246874999999999E+01     4.6787064916210935E-01
 1.5290624999999999E+01     4.6723943289676884E-01
 1.5334374999999998E+01     4.6648425132836502E-01
 1.5378124999999999E+01     4.6559666175238063E-01
 1.5421874999999998E+01     4.6456727355635241E-01
 1.5465624999999999E+01     4.6338582907241144E-01
 1.5509374999999999E+01     4.6204129388760934E-01
 1.5553124999999998E+01     4.6052195468895374E-01
 1.5596874999999999E+01     4.5881552243299767E-01
 1.5640624999999998E+01     4.5690923841537651E-01
 1.5684374999999999E+01     4.5478998068914700E-01
 1.5728124999999999E+01     4.5244436824973033E-01
 1.5771874999999998E+01     4.4985886047349100E-01
 1.5815624999999999E+01     4.4701984946943885E-01
 1.5859374999999998E+01     4.4391374327267408E-01
 1.5903124999999999E+01     4.4052703816872096E-01
 1.5946874999999999E+01     4.3684813847042803E-01
 1.5990624999999998E+01     4.3287628828980229E-01
 1.6034375000000001E+01     4.2861495631831348E-01
 1.6078125000000000E+01     4.2406790488801882E-01
 1.6121874999999999E+01     4.1923921019177446E-01
 1.6165625000000002E+01     4.1413327283384910E-01
 1.6209375000000001E+01     4.0875481543975123E-01
 1.6253125000000001E+01     4.0310887053997674E-01
 1.6296875000000000E+01     3.9720076185862041E-01
 1.6340624999999999E+01     3.9103608212203222E-01
 1.6384375000000002E+01     3.8462067043021875E-01
 1.6428125000000001E+01     3.7796059205235921E-01
 1.6471875000000001E+01     3.7106212320033943E-01
 1.6515625000000000E+01     3.6393174290492558E-01
 1.6559374999999999E+01     3.5657613358397089E-01
 1.6603125000000002E+01     3.4900219127809101E-01
 1.6646875000000001E+01     3.4121704587032609E-01
 1.6690625000000001E+01     3.3322809093987710E-01
 1.6734375000000000E+01     3.2504302226556642E-01
 1.6778124999999999E+01     3.1666988342896030E-01
 1.6821874999999999E+01     3.0811711650249107E-01
 1.6865625000000001E+01     2.9939361546981264E-01
 1.6909375000000001E+01     2.9050877982964252E-01
 1.6953125000000000E+01     2.8147256578687868E-01
 1.6996874999999999E+01     2.7229553253114347E-01
 1.7040624999999999E+01     2.6298888132991682E-01
 1.7084375000000001E+01     2.5356448549933180E-01
 1.7128125000000001E+01     2.4403490973331410E-01
 1.7171875000000000E+01     2.3441341774150293E-01
 1.7215624999999999E+01     2.2471396763599480E-01
 1.7259374999999999E+01     2.1495119498917278E-01
 1.7303125000000001E+01     2.0514038393202538E-01
 1.7346875000000001E+01     1.9529742705611661E-01
 1.7390625000000000E+01     1.8543877520673124E-01
 1.7434374999999999E+01     1.7558137850232894E-01
 1.7478124999999999E+01     1.6574262008370513E-01
 1.7521875000000001E+01     1.5594024418776201E-01
 1.7565625000000001E+01     1.4619228016255603E-01
 1.7609375000000000E+01     1.3651696400251112E-01
 1.7653124999999999E+01     1.2693265889668262E-01
 1.7696874999999999E+01     1.1745777616156079E-01
 1.7740625000000001E+01     1.0811069778511204E-01
 1.7784375000000001E+01     9.8909701651947540E-02
 1.7828125000000000E+01     8.9872890360484431E-02
 1.7871874999999999E+01     8.1018124389311996E-02
 1.7915624999999999E+01     7.2362960228090259E-02
 1.7959375000000001E+01     6.3924593961470655E-02
 1.8003125000000001E+01     5.5719810685639158E-02
 1.8046875000000000E+01     4.7764940045642836E-02
 1.8090624999999999E+01     4.0075818107898960E-02
 1.8134374999999999E+01     3.2667755723137203E-02
 1.8178125000000001E+01     2.5555513488751836E-02
 1.8221875000000001E+01     1.8753283382116601E-02
 1.8265625000000000E+01     1.2274677104930576E-02
 1.8309374999999999E+01     6.1327211491412079E-03
 1.8353124999999999E+01     3.3985856436762280E-04
 1.8396875000000001E+01    -5.0920426282052341E-03
 1.8440625000000001E+01    -1.0151674472208962E-02
 1.8484375000000000E+01    -1.4828267710083049E-02
 1.8528124999999999E+01    -1.9111564222439814E-02
 1.8571874999999999E+01    -2.2991783551447879E-02
 1.8615625000000001E+01    -2.6459583867681730E-02
 1.8659375000000001E+01    -2.9506017829137594E-02
 1.8703125000000000E+01    -3.2122483876682123E-02
 1.8746874999999999E+01    -3.4300673608644361E-02
 1.8790624999999999E+01    -3.6032515975142995E-02
 1.8834375000000001E+01    -3.7310119124751830E-02
 1.8878125000000001E+01    -3.8125710818010042E-02
 1.8921875000000000E+01    -3.8471578388193664E-02
 1.8965624999999999E+01    -3.8340009274890903E-02
 1.9009374999999999E+01    -3.7723233175371171E-02
 1.9053125000000001E+01    -3.6613366848343556E-02
 1.9096875000000001E+01    -3.5002374943032238E-02
 1.9140625000000000E+01    -3.2889126303730649E-02
 1.9184374999999999E+01    -3.0291266139003490E-02
 1.9228124999999999E+01    -2.7229325160756962E-02
 1.9271875000000001E+01    -2.3723574148955186E-02
 1.9315625000000001E+01    -1.9794018154724133E-02
 1.9359375000000000E+01    -1.5460387736831385E-02
 1.9403124999999999E+01    -1.0742130630857891E-02
 1.9446874999999999E+01    -5.6584052456152738E-03
 1.9490625000000001E+01    -2.2807638411098457E-04
 1.9534375000000001E+01     5.5302869364742191E-03
 1.9578125000000000E+01     1.1598411971703759E-02
 1.9621874999999999E+01     1.7958321592275384E-02
 1.9665624999999999E+01     2.4592333085709794E-02
 1.9709375000000001E+01     3.1483057015026350E-02
 1.9753125000000001E+01     3.8613396679865047E-02
 1.9796875000000000E+01     4.5966548638839436E-02
 1.9840624999999999E+01     5.3526004639520397E-02
 1.9884374999999999E+01     6.1275555173215743E-02
 1.9928125000000001E+01     6.9199294733709796E-02
 1.9971875000000001E+01     7.7281628719826537E-02
 2.0015625000000000E+01     8.5507281788591863E-02
 2.0059374999999999E+01     9.3861307344760600E-02
 2.0103124999999999E+01     1.0232909774914975E-01
 2.0146875000000001E+01     1.1089639474670702E-01
 2.0190625000000001E+01     1.1954929955819632E-01
 2.0234375000000000E+01     1.2827428204845789E-01
 2.0278124999999999E+01     1.3705818837979544E-01
 2.0321874999999999E+01     1.4588824657978830E-01
 2.0365625000000001E+01     1.5475206949714543E-01
 2.0409375000000001E+01     1.6363765468357358E-01
 2.0453125000000000E+01     1.7253338082095757E-01
 2.0496874999999999E+01     1.8142800040667961E-01
 2.0540624999999999E+01     1.9031062851166325E-01
 2.0584375000000001E+01     1.9917072753100157E-01
 2.0628125000000001E+01     2.0799808795143532E-01
 2.0671875000000000E+01     2.1678280525991628E-01
 2.0715624999999999E+01     2.2551525320882615E-01
 2.0759374999999999E+01     2.3418605373419366E-01
 2.0803125000000001E+01     2.4278604389035968E-01
 2.0846875000000001E+01     2.5130624021723857E-01
 2.0890625000000000E+01     2.5973780099334420E-01
 2.0934374999999999E+01     2.6807198684961903E-01
 2.0978124999999999E+01     2.7630012022600897E-01
 2.1021875000000001E+01     2.8441354414601067E-01
 2.1065625000000001E+01     2.9240358076586742E-01
 2.1109375000000000E+01     3.0026149012646464E-01
 2.1153124999999999E+01     3.0797842949949433E-01
 2.1196874999999999E+01     3.1554541367791950E-01
 2.1240625000000001E+01     3.2295327651565758E-01
 2.1284375000000001E+01     3.3019263397579313E-01
 2.1328125000000000E+01     3.3725384890184029E-01
 2.1371874999999999E+01     3.4412699768469557E-01
 2.1415624999999999E+01     3.5080183896044725E-01
 2.1459375000000001E+01     3.5726778444151652E-01
 2.1503125000000001E+01     3.6351387195697638E-01
 2.1546875000000000E+01     3.6952874075686493E-01
 2.1590624999999999E+01     3.7530060911981145E-01
 2.1634374999999999E+01     3.8081725429268648E-01
 2.1678125000000001E+01     3.8606599478396475E-01
 2.1721875000000001E+01     3.9103367502771219E-01
 2.1765625000000000E+01     3.9570665243110981E-01
 2.1809374999999999E+01     4.0007078681351943E-01
 2.1853124999999999E+01     4.0411143223776341E-01
 2.1896875000000001E+01     4.0781343122253044E-01
 2.1940625000000001E+01     4.1116111130847605E-01
 2.1984375000000000E+01     4.1413828392793345E-01
 2.2028124999999999E+01     4.1672824549963217E-01
 2.2071874999999999E+01     4.1891378063608492E-01
 2.2115625000000001E+01     4.2067716731288551E-01
 2.2159375000000001E+01     4.2200018380864701E-01
 2.2203125000000000E+01     4.2286411718379430E-01
 2.2246874999999999E+01     4.2324977302925948E-01
 2.2290624999999999E+01     4.2313787998568558E-01
 2.2334375000000001E+01     4.2252322509662338E-01
 2.2378125000000001E+01     4.2141856593770155E-01
 2.2421875000000000E+01     4.1983742865634077E-01
 2.2465624999999999E+01     4.1779294748226159E-01
 2.2509374999999999E+01     4.1529788686167413E-01
 2.2553125000000001E+01     4.1236466101256003E-01
 2.2596875000000001E+01     4.0900535172557639E-01
 2.2640625000000000E+01     4.0523172466452684E-01
 2.2684374999999999E+01     4.0105524425412198E-01
 2.2728124999999999E+01     3.9648708725643356E-01
 2.2771875000000001E+01     3.9153815522872981E-01
 2.2815625000000001E+01     3.8621908617506695E-01
 2.2859375000000000E+01     3.8054026582920014E-01
 2.2903124999999999E+01     3.7451183912224517E-01
 2.2946874999999999E+01     3.6814372248742200E-01
 2.2990625000000001E+01     3.6144561772870709E-01
 2.3034375000000001E+01     3.5442702822704053E-01
 2.3078125000000000E+01     3.4709727827207093E-01
 2.3121874999999999E+01     3.3946553628765119E-01
 2.3165624999999999E+01     3.3154084266400030E-01
 2.3209375000000001E+01     3.2333214281799677E-01
 2.3253125000000001E+01     3.1484832597728862E-01
 2.3296875000000000E+01     3.0609827002521151E-01
 2.3340624999999999E+01     2.9709089255639709E-01
 2.3384374999999999E+01     2.8783520808107810E-01
 2.3428125000000001E+01     2.7834039108605352E-01
 2.3471875000000001E+01     2.6861584441889286E-01
 2.3515625000000000E+01     2.5867127221657121E-01
 2.3559374999999999E+01     2.4851675635999015E-01
 2.3603124999999999E+01     2.3816283521046933E-01
 2.3646875000000001E+01     2.2762058318368875E-01
 2.3690625000000001E+01     2.1690168954998501E-01
 2.3734375000000000E+01     2.0601853472801460E-01
 2.3778124999999999E+01     1.9498426226912755E-01
 2.3821874999999999E+01     1.8381284472082399E-01
 2.3865625000000001E+01     1.7251914161417362E-01
 2.3909375000000001E+01     1.6111894794416903E-01
 2.3953125000000000E+01     1.4962903170446609E-01
 2.3996874999999999E+01     1.3806715929303365E-01
 2.4040624999999999E+01     1.2645210791608288E-01
 2.4084375000000001E+01     1.1480366447160791E-01
 2.4128125000000001E+01     1.0314261077700301E-01
 2.4171875000000000E+01     9.1490695398333002E-02
 2.4215624999999999E+01     7.9870592725126310E-02
 2.4259374999999999E+01     6.8305850292145948E-02
 2.4303125000000001E+01     5.6820825662679361E-02
 2.4346875000000001E+01     4.5440614439331464E-02
 2.4390625000000000E+01     3.4190971146663807E-02
 2.4434374999999999E+01     2.3098224828284050E-02
 2.4478124999999999E+01     1.2189191217047783E-02
 2.4521875000000001E+01     1.4910832734270744E-03
 2.4565625000000001E+01    -8.9685782467369812E-03
 2.4609375000000000E+01    -1.9162052726704650E-02
 2.4653124999999999E+01    -2.9061464893163198E-02
 2.4696874999999999E+01    -3.8638886320206137E-02
 2.4740625000000001E+01    -4.7866412533673880E-02
 2.4784375000000001E+01    -5.6716235279972521E-02
 2.4828125000000000E+01    -6.5160709765237690E-02
 2.4871874999999999E+01    -7.3172416879050003E-02
 2.4915624999999999E+01    -8.0724220585421627E-02
 2.4959375000000001E+01    -8.7789320786848812E-02
 2.5003125000000001E+01    -9.4341302046518125E-02
 2.5046875000000000E+01    -1.0035417859069783E-01
 2.5090624999999999E+01    -1.0580243601399909E-01
 2.5134374999999999E+01    -1.1066107008244898E-01
 2.5178125000000001E+01    -1.1490562298031602E-01
 2.5221875000000001E+01    -1.1851221728614922E-01
 2.5265625000000000E+01    -1.2145758789902961E-01
 2.5309374999999999E+01    -1.2371911207492452E-01
 2.5353124999999999E+01    -1.2527483768086323E-01
 2.5396875000000001E+01    -1.2610350973571499E-01
 2.5440625000000001E+01    -1.2618459528219952E-01
 2.5484375000000000E+01    -1.2550015173435228E-01
 2.5528124999999999E+01    -1.2405331498926375E-01
 2.5571874999999999E+01    -1.2186059192019053E-01
 2.5615625000000001E+01    -1.1893948167614184E-01
 2.5659375000000001E+01    -1.1530829871277315E-01
 2.5703125000000000E+01    -1.1098617724646558E-01
 2.5746874999999999E+01    -1.0599307137530739E-01
 2.5790624999999999E+01    -1.0034975206690644E-01
 2.5834375000000001E+01    -9.4077801856233101E-02
 2.5878125000000001E+01    -8.7199607859799633E-02
 2.5921875000000000E+01    -7.9738353534483358E-02
 2.5965624999999999E+01    -7.1718009458255835E-02
 2.6009374999999999E+01    -6.3163323270881949E-02
 2.6053125000000001E+01    -5.4099808778221285E-02
 2.6096875000000001E+01    -4.4553734092688042E-02
 2.6140625000000000E+01    -3.4552108555979996E-02
 2.6184374999999999E+01    -2.4122668071148119E-02
 2.6228124999999999E+01    -1.3293858363094628E-02
 2.6271875000000001E+01    -2.0948155931887020E-03
 2.6315625000000001E+01     9.4446563214489257E-03
 2.6359375000000000E+01     2.1294112387263538E-02
 2.6403124999999999E+01     3.3422497945745720E-02
 2.6446874999999999E+01     4.5798185555349438E-02
 2.6490625000000001E+01     5.8389018060711409E-02
 2.6534375000000001E+01     7.1162358517950441E-02
 2.6578125000000000E+01     8.4085147570923835E-02
 2.6621874999999999E+01     9.7123968774820033E-02
 2.6665624999999999E+01     1.1024512224235378E-01
 2.6709375000000001E+01     1.2341470684671485E-01
 2.6753125000000001E+01     1.3659871105774535E-01
 2.6796875000000000E+01     1.4976311231687436E-01
 2.6840624999999999E+01     1.6287398467685252E-01
 2.6884374999999999E+01     1.7589761424869887E-01
 2.6928125000000001E+01     1.8880062181516655E-01
 2.6971875000000001E+01     2.0155009179317962E-01
 2.7015625000000000E+01     2.1411370656159001E-01
 2.7059374999999999E+01     2.2645988502058767E-01
 2.7103124999999999E+01     2.3855792411982146E-01
 2.7146875000000001E+01     2.5037814198750608E-01
 2.7190625000000001E+01     2.6189202121563104E-01
 2.7234375000000000E+01     2.7307235080897302E-01
 2.7278124999999999E+01     2.8389336528796411E-01
 2.7321874999999999E+01     2.9433087944685993E-01
 2.7365625000000001E+01     3.0436241730582242E-01
 2.7409375000000001E+01     3.1396733385360281E-01
 2.7453125000000000E+01     3.2312692825050621E-01
 2.7496874999999999E+01     3.3182454724076704E-01
 2.7540624999999999E+01     3.4004567760084226E-01
 2.7584375000000001E+01     3.4777802651613410E-01
 2.7628125000000001E+01     3.5501158882435868E-01
 2.7671875000000000E+01     3.6173870008171410E-01
 2.7715624999999999E+01     3.6795407439301936E-01
 2.7759374999999999E+01     3.7365482589745408E-01
 2.7803125000000001E+01     3.7884047271974891E-01
 2.7846875000000001E+01     3.8351292209026400E-01
 2.7890625000000000E+01     3.8767643522001982E-01
 2.7934374999999999E+01     3.9133757040660289E-01
 2.7978124999999999E+01     3.9450510276813355E-01
 2.8021875000000001E+01     3.9718991898313821E-01
 2.8065625000000001E+01     3.9940488548293129E-01
 2.8109375000000000E+01     4.0116468873033861E-01
 2.8153124999999999E+01     4.0248564654813873E-01
 2.8196874999999999E+01     4.0338548995137885E-01
 2.8240624999999998E+01     4.0388311559641776E-01
 2.8284375000000001E+01     4.0399830977840390E-01
 2.8328125000000000E+01     4.0375144586676859E-01
 2.8371874999999999E+01     4.0316315812231462E-01
 2.8415624999999999E+01     4.0225399593595967E-01
 2.8459374999999998E+01     4.0104406359772354E-01
 2.8503125000000001E+01     3.9955265166847453E-01
 2.8546875000000000E+01     3.9779786680848983E-01
 2.8590624999999999E+01     3.9579626744506180E-01
 2.8634374999999999E+01     3.9356251287916799E-01
 2.8678124999999998E+01     3.9111289233556018E-01
 2.8721875000000001E+01     3.8847885880915523E-01
 2.8765625000000000E+01     3.8569414180666745E-01
 2.8809374999999999E+01     3.8278946811195197E-01
 2.8853124999999999E+01     3.7979240195812292E-01
 2.8896874999999998E+01     3.7672723740506692E-01
 2.8940625000000001E+01     3.7361494168493681E-01
 2.8984375000000000E+01     3.7047314740771076E-01
 2.9028124999999999E+01     3.6731619036584184E-01
 2.9071874999999999E+01     3.6415518873296682E-01
 2.9115624999999998E+01     3.6099815875620894E-01
 2.9159375000000001E+01     3.5785016160645844E-01
 2.9203125000000000E+01     3.5471347586912388E-01
 2.9246874999999999E+01     3.5158779020164566E-01
 2.9290624999999999E+01     3.4847041091671938E-01
 2.9334374999999998E+01     3.4535647962726695E-01
 2.9378125000000001E+01     3.4223919656359103E-01
 2.9421875000000000E+01     3.3911004570188680E-01
 2.9465624999999999E+01     3.3595901838771164E-01
 2.9509374999999999E+01     3.3277483266826297E-01
 2.9553124999999998E+01     3.2954514604210233E-01
 2.9596875000000001E+01     3.2625675978066471E-01
 2.9640625000000000E+01     3.2289581336855389E-01
 2.9684374999999999E+01     3.1944796794867808E-01
 2.9728124999999999E+01     3.1589857794937332E-01
 2.9771874999999998E+01     3.1223285032040488E-01
 2.9815625000000001E+01     3.0843599102095209E-01
 2.9859375000000000E+01     3.0449333859192451E-01
 2.9903124999999999E+01     3.0039048481326130E-01
 2.9946874999999999E+01     2.9611338259733283E-01
 2.9990624999999998E+01     2.9164844140504281E-01
 3.0034375000000001E+01     2.8698261059127517E-01
 3.0078125000000000E+01     2.8210345119159719E-01
 3.0121874999999999E+01     2.7699919675077456E-01
 3.0165624999999999E+01     2.7165880386594388E-01
 3.0209374999999998E+01     2.6607199317136215E-01
 3.0253125000000001E+01     2.6022928152892438E-01
 3.0296875000000000E+01     2.5412200620849346E-01
 3.0340624999999999E+01     2.4774234184697475E-01
 3.0384374999999999E+01     2.4108331096590577E-01
 3.0428124999999998E+01     2.3413878880734207E-01
 3.0471875000000001E+01     2.2690350321878619E-01
 3.0515625000000000E+01     2.1937303028265165E-01
 3.0559374999999999E+01     2.1154378634698703E-01
 3.0603124999999999E+01     2.0341301707392948E-01
 3.0646874999999998E+01     1.9497878408237568E-01
 3.0690625000000001E+01     1.8623994972364177E-01
 3.0734375000000000E+01     1.7719616049407474E-01
 3.0778124999999999E+01     1.6784782955752431E-01
 3.0821874999999999E+01     1.5819611882368287E-01
 3.0865624999999998E+01     1.4824292100523198E-01
 3.0909375000000001E+01     1.3799084205721848E-01
 3.0953125000000000E+01     1.2744318438533161E-01
 3.0996874999999999E+01     1.1660393119497689E-01
 3.1040624999999999E+01     1.0547773233917482E-01
 3.1084374999999998E+01     9.4069892008885367E-02
 3.1128125000000001E+01     8.2386358593941653E-02
 3.1171875000000000E+01     7.0433717023944076E-02
 3.1215624999999999E+01     5.8219183876129739E-02
 3.1259374999999999E+01     4.5750605509509969E-02
 3.1303124999999998E+01     3.3036459450411115E-02
 3.1346875000000001E+01     2.0085859213296683E-02
 3.1390625000000000E+01     6.9085626906693776E-03
 3.1434374999999999E+01    -6.4850158127526571E-03
 3.1478124999999999E+01    -2.0083789895580285E-02
 3.1521874999999998E+01    -3.3875981797921201E-02
 3.1565625000000001E+01    -4.7849099725126451E-02
 3.1609375000000000E+01    -6.1989912020378728E-02
 3.1653124999999999E+01    -7.6284418560605971E-02
 3.1696874999999999E+01    -9.0717819870532040E-02
 3.1740624999999998E+01    -1.0527448457930588E-01
 3.1784375000000001E+01    -1.1993791598040793E-01
 3.1828125000000000E+01    -1.3469071859694606E-01
 3.1871874999999999E+01    -1.4951456579755459E-01
 3.1915624999999999E+01    -1.6439016965012943E-01
 3.1959374999999998E+01    -1.7929725433629018E-01
 3.2003124999999997E+01    -1.9421453457434865E-01
 3.2046875000000000E+01    -2.0911970060635904E-01
 3.2090625000000003E+01    -2.2398941138893477E-01
 3.2134374999999999E+01    -2.3879929768073732E-01
 3.2178125000000001E+01    -2.5352397673410554E-01
 3.2221874999999997E+01    -2.6813708026636968E-01
 3.2265625000000000E+01    -2.8261129730052903E-01
 3.2309375000000003E+01    -2.9691843331750944E-01
 3.2353124999999999E+01    -3.1102948694877580E-01
 3.2396875000000001E+01    -3.2491474515225394E-01
 3.2440624999999997E+01    -3.3854389745720925E-01
 3.2484375000000000E+01    -3.5188616943412776E-01
 3.2528125000000003E+01    -3.6491047504883495E-01
 3.2571874999999999E+01    -3.7758558700632011E-01
 3.2615625000000001E+01    -3.8988032358927877E-01
 3.2659374999999997E+01    -4.0176374986929253E-01
 3.2703125000000000E+01    -4.1320539053456934E-01
 3.2746875000000003E+01    -4.2417545096252807E-01
 3.2790624999999999E+01    -4.3464504259751402E-01
 3.2834375000000001E+01    -4.4458640820024942E-01
 3.2878124999999997E+01    -4.5397314214838475E-01
 3.2921875000000000E+01    -4.6278040071195403E-01
 3.2965625000000003E+01    -4.7098509712840098E-01
 3.3009374999999999E+01    -4.7856607637824894E-01
 3.3053125000000001E+01    -4.8550426482314257E-01
 3.3096874999999997E+01    -4.9178279031850847E-01
 3.3140625000000000E+01    -4.9738706904417146E-01
 3.3184375000000003E+01    -5.0230485609200770E-01
 3.3228124999999999E+01    -5.0652625778568861E-01
 3.3271875000000001E+01    -5.1004370474698024E-01
 3.3315624999999997E+01    -5.1285188582800045E-01
 3.3359375000000000E+01    -5.1494764415284744E-01
 3.3403125000000003E+01    -5.1632983760826323E-01
 3.3446874999999999E+01    -5.1699916714764127E-01
 3.3490625000000001E+01    -5.1695797718061809E-01
 3.3534374999999997E+01    -5.1621003307891511E-01
 3.3578125000000000E+01    -5.1476028140669772E-01
 3.3621874999999996E+01    -5.1261459886342375E-01
 3.3665624999999999E+01    -5.0977953609930382E-01
 3.3709375000000001E+01    -5.0626206252786543E-01
 3.3753124999999997E+01    -5.0206931802859656E-01
 3.3796875000000000E+01    -4.9720837702181320E-01
 3.3840624999999996E+01    -4.9168602983422693E-01
 3.3884374999999999E+01    -4.8550858558677545E-01
 3.3928125000000001E+01    -4.7868170005904503E-01
 3.3971874999999997E+01    -4.7121023115323896E-01
 3.4015625000000000E+01    -4.6297247729704605E-01
 3.4059374999999996E+01    -4.5257353657788568E-01
 3.4103124999999999E+01    -4.3985354905013341E-01
 3.4146875000000001E+01    -4.2510680607666707E-01
 3.4190624999999997E+01    -4.0861496492018007E-01
 3.4234375000000000E+01    -3.9064347847703607E-01
 3.4278124999999996E+01    -3.7143947520697351E-01
 3.4321874999999999E+01    -3.5123011475760096E-01
 3.4365625000000001E+01    -3.3022110540898664E-01
 3.4409374999999997E+01    -3.0859541012231884E-01
 3.4453125000000000E+01    -2.8651228073263602E-01
 3.4496874999999996E+01    -2.6410671564120691E-01
 3.4540624999999999E+01    -2.4148931498289455E-01
 3.4584375000000001E+01    -2.1874639426489909E-01
 3.4628124999999997E+01    -1.9594019260067222E-01
 3.4671875000000000E+01    -1.7310913088388757E-01
 3.4715624999999996E+01    -1.5026834631339051E-01
 3.4759374999999999E+01    -1.2741108987177624E-01
 3.4803125000000001E+01    -1.0451188760014617E-01
 3.4846874999999997E+01    -8.1532461810370063E-02
 3.4890625000000000E+01    -5.8431142544865471E-02
 3.4934374999999996E+01    -3.5175834893473215E-02
 3.4978124999999999E+01    -1.1759643939061263E-02
