#                  time                       real
 2.1874999999999999E-02    -1.2905018925152223E-02
 6.5624999999999989E-02    -3.5244437003046546E-02
 1.0937500000000000E-01    -5.2586738673931203E-02
 1.5312499999999998E-01    -6.4277871940784909E-02
 1.9687499999999999E-01    -6.9513547831812683E-02
 2.4062500000000001E-01    -6.7489730046950386E-02
 2.8437499999999993E-01    -5.7604228738462229E-02
 3.2812499999999994E-01    -3.9691627250425708E-02
 3.7187499999999996E-01    -1.4253538918474291E-02
 4.1562499999999997E-01     1.7375155216741156E-02
 4.5937499999999998E-01     5.2995101087408861E-02
 5.0312499999999993E-01     8.9704377891339560E-02
 5.4687499999999989E-01     1.2426328525820438E-01
 5.9062499999999996E-01     1.5359434158436791E-01
 6.3437499999999991E-01     1.7527511524979830E-01
 6.7812499999999998E-01     1.8785780448051528E-01
 7.2187499999999993E-01     1.9090959703605742E-01
 7.6562499999999989E-01     1.8479333886724381E-01
 8.0937499999999996E-01     1.7032634555155887E-01
 8.5312499999999991E-01     1.4848817550707788E-01
 8.9687499999999998E-01     1.2027795563628237E-01
 9.4062499999999993E-01     8.6708402615050528E-02
 9.8437499999999989E-01     4.8850968846297582E-02
 1.0281250000000000E+00     9.2638376283813786E-03
 1.0718749999999999E+00    -2.6638577286434758E-02
 1.1156250000000001E+00    -5.9125259290551083E-02
 1.1593750000000000E+00    -8.8745035976483769E-02
 1.2031250000000000E+00    -1.1589544331477937E-01
 1.2468750000000000E+00    -1.4087921914672488E-01
 1.2906249999999999E+00    -1.6393773370698708E-01
 1.3343750000000001E+00    -1.8527100913137975E-01
 1.3781250000000000E+00    -2.0504988883520586E-01
 1.4218750000000000E+00    -2.2342357365087778E-01
 1.4656250000000000E+00    -2.4052439487889737E-01
 1.5093749999999999E+00    -2.5647091816415957E-01
 1.5531250000000001E+00    -2.7137002300754892E-01
 1.5968750000000000E+00    -2.8531834171858411E-01
 1.6406250000000000E+00    -2.9840328909540048E-01
 1.6843750000000000E+00    -3.1070382439480826E-01
 1.7281249999999999E+00    -3.2229103393812358E-01
 1.7718750000000001E+00    -3.3322859082283784E-01
 1.8156250000000000E+00    -3.4357312889695607E-01
 1.8593750000000000E+00    -3.5337455630182174E-01
 1.9031250000000000E+00    -3.6267632652302878E-01
 1.9468749999999999E+00    -3.7151568025459308E-01
 1.9906249999999999E+00    -3.7992386843728448E-01
 2.0343749999999998E+00    -3.8792636494633881E-01
 2.0781250000000000E+00    -3.9554307618359735E-01
 2.1218749999999997E+00    -4.0278855402087249E-01
 2.1656249999999999E+00    -4.0967221797165843E-01
 2.2093750000000001E+00    -4.1619859201529935E-01
 2.2531249999999998E+00    -4.2236756106783557E-01
 2.2968750000000000E+00    -4.2817465161859380E-01
 2.3406249999999997E+00    -4.3361134047470040E-01
 2.3843749999999999E+00    -4.3866539484082212E-01
 2.4281250000000001E+00    -4.4332124608044843E-01
 2.4718749999999998E+00    -4.4756039844775630E-01
 2.5156250000000000E+00    -4.5136187284856005E-01
 2.5593749999999997E+00    -4.5470268430130834E-01
 2.6031249999999999E+00    -4.5755835025936964E-01
 2.6468750000000001E+00    -4.5990342537016171E-01
 2.6906249999999998E+00    -4.6171205664574533E-01
 2.7343750000000000E+00    -4.6295855147718795E-01
 2.7781249999999997E+00    -4.6361794951853857E-01
 2.8218749999999999E+00    -4.6366658828152191E-01
 2.8656250000000001E+00    -4.6308265139835331E-01
 2.9093749999999998E+00    -4.6184668800084067E-01
 2.9531250000000000E+00    -4.5994209158932747E-01
 2.9968749999999997E+00    -4.5735552716174160E-01
 3.0406249999999999E+00    -4.5407729625868926E-01
 3.0843750000000001E+00    -4.5010163094033123E-01
 3.1281249999999998E+00    -4.4542690950285085E-01
 3.1718750000000000E+00    -4.4005578889978875E-01
 3.2156249999999997E+00    -4.3399525125825855E-01
 3.2593749999999999E+00    -4.2725656446301741E-01
 3.3031250000000001E+00    -4.1985515939472096E-01
 3.3468749999999998E+00    -4.1181042892564557E-01
 3.3906250000000000E+00    -4.0314545607260838E-01
 3.4343749999999997E+00    -3.9388668067412941E-01
 3.4781249999999999E+00    -3.8406351550827328E-01
 3.5218750000000001E+00    -3.7370792383897383E-01
 3.5656249999999998E+00    -3.6285397093883670E-01
 3.6093750000000000E+00    -3.5153736218741710E-01
 3.6531249999999997E+00    -3.3979497991152480E-01
 3.6968749999999999E+00    -3.2766443027534348E-01
 3.7406249999999996E+00    -3.1518361031352821E-01
 3.7843749999999998E+00    -3.0239030371867071E-01
 3.8281250000000000E+00    -2.8932181233710769E-01
 3.8718749999999997E+00    -2.7601462858630527E-01
 3.9156249999999999E+00    -2.6250415226922480E-01
 3.9593749999999996E+00    -2.4882445359980893E-01
 4.0031249999999998E+00    -2.3500808273138657E-01
 4.0468749999999991E+00    -2.2108592473988120E-01
 4.0906249999999993E+00    -2.0708709788684274E-01
 4.1343749999999995E+00    -1.9303889208710615E-01
 4.1781249999999996E+00    -1.7896674383308075E-01
 4.2218749999999989E+00    -1.6489424337298328E-01
 4.2656249999999991E+00    -1.5084316968527348E-01
 4.3093749999999993E+00    -1.3683354871157999E-01
 4.3531249999999995E+00    -1.2288373037911579E-01
 4.3968749999999996E+00    -1.0901048013197691E-01
 4.4406249999999989E+00    -9.5229080970633151E-02
 4.4843749999999991E+00    -8.1553442344803800E-02
 4.5281249999999993E+00    -6.7996212632568831E-02
 4.5718749999999995E+00    -5.4568892348632936E-02
 4.6156249999999996E+00    -4.1281945639173458E-02
 4.6593749999999989E+00    -2.8144908027627785E-02
 4.7031249999999991E+00    -1.5166488763676699E-02
 4.7468749999999993E+00    -2.3546664903257263E-03
 4.7906249999999995E+00     1.0283222724668299E-02
 4.8343749999999996E+00     2.2740405647985733E-02
 4.8781249999999989E+00     3.5010600822149338E-02
 4.9218749999999991E+00     4.7087956351255622E-02
 4.9656249999999993E+00     5.8966996497125869E-02
 5.0093749999999995E+00     7.0642576888572117E-02
 5.0531249999999996E+00     8.2109848011780812E-02
 5.0968749999999989E+00     9.3364226543961010E-02
 5.1406249999999991E+00     1.0440137401121675E-01
 5.1843749999999993E+00     1.1521718219404170E-01
 5.2281249999999995E+00     1.2580776466702245E-01
 5.2718749999999996E+00     1.3616945384116391E-01
 5.3156249999999989E+00     1.4629880287575353E-01
 5.3593749999999991E+00     1.5619259183888845E-01
 5.4031249999999993E+00     1.6584783752024423E-01
 5.4468749999999995E+00     1.7526180633239707E-01
 5.4906249999999996E+00     1.8443202977682860E-01
 5.5343749999999989E+00     1.9335632199311387E-01
 5.5781249999999991E+00     2.0203279895231810E-01
 5.6218749999999993E+00     2.1045989889536296E-01
 5.6656249999999995E+00     2.1863640364933357E-01
 5.7093749999999996E+00     2.2656146047813053E-01
 5.7531249999999989E+00     2.3423460413372310E-01
 5.7968749999999991E+00     2.4165577876998565E-01
 5.8406249999999993E+00     2.4882535935979294E-01
 5.8843749999999995E+00     2.5574417221756196E-01
 5.9281249999999996E+00     2.6241351417475201E-01
 5.9718749999999989E+00     2.6883516988576694E-01
 6.0156249999999991E+00     2.7501142666000178E-01
 6.0593749999999993E+00     2.8094508612714147E-01
 6.1031249999999995E+00     2.8663947195174838E-01
 6.1468749999999996E+00     2.9209843272785840E-01
 6.1906249999999989E+00     2.9732633911085316E-01
 6.2343749999999991E+00     3.0232807419072288E-01
 6.2781249999999993E+00     3.0710901608549745E-01
 6.3218749999999995E+00     3.1167501174255835E-01
 6.3656249999999996E+00     3.1603234118751217E-01
 6.4093749999999989E+00     3.2019012734070151E-01
 6.4531249999999991E+00     3.2416639810184478E-01
 6.4968749999999993E+00     3.2798131311899681E-01
 6.5406249999999995E+00     3.3165521863448744E-01
 6.5843749999999996E+00     3.3520856532535742E-01
 6.6281249999999989E+00     3.3866181807143486E-01
 6.6718749999999991E+00     3.4203535763698689E-01
 6.7156249999999993E+00     3.4534937461296700E-01
 6.7593749999999995E+00     3.4862375624649133E-01
 6.8031249999999996E+00     3.5187796701401447E-01
 6.8468749999999989E+00     3.5513092397874979E-01
 6.8906249999999991E+00     3.5840086811073324E-01
 6.9343749999999993E+00     3.6170523283721467E-01
 6.9781249999999995E+00     3.6506051113050308E-01
 7.0218749999999996E+00     3.6848212243341349E-01
 7.0656249999999989E+00     3.7198428067197203E-01
 7.1093749999999991E+00     3.7557986451923253E-01
 7.1531249999999993E+00     3.7928029096216453E-01
 7.1968749999999995E+00     3.8309539309530660E-01
 7.2406249999999988E+00     3.8703330293425547E-01
 7.2843749999999989E+00     3.9110033991905274E-01
 7.3281249999999991E+00     3.9530090567648168E-01
 7.3718749999999993E+00     3.9963738553976702E-01
 7.4156249999999995E+00     4.0411005729596500E-01
 7.4593749999999988E+00     4.0871700765029828E-01
 7.5031249999999989E+00     4.1345405696894638E-01
 7.5468749999999991E+00     4.1831469298807039E-01
 7.5906249999999993E+00     4.2329001435518115E-01
 7.6343749999999995E+00     4.2836868509479054E-01
 7.6781249999999988E+00     4.3353690135418876E-01
 7.7218749999999989E+00     4.3877837207562292E-01
 7.7656249999999991E+00     4.4407431554251031E-01
 7.8093749999999993E+00     4.4940347404083691E-01
 7.8531249999999995E+00     4.5474214914216249E-01
 7.8968749999999988E+00     4.6006426032774028E-01
 7.9406249999999989E+00     4.6534142980950910E-01
 7.9843749999999991E+00     4.7054309643866171E-01
 8.0281249999999993E+00     4.7563666149986000E-01
 8.0718749999999986E+00     4.8058766894833771E-01
 8.1156249999999996E+00     4.8536002223674968E-01
 8.1593749999999989E+00     4.8991623928724470E-01
 8.2031250000000000E+00     4.9421774638298388E-01
 8.2468749999999993E+00     4.9822521078717252E-01
 8.2906249999999986E+00     5.0189891075770143E-01
 8.3343749999999996E+00     5.0519914033934432E-01
 8.3781249999999989E+00     5.0808664491915745E-01
 8.4218749999999982E+00     5.1052308207775488E-01
 8.4656249999999993E+00     5.1247150081966131E-01
 8.5093749999999986E+00     5.1389683089349836E-01
 8.5531249999999996E+00     5.1476637269552983E-01
 8.5968749999999989E+00     5.1505027726703534E-01
 8.6406249999999982E+00     5.1472200522390299E-01
 8.6843749999999993E+00     5.1375875316332065E-01
 8.7281249999999986E+00     5.1214183622740905E-01
 8.7718749999999996E+00     5.0985701610073952E-01
 8.8156249999999989E+00     5.0689476478231021E-01
 8.8593749999999982E+00     5.0325045598264084E-01
 8.9031249999999993E+00     4.9892447790508065E-01
 8.9468749999999986E+00     4.9392226339990553E-01
 8.9906249999999996E+00     4.8825423593500883E-01
 9.0343749999999989E+00     4.8193567239165008E-01
 9.0781249999999982E+00     4.7498648624565293E-01
 9.1218749999999993E+00     4.6743093711005324E-01
 9.1656249999999986E+00     4.5929727477737281E-01
 9.2093749999999996E+00     4.5061732771020024E-01
 9.2531249999999989E+00     4.4142604730898849E-01
 9.2968749999999982E+00     4.3176102018533175E-01
 9.3406249999999993E+00     4.2166196106770104E-01
 9.3843749999999986E+00     4.1117019887057737E-01
 9.4281249999999996E+00     4.0032816790440606E-01
 9.4718749999999989E+00     3.8917891524804143E-01
 9.5156249999999982E+00     3.7776563402346691E-01
 9.5593749999999993E+00     3.6613118729889405E-01
 9.6031249999999986E+00     3.5431484121995932E-01
 9.6468749999999996E+00     3.4235012875761472E-01
 9.6906249999999989E+00     3.3026884296976339E-01
 9.7343749999999982E+00     3.1810122669387786E-01
 9.7781249999999993E+00     3.0587578059320913E-01
 9.8218749999999986E+00     2.9361911613215513E-01
 9.8656249999999996E+00     2.8135585143729847E-01
 9.9093749999999989E+00     2.6910854712963378E-01
 9.9531249999999982E+00     2.5689767858977469E-01
 9.9968749999999993E+00     2.4474164070475687E-01
 1.0040624999999999E+01     2.3265678091658185E-01
 1.0084375000000000E+01     2.2065745632593020E-01
 1.0128124999999999E+01     2.0875611067395689E-01
 1.0171874999999998E+01     1.9696336720470997E-01
 1.0215624999999999E+01     1.8528813367611982E-01
 1.0259374999999999E+01     1.7373771611318625E-01
 1.0303125000000000E+01     1.6231793826207691E-01
 1.0346874999999999E+01     1.5103326408858925E-01
 1.0390624999999998E+01     1.3988692105227263E-01
 1.0434374999999999E+01     1.2888102226651849E-01
 1.0478124999999999E+01     1.1801668601258827E-01
 1.0521875000000000E+01     1.0729415140738575E-01
 1.0565624999999999E+01     9.6712889322917731E-02
 1.0609374999999998E+01     8.6271707918888427E-02
 1.0653124999999999E+01     7.5968852377014132E-02
 1.0696874999999999E+01     6.5802098616492499E-02
 1.0740625000000000E+01     5.5768840926456037E-02
 1.0784374999999999E+01     4.5866173575444195E-02
 1.0828124999999998E+01     3.6090966551928366E-02
 1.0871874999999999E+01     2.6439935658405442E-02
 1.0915624999999999E+01     1.6909707225661850E-02
 1.0959375000000000E+01     7.4968777387823104E-03
 1.1003124999999999E+01    -1.8019313257587085E-03
 1.1046874999999998E+01    -1.0990023158719612E-02
 1.1090624999999999E+01    -2.0070579496293747E-02
 1.1134374999999999E+01    -2.9046618467182608E-02
 1.1178125000000000E+01    -3.7920956189893440E-02
 1.1221874999999999E+01    -4.6696171937398681E-02
 1.1265624999999998E+01    -5.5374576724433862E-02
 1.1309374999999999E+01    -6.3958185211847943E-02
 1.1353124999999999E+01    -7.2448690860323614E-02
 1.1396875000000000E+01    -8.0847444301784033E-02
 1.1440624999999999E+01    -8.9155434929693439E-02
 1.1484374999999998E+01    -9.7373275737831819E-02
 1.1528124999999999E+01    -1.0550119146029061E-01
 1.1571874999999999E+01    -1.1353901008291013E-01
 1.1615625000000000E+01    -1.2148615780666655E-01
 1.1659374999999999E+01    -1.2934165754695096E-01
 1.1703124999999998E+01    -1.3710413104802924E-01
 1.1746874999999999E+01    -1.4477180467970846E-01
 1.1790624999999999E+01    -1.5234251896248419E-01
 1.1834375000000000E+01    -1.5981374183933980E-01
 1.1878124999999999E+01    -1.6718258567597818E-01
 1.1921874999999998E+01    -1.7444582792885757E-01
 1.1965624999999999E+01    -1.8159993537125049E-01
 1.2009374999999999E+01    -1.8864109171420365E-01
 1.2053125000000000E+01    -1.9556522840259821E-01
 1.2096874999999999E+01    -2.0236805830828625E-01
 1.2140624999999998E+01    -2.0904511198503120E-01
 1.2184374999999999E+01    -2.1559177609558500E-01
 1.2228124999999999E+01    -2.2200333357207133E-01
 1.2271875000000000E+01    -2.2827500503016360E-01
 1.2315624999999999E+01    -2.3440199092676359E-01
 1.2359374999999998E+01    -2.4037951393349744E-01
 1.2403124999999999E+01    -2.4620286099594815E-01
 1.2446874999999999E+01    -2.5186742456349503E-01
 1.2490625000000000E+01    -2.5736874250790220E-01
 1.2534374999999999E+01    -2.6270253630228724E-01
 1.2578124999999998E+01    -2.6786474710484315E-01
 1.2621874999999999E+01    -2.7285156948481232E-01
 1.2665624999999999E+01    -2.7765948263894236E-01
 1.2709375000000000E+01    -2.8228527907430223E-01
 1.2753124999999999E+01    -2.8672581446908074E-01
 1.2796874999999998E+01    -2.9097401963295788E-01
 1.2840624999999999E+01    -2.9501982906029195E-01
 1.2884374999999999E+01    -2.9885348868401462E-01
 1.2928125000000000E+01    -3.0246566463523433E-01
 1.2971874999999999E+01    -3.0584746034917282E-01
 1.3015624999999998E+01    -3.0899043453418157E-01
 1.3059374999999999E+01    -3.1188662089861524E-01
 1.3103124999999999E+01    -3.1452855056733231E-01
 1.3146875000000000E+01    -3.1690927810308805E-01
 1.3190624999999999E+01    -3.1902241198739317E-01
 1.3234374999999998E+01    -3.2086215031606286E-01
 1.3278124999999999E+01    -3.2242332233045312E-01
 1.3321874999999999E+01    -3.2370143623828113E-01
 1.3365625000000000E+01    -3.2469273358217998E-01
 1.3409374999999999E+01    -3.2539425019295543E-01
 1.3453124999999998E+01    -3.2580388352298706E-01
 1.3496874999999999E+01    -3.2592046589933887E-01
 1.3540624999999999E+01    -3.2574384297113884E-01
 1.3584375000000000E+01    -3.2527495635985731E-01
 1.3628124999999999E+01    -3.2451592925995021E-01
 1.3671874999999998E+01    -3.2347015348875441E-01
 1.3715624999999999E+01    -3.2214237625591491E-01
 1.3759374999999999E+01    -3.2053878471930813E-01
 1.3803125000000000E+01    -3.1866708622488082E-01
 1.3846874999999999E+01    -3.1653658199577761E-01
 1.3890624999999998E+01    -3.1415823194822567E-01
 1.3934374999999999E+01    -3.1154470827229397E-01
 1.3978124999999999E+01    -3.0871043542806098E-01
 1.4021875000000000E+01    -3.0567161427638184E-01
 1.4065624999999999E+01    -3.0244622818960187E-01
 1.4109374999999998E+01    -2.9905402917328977E-01
 1.4153124999999999E+01    -2.9551650227563153E-01
 1.4196874999999999E+01    -2.9185680686540033E-01
 1.4240624999999998E+01    -2.8809969371978150E-01
 1.4284374999999999E+01    -2.8427139727571660E-01
 1.4328124999999998E+01    -2.8039950285541626E-01
 1.4371874999999999E+01    -2.7651278917087696E-01
 1.4415624999999999E+01    -2.7264104693054630E-01
 1.4459374999999998E+01    -2.6881487490195621E-01
 1.4503124999999999E+01    -2.6506545531021819E-01
 1.4546874999999998E+01    -2.6142431095711677E-01
 1.4590624999999999E+01    -2.5792304691043194E-01
 1.4634374999999999E+01    -2.5459308002006514E-01
 1.4678124999999998E+01    -2.5146535984811141E-01
 1.4721874999999999E+01    -2.4857008483961646E-01
 1.4765624999999998E+01    -2.4593641769582569E-01
 1.4809374999999999E+01    -2.4359220393497433E-01
 1.4853124999999999E+01    -2.4156369753344675E-01
 1.4896874999999998E+01    -2.3987529733487453E-01
 1.4940624999999999E+01    -2.3854929760645496E-01
 1.4984374999999998E+01    -2.3760565572339334E-01
 1.5028124999999999E+01    -2.3706177949554236E-01
 1.5071874999999999E+01    -2.3693233613849829E-01
 1.5115624999999998E+01    -2.3722908436220103E-01
 1.5159374999999999E+01    -2.3796073053221395E-01
 1.5203124999999998E+01    -2.3913280937966003E-01
 1.5246874999999999E+01    -2.4074758932129164E-01
 1.5290624999999999E+01    -2.4280400212176123E-01
 1.5334374999999998E+01    -2.4529759640081772E-01
 1.5378124999999999E+01    -2.4822051436767953E-01
 1.5421874999999998E+01    -2.5156149115211646E-01
 1.5465624999999999E+01    -2.5530587619013378E-01
 1.5509374999999999E+01    -2.5943567629594372E-01
 1.5553124999999998E+01    -2.6392962028843236E-01
 1.5596874999999999E+01    -2.6876324531317047E-01
 1.5640624999999998E+01    -2.7390900527781831E-01
 1.5684374999999999E+01    -2.7933640206731475E-01
 1.5728124999999999E+01    -2.8501214039234418E-01
 1.5771874999999998E+01    -2.9090030721985127E-01
 1.5815624999999999E+01    -2.9696257671251003E-01
 1.5859374999999998E+01    -3.0315844144430310E-01
 1.5903124999999999E+01    -3.0944547035103454E-01
 1.5946874999999999E+01    -3.1578060344459363E-01
 1.5990624999999998E+01    -3.2212556307613183E-01
 1.6034375000000001E+01    -3.2844337686134228E-01
 1.6078125000000000E+01    -3.3469647214842485E-01
 1.6121874999999999E+01    -3.4084705849831415E-01
 1.6165625000000002E+01    -3.4685751728616571E-01
 1.6209375000000001E+01    -3.5269079094551675E-01
 1.6253125000000001E+01    -3.5831076775720505E-01
 1.6296875000000000E+01    -3.6368265743315548E-01
 1.6340624999999999E+01    -3.6877335223701341E-01
 1.6384375000000002E+01    -3.7355176808384799E-01
 1.6428125000000001E+01    -3.7798915999072313E-01
 1.6471875000000001E+01    -3.8205940641152730E-01
 1.6515625000000000E+01    -3.8573925737733528E-01
 1.6559374999999999E+01    -3.8900854196250589E-01
 1.6603125000000002E+01    -3.9185033138365583E-01
 1.6646875000000001E+01    -3.9425105498264651E-01
 1.6690625000000001E+01    -3.9620056740802900E-01
 1.6734375000000000E+01    -3.9769216644799366E-01
 1.6778124999999999E+01    -3.9872256213583901E-01
 1.6821874999999999E+01    -3.9929179889799665E-01
 1.6865625000000001E+01    -3.9940313359814567E-01
 1.6909375000000001E+01    -3.9906287330831958E-01
 1.6953125000000000E+01    -3.9828017747092348E-01
 1.6996874999999999E+01    -3.9706682977810265E-01
 1.7040624999999999E+01    -3.9543698556731044E-01
 1.7084375000000001E+01    -3.9340690080494112E-01
 1.7128125000000001E+01    -3.9099464880449747E-01
 1.7171875000000000E+01    -3.8821983071144456E-01
 1.7215624999999999E+01    -3.8510328550102274E-01
 1.7259374999999999E+01    -3.8166680480183801E-01
 1.7303125000000001E+01    -3.7793285730503151E-01
 1.7346875000000001E+01    -3.7392432687710281E-01
 1.7390625000000000E+01    -3.6966426779590061E-01
 1.7434374999999999E+01    -3.6517567980397897E-01
 1.7478124999999999E+01    -3.6048130495047548E-01
 1.7521875000000001E+01    -3.5560344749564904E-01
 1.7565625000000001E+01    -3.5056381750278043E-01
 1.7609375000000000E+01    -3.4538339815525720E-01
 1.7653124999999999E+01    -3.4008233632410451E-01
 1.7696874999999999E+01    -3.3467985547911405E-01
 1.7740625000000001E+01    -3.2919418968753467E-01
 1.7784375000000001E+01    -3.2364253717692504E-01
 1.7828125000000000E+01    -3.1804103174888504E-01
 1.7871874999999999E+01    -3.1240473021159293E-01
 1.7915624999999999E+01    -3.0674761394383177E-01
 1.7959375000000001E+01    -3.0108260270195136E-01
 1.8003125000000001E+01    -2.9542157882562825E-01
 1.8046875000000000E+01    -2.8977542007850371E-01
 1.8090624999999999E+01    -2.8415403946828516E-01
 1.8134374999999999E+01    -2.7856643051886998E-01
 1.8178125000000001E+01    -2.7302071660856525E-01
 1.8221875000000001E+01    -2.6752420313734071E-01
 1.8265625000000000E+01    -2.6208343143757795E-01
 1.8309374999999999E+01    -2.5670423349314342E-01
 1.8353124999999999E+01    -2.5139178667821355E-01
 1.8396875000000001E+01    -2.4615066786754519E-01
 1.8440625000000001E+01    -2.4098490640244732E-01
 1.8484375000000000E+01    -2.3589803552069372E-01
 1.8528124999999999E+01    -2.3089314197295666E-01
 1.8571874999999999E+01    -2.2597291365248032E-01
 1.8615625000000001E+01    -2.2113968515856686E-01
 1.8659375000000001E+01    -2.1639548129685332E-01
 1.8703125000000000E+01    -2.1174205859031614E-01
 1.8746874999999999E+01    -2.0718094493355121E-01
 1.8790624999999999E+01    -2.0271347756876559E-01
 1.8834375000000001E+01    -1.9834083959370097E-01
 1.8878125000000001E+01    -1.9406409523005541E-01
 1.8921875000000000E+01    -1.8988422408372577E-01
 1.8965624999999999E+01    -1.8580215461693333E-01
 1.9009374999999999E+01    -1.8181879702614151E-01
 1.9053125000000001E+01    -1.7793507567956790E-01
 1.9096875000000001E+01    -1.7415195926496321E-01
 1.9140625000000000E+01    -1.7046937334770487E-01
 1.9184374999999999E+01    -1.6688435762337944E-01
 1.9228124999999999E+01    -1.6339360727045799E-01
 1.9271875000000001E+01    -1.5999400849563708E-01
 1.9315625000000001E+01    -1.5668267256864365E-01
 1.9359375000000000E+01    -1.5345696550462007E-01
 1.9403124999999999E+01    -1.5031453447819104E-01
 1.9446874999999999E+01    -1.4725333109152625E-01
 1.9490625000000001E+01    -1.4427163128876050E-01
 1.9534375000000001E+01    -1.4136805161720051E-01
 1.9578125000000000E+01    -1.3854156153848984E-01
 1.9621874999999999E+01    -1.3579149153928388E-01
 1.9665624999999999E+01    -1.3311753686075900E-01
 1.9709375000000001E+01    -1.3051975675136668E-01
 1.9753125000000001E+01    -1.2799856924143843E-01
 1.9796875000000000E+01    -1.2555474153763990E-01
 1.9840624999999999E+01    -1.2318937623492117E-01
 1.9884374999999999E+01    -1.2090389364019272E-01
 1.9928125000000001E+01    -1.1870001059069077E-01
 1.9971875000000001E+01    -1.1657971622846322E-01
 2.0015625000000000E+01    -1.1454524525721756E-01
 2.0059374999999999E+01    -1.1259904925714068E-01
 2.0103124999999999E+01    -1.1074376666588950E-01
 2.0146875000000001E+01    -1.0898219204878760E-01
 2.0190625000000001E+01    -1.0731724527877123E-01
 2.0234375000000000E+01    -1.0575194122723383E-01
 2.0278124999999999E+01    -1.0428936053204840E-01
 2.0321874999999999E+01    -1.0293262196011517E-01
 2.0365625000000001E+01    -1.0168485682133638E-01
 2.0409375000000001E+01    -1.0054918582100944E-01
 2.0453125000000000E+01    -9.9528698660669310E-02
 2.0496874999999999E+01    -9.8626436616673349E-02
 2.0540624999999999E+01    -9.7845378243034770E-02
 2.0584375000000001E+01    -9.7188428263355373E-02
 2.0628125000000001E+01    -9.6658409638219367E-02
 2.0671875000000000E+01    -9.6258058720935041E-02
 2.0715624999999999E+01    -9.5990023348180964E-02
 2.0759374999999999E+01    -9.5856863654045374E-02
 2.0803125000000001E+01    -9.5861055347065668E-02
 2.0846875000000001E+01    -9.6004995150964251E-02
 2.0890625000000000E+01    -9.6291008080721524E-02
 2.0934374999999999E+01    -9.6721356206573128E-02
 2.0978124999999999E+01    -9.7298248548531002E-02
 2.1021875000000001E+01    -9.8023851742380236E-02
 2.1065625000000001E+01    -9.8900301123639872E-02
 2.1109375000000000E+01    -9.9929711887252290E-02
 2.1153124999999999E+01    -1.0111418999644753E-01
 2.1196874999999999E+01    -1.0245584253270784E-01
 2.1240625000000001E+01    -1.0395678719853818E-01
 2.1284375000000001E+01    -1.0561916070463018E-01
 2.1328125000000000E+01    -1.0744512579166739E-01
 2.1371874999999999E+01    -1.0943687665390761E-01
 2.1415624999999999E+01    -1.1159664254571855E-01
 2.1459375000000001E+01    -1.1392668936399998E-01
 2.1503125000000001E+01    -1.1642931900830950E-01
 2.1546875000000000E+01    -1.1910686632783690E-01
 2.1590624999999999E+01    -1.2196169347050939E-01
 2.1634374999999999E+01    -1.2499618145613807E-01
 2.1678125000000001E+01    -1.2821271880384535E-01
 2.1721875000000001E+01    -1.3161368705560822E-01
 2.1765625000000000E+01    -1.3520144305440768E-01
 2.1809374999999999E+01    -1.3897829785847504E-01
 2.1853124999999999E+01    -1.4294649220354921E-01
 2.1896875000000001E+01    -1.4710816846406452E-01
 2.1940625000000001E+01    -1.5146533911170029E-01
 2.1984375000000000E+01    -1.5601985172562099E-01
 2.2028124999999999E+01    -1.6077335067222079E-01
 2.2071874999999999E+01    -1.6572723564183595E-01
 2.2115625000000001E+01    -1.7088261730360987E-01
 2.2159375000000001E+01    -1.7624027041513327E-01
 2.2203125000000000E+01    -1.8180058479856542E-01
 2.2246874999999999E+01    -1.8756351466608717E-01
 2.2290624999999999E+01    -1.9352847837965609E-01
 2.2334375000000001E+01    -1.9969256788575904E-01
 2.2378125000000001E+01    -2.0605001330606407E-01
 2.2421875000000000E+01    -2.1259424015832440E-01
 2.2465624999999999E+01    -2.1931795091299772E-01
 2.2509374999999999E+01    -2.2621306451296652E-01
 2.2553125000000001E+01    -2.3327066053925624E-01
 2.2596875000000001E+01    -2.4048092863926457E-01
 2.2640625000000000E+01    -2.4783312389155721E-01
 2.2684374999999999E+01    -2.5531552874322383E-01
 2.2728124999999999E+01    -2.6291542211572094E-01
 2.2771875000000001E+01    -2.7061905625648408E-01
 2.2815625000000001E+01    -2.7841164192072854E-01
 2.2859375000000000E+01    -2.8627734249479364E-01
 2.2903124999999999E+01    -2.9419927771327947E-01
 2.2946874999999999E+01    -3.0215953766956766E-01
 2.2990625000000001E+01    -3.1013920786360505E-01
 2.3034375000000001E+01    -3.1811840606411279E-01
 2.3078125000000000E+01    -3.2607633177351447E-01
 2.3121874999999999E+01    -3.3399132906358187E-01
 2.3165624999999999E+01    -3.4184096348762849E-01
 2.3209375000000001E+01    -3.4960211366207511E-01
 2.3253125000000001E+01    -3.5725107793898037E-01
 2.3296875000000000E+01    -3.6476369635661260E-01
 2.3340624999999999E+01    -3.7211548775433595E-01
 2.3384374999999999E+01    -3.7928180157394475E-01
 2.3428125000000001E+01    -3.8623798344561111E-01
 2.3471875000000001E+01    -3.9295955318452158E-01
 2.3515625000000000E+01    -3.9942239331706608E-01
 2.3559374999999999E+01    -4.0560294573293876E-01
 2.3603124999999999E+01    -4.1147841354359865E-01
 2.3646875000000001E+01    -4.1702696474415035E-01
 2.3690625000000001E+01    -4.2222793385218099E-01
 2.3734375000000000E+01    -4.2706201736144700E-01
 2.3778124999999999E+01    -4.3151145862685386E-01
 2.3821874999999999E+01    -4.3556021771366071E-01
 2.3865625000000001E+01    -4.3919412181620987E-01
 2.3909375000000001E+01    -4.4240099209157235E-01
 2.3953125000000000E+01    -4.4517074316469218E-01
 2.3996874999999999E+01    -4.4749545213798175E-01
 2.4040624999999999E+01    -4.4936939466461390E-01
 2.4084375000000001E+01    -4.5078904649624763E-01
 2.4128125000000001E+01    -4.5175304985969567E-01
 2.4171875000000000E+01    -4.5226214501351109E-01
 2.4215624999999999E+01    -4.5231906834101082E-01
 2.4259374999999999E+01    -4.5192841930540945E-01
 2.4303125000000001E+01    -4.5109649948145664E-01
 2.4346875000000001E+01    -4.4983112764619909E-01
 2.4390625000000000E+01    -4.4814143552638802E-01
 2.4434374999999999E+01    -4.4603764923707140E-01
 2.4478124999999999E+01    -4.4353086169057543E-01
 2.4521875000000001E+01    -4.4063280130429089E-01
 2.4565625000000001E+01    -4.3735560219540509E-01
 2.4609375000000000E+01    -4.3371158073818861E-01
 2.4653124999999999E+01    -4.2971302289784408E-01
 2.4696874999999999E+01    -4.2537198617466976E-01
 2.4740625000000001E+01    -4.2070011932619678E-01
 2.4784375000000001E+01    -4.1570850231784362E-01
 2.4828125000000000E+01    -4.1040750821753780E-01
 2.4871874999999999E+01    -4.0480668802794190E-01
 2.4915624999999999E+01    -3.9891467876728803E-01
 2.4959375000000001E+01    -3.9273913448802072E-01
 2.5003125000000001E+01    -3.8628667937691918E-01
 2.5046875000000000E+01    -3.7956288162192608E-01
 2.5090624999999999E+01    -3.7257224636326747E-01
 2.5134374999999999E+01    -3.6531822577109008E-01
 2.5178125000000001E+01    -3.5780324410395020E-01
 2.5221875000000001E+01    -3.5002873549601476E-01
 2.5265625000000000E+01    -3.4199519218689606E-01
 2.5309374999999999E+01    -3.3370222093641666E-01
 2.5353124999999999E+01    -3.2514860544698571E-01
 2.5396875000000001E+01    -3.1633237273790449E-01
 2.5440625000000001E+01    -3.0725086156916853E-01
 2.5484375000000000E+01    -2.9790153461581625E-01
 2.5528124999999999E+01    -2.8828948685871858E-01
 2.5571874999999999E+01    -2.7842440230351040E-01
 2.5615625000000001E+01    -2.6831563340513320E-01
 2.5659375000000001E+01    -2.5797219641574781E-01
 2.5703125000000000E+01    -2.4740283596406404E-01
 2.5746874999999999E+01    -2.3661608340064560E-01
 2.5790624999999999E+01    -2.2562030864164442E-01
 2.5834375000000001E+01    -2.1442376523698936E-01
 2.5878125000000001E+01    -2.0303462851648366E-01
 2.5921875000000000E+01    -1.9146102682215260E-01
 2.5965624999999999E+01    -1.7971106598089998E-01
 2.6009374999999999E+01    -1.6779284729631599E-01
 2.6053125000000001E+01    -1.5571447944028213E-01
 2.6096875000000001E+01    -1.4348408470425339E-01
 2.6140625000000000E+01    -1.3110980012921578E-01
 2.6184374999999999E+01    -1.1859977407466793E-01
 2.6228124999999999E+01    -1.0596215881376952E-01
 2.6271875000000001E+01    -9.3205099756596826E-02
 2.6315625000000001E+01    -8.0336721909909148E-02
 2.6359375000000000E+01    -6.7365114182456831E-02
 2.6403124999999999E+01    -5.4298312143623205E-02
 2.6446874999999999E+01    -4.1144279841668831E-02
 2.6490625000000001E+01    -2.7910891289929799E-02
 2.6534375000000001E+01    -1.4605912235972155E-02
 2.6578125000000000E+01    -1.2369828422365901E-03
 2.6621874999999999E+01     1.2188398072165011E-02
 2.6665624999999999E+01     2.5662886550281240E-02
 2.6709375000000001E+01     3.9179304062491892E-02
 2.6753125000000001E+01     5.2730644362314158E-02
 2.6796875000000000E+01     6.6310075832599499E-02
 2.6840624999999999E+01     7.9910938476941543E-02
 2.6884374999999999E+01     9.3526734670772549E-02
 2.6928125000000001E+01     1.0715111275490098E-01
 2.6971875000000001E+01     1.2077784253714086E-01
 2.7015625000000000E+01     1.3440078177077866E-01
 2.7059374999999999E+01     1.4801383270857510E-01
 2.7103124999999999E+01     1.6161088789406566E-01
 2.7146875000000001E+01     1.7518576445425688E-01
 2.7190625000000001E+01     1.8873212630601593E-01
 2.7234375000000000E+01     2.0224339388723972E-01
 2.7278124999999999E+01     2.1571264127835516E-01
 2.7321874999999999E+01     2.2913248089349328E-01
 2.7365625000000001E+01     2.4249493629488539E-01
 2.7409375000000001E+01     2.5579130412023221E-01
 2.7453125000000000E+01     2.6901200660778496E-01
 2.7496874999999999E+01     2.8214643675371837E-01
 2.7540624999999999E+01     2.9518279873353176E-01
 2.7584375000000001E+01     3.0810794685161458E-01
 2.7628125000000001E+01     3.2090722693594753E-01
 2.7671875000000000E+01     3.3356432474734821E-01
 2.7715624999999999E+01     3.4606112659909549E-01
 2.7759374999999999E+01     3.5837759795202262E-01
 2.7803125000000001E+01     3.7049168622472117E-01
 2.7846875000000001E+01     3.8237925439587894E-01
 2.7890625000000000E+01     3.9401405212853646E-01
 2.7934374999999999E+01     4.0536773106405366E-01
 2.7978124999999999E+01     4.1640991056590626E-01
 2.8021875000000001E+01     4.2710829949259788E-01
 2.8065625000000001E+01     4.3742887850508561E-01
 2.8109375000000000E+01     4.4733614594080384E-01
 2.8153124999999999E+01     4.5679342840657478E-01
 2.8196874999999999E+01     4.6576325497518900E-01
 2.8240624999999998E+01     4.7420779126582674E-01
 2.8284375000000001E+01     4.8208932683180727E-01
 2.8328125000000000E+01     4.8937080629513074E-01
 2.8371874999999999E+01     4.9601639171257023E-01
 2.8415624999999999E+01     5.0199204092181071E-01
 2.8459374999999998E+01     5.0726608430361642E-01
 2.8503125000000001E+01     5.1180978071577798E-01
 2.8546875000000000E+01     5.1559783249912328E-01
 2.8590624999999999E+01     5.1860883958053561E-01
 2.8634374999999999E+01     5.2082567390006806E-01
 2.8678124999999998E+01     5.2223806412176244E-01
 2.8721875000000001E+01     5.2285103223407303E-01
 2.8765625000000000E+01     5.2267738968181732E-01
 2.8809374999999999E+01     5.2173462212598232E-01
 2.8853124999999999E+01     5.2004468428561246E-01
 2.8896874999999998E+01     5.1763368672050358E-01
 2.8940625000000001E+01     5.1453148705631890E-01
 2.8984375000000000E+01     5.1077120219851635E-01
 2.9028124999999999E+01     5.0638866084413325E-01
 2.9071874999999999E+01     5.0142181720532641E-01
 2.9115624999999998E+01     4.9591014726862803E-01
 2.9159375000000001E+01     4.8989404818311727E-01
 2.9203125000000000E+01     4.8341425963151441E-01
 2.9246874999999999E+01     4.7651132348650588E-01
 2.9290624999999999E+01     4.6922509492444475E-01
 2.9334374999999998E+01     4.6159431471167484E-01
 2.9378125000000001E+01     4.5365624883719119E-01
 2.9421875000000000E+01     4.4544639825858007E-01
 2.9465624999999999E+01     4.3699827843397748E-01
 2.9509374999999999E+01     4.2834326566287612E-01
 2.9553124999999998E+01     4.1951050513533633E-01
 2.9596875000000001E+01     4.1052687402735327E-01
 2.9640625000000000E+01     4.0141699197326280E-01
 2.9684374999999999E+01     3.9220327075524142E-01
 2.9728124999999999E+01     3.8290599501050315E-01
 2.9771874999999998E+01     3.7354342609036445E-01
 2.9815625000000001E+01     3.6413192182528475E-01
 2.9859375000000000E+01     3.5468606577049244E-01
 2.9903124999999999E+01     3.4521880044732711E-01
 2.9946874999999999E+01     3.3574156008475314E-01
 2.9990624999999998E+01     3.2626439934508689E-01
 3.0034375000000001E+01     3.1679611544065994E-01
 3.0078125000000000E+01     3.0734436188208386E-01
 3.0121874999999999E+01     2.9791575282203142E-01
 3.0165624999999999E+01     2.8851595756104031E-01
 3.0209374999999998E+01     2.7914978526257095E-01
 3.0253125000000001E+01     2.6982126028794823E-01
 3.0296875000000000E+01     2.6053368881925654E-01
 3.0340624999999999E+01     2.5128971760200691E-01
 3.0384374999999999E+01     2.4209138572536373E-01
 3.0428124999999998E+01     2.3294017038106746E-01
 3.0471875000000001E+01     2.2383702751686671E-01
 3.0515625000000000E+01     2.1478242824137367E-01
 3.0559374999999999E+01     2.0577639175462153E-01
 3.0603124999999999E+01     1.9681851548386312E-01
 3.0646874999999998E+01     1.8790800300414942E-01
 3.0690625000000001E+01     1.7904369022452205E-01
 3.0734375000000000E+01     1.7022407022772909E-01
 3.0778124999999999E+01     1.6144731706707960E-01
 3.0821874999999999E+01     1.5271130875073599E-01
 3.0865624999999998E+01     1.4401364958116472E-01
 3.0909375000000001E+01     1.3535169196741889E-01
 3.0953125000000000E+01     1.2672255778806488E-01
 3.0996874999999999E+01     1.1812315935395186E-01
 3.1040624999999999E+01     1.0955021999982359E-01
 3.1084374999999998E+01     1.0100029432265270E-01
 3.1128125000000001E+01     9.2469788079297011E-02
 3.1171875000000000E+01     8.3954977757368959E-02
 3.1215624999999999E+01     7.5452029838213516E-02
 3.1259374999999999E+01     6.6957019779817328E-02
 3.1303124999999998E+01     5.8465950758421655E-02
 3.1346875000000001E+01     4.9974772220238037E-02
 3.1390625000000000E+01     4.1479398307987081E-02
 3.1434374999999999E+01     3.2975726240286787E-02
 3.1478124999999999E+01     2.4459654735035388E-02
 3.1521874999999998E+01     1.5927102580043012E-02
 3.1565625000000001E+01     7.3740274649795210E-03
 3.1609375000000000E+01    -1.2035548013359964E-03
 3.1653124999999999E+01    -9.8095505562041697E-03
 3.1696874999999999E+01    -1.8447767891801831E-02
 3.1740624999999998E+01    -2.7121895462817541E-02
 3.1784375000000001E+01    -3.5835480343827671E-02
 3.1828125000000000E+01    -4.4591904783589716E-02
 3.1871874999999999E+01    -5.3394361700513530E-02
 3.1915624999999999E+01    -6.2245828760566786E-02
 3.1959374999999998E+01    -7.1149040876172381E-02
 3.2003124999999997E+01    -8.0106460961579973E-02
 3.2046875000000000E+01    -8.9120248776760391E-02
 3.2090625000000003E+01    -9.8192227688352729E-02
 3.2134374999999999E+01    -1.0732384917255383E-01
 3.2178125000000001E+01    -1.1651615488202044E-01
 3.2221874999999997E+01    -1.2576973609798286E-01
 3.2265625000000000E+01    -1.3508469039072346E-01
 3.2309375000000003E+01    -1.4446057531916492E-01
 3.2353124999999999E+01    -1.5389635901519708E-01
 3.2396875000000001E+01    -1.6339036752409808E-01
 3.2440624999999997E+01    -1.7294022881178223E-01
 3.2484375000000000E+01    -1.8254281340688644E-01
 3.2528125000000003E+01    -1.9219417172342160E-01
 3.2571874999999999E+01    -2.0188946821308040E-01
 3.2615625000000001E+01    -2.1162291262613087E-01
 3.2659374999999997E+01    -2.2138768881985862E-01
 3.2703125000000000E+01    -2.3117588174351031E-01
 3.2746875000000003E+01    -2.4097840344735771E-01
 3.2790624999999999E+01    -2.5078491920868223E-01
 3.2834375000000001E+01    -2.6058377513141417E-01
 3.2878124999999997E+01    -2.7036192885273874E-01
 3.2921875000000000E+01    -2.8010488526660798E-01
 3.2965625000000003E+01    -2.8979663943744166E-01
 3.3009374999999999E+01    -2.9941962911326225E-01
 3.3053125000000001E+01    -3.0895469943698439E-01
 3.3096874999999997E+01    -3.1838108258254000E-01
 3.3140625000000000E+01    -3.2767639509072988E-01
 3.3184375000000003E+01    -3.3681665563299512E-01
 3.3228124999999999E+01    -3.4577632577820394E-01
 3.3271875000000001E+01    -3.5452837606762433E-01
 3.3315624999999997E+01    -3.6304437931374456E-01
 3.3359375000000000E+01    -3.7129463252997319E-01
 3.3403125000000003E+01    -3.7924830827640749E-01
 3.3446874999999999E+01    -3.8687363548660503E-01
 3.3490625000000001E+01    -3.9413810903668867E-01
 3.3534374999999997E+01    -4.0100872645705066E-01
 3.3578125000000000E+01    -4.0745224929518647E-01
 3.3621874999999996E+01    -4.1343548574615696E-01
 3.3665624999999999E+01    -4.1892559031131377E-01
 3.3709375000000001E+01    -4.2389037545816349E-01
 3.3753124999999997E+01    -4.2829862957324083E-01
 3.3796875000000000E+01    -4.3212043495588448E-01
 3.3840624999999996E+01    -4.3532747922738568E-01
 3.3884374999999999E+01    -4.3789335335116780E-01
 3.3928125000000001E+01    -4.3979382949522894E-01
 3.3971874999999997E+01    -4.4100711223103689E-01
 3.4015625000000000E+01    -4.4128858201534732E-01
 3.4059374999999996E+01    -4.3801551873770628E-01
 3.4103124999999999E+01    -4.3057536508563754E-01
 3.4146875000000001E+01    -4.1921450432277102E-01
 3.4190624999999997E+01    -4.0425515260349859E-01
 3.4234375000000000E+01    -3.8609340545391713E-01
 3.4278124999999996E+01    -3.6519113602089143E-01
 3.4321874999999999E+01    -3.4206160080901443E-01
 3.4365625000000001E+01    -3.1725008862007753E-01
 3.4409374999999997E+01    -2.9131143433734347E-01
 3.4453125000000000E+01    -2.6478626081560208E-01
 3.4496874999999996E+01    -2.3817770142092864E-01
 3.4540624999999999E+01    -2.1193021127276521E-01
 3.4584375000000001E+01    -1.8641193418626828E-01
 3.4628124999999997E+01    -1.6190195711223104E-01
 3.4671875000000000E+01    -1.3858363469681351E-01
 3.4715624999999996E+01    -1.1654496154461405E-01
 3.4759374999999999E+01    -9.5786649309771571E-02
 3.4803125000000001E+01    -7.6238070400917471E-02
 3.4846874999999997E+01    -5.7780531326903362E-02
 3.4890625000000000E+01    -4.0276471003141731E-02
 3.4934374999999996E+01    -2.3602253443703623E-02
 3.4978124999999999E+01    -7.6814049654569264E-03
