#                  time                       real
 2.1874999999999999E-02     5.3878153862762816E-03
 6.5624999999999989E-02     1.2832784922382309E-02
 1.0937500000000000E-01     1.5485431091070808E-02
 1.5312499999999998E-01     1.2704452839778134E-02
 1.9687499999999999E-01     3.6819146770383044E-03
 2.4062500000000001E-01    -1.2419912819936136E-02
 2.8437499999999993E-01    -3.6288759943457573E-02
 3.2812499999999994E-01    -6.8252120135922315E-02
 3.7187499999999996E-01    -1.0806051173594118E-01
 4.1562499999999997E-01    -1.5470128712776587E-01
 4.5937499999999998E-01    -2.0629094715879603E-01
 5.0312499999999993E-01    -2.6009628738244112E-01
 5.4687499999999989E-01    -3.1272142641286915E-01
 5.9062499999999996E-01    -3.6046472342865005E-01
 6.3437499999999991E-01    -3.9980041535340621E-01
 6.7812499999999998E-01    -4.2788894395988664E-01
 7.2187499999999993E-01    -4.4299020870083755E-01
 7.6562499999999989E-01    -4.4466641252859945E-01
 8.0937499999999996E-01    -4.3372053819679524E-01
 8.5312499999999991E-01    -4.1190231265680682E-01
 8.9687499999999998E-01    -3.8148690046600331E-01
 9.4062499999999993E-01    -3.4485770681761196E-01
 9.8437499999999989E-01    -3.0419559104886834E-01
 1.0281250000000000E+00    -2.6270153679499986E-01
 1.0718749999999999E+00    -2.2582463612889050E-01
 1.1156250000000001E+00    -1.9321157184574639E-01
 1.1593750000000000E+00    -1.6418023501290713E-01
 1.2031250000000000E+00    -1.3818827496412403E-01
 1.2468750000000000E+00    -1.1480307713303971E-01
 1.2906249999999999E+00    -9.3678206985975385E-02
 1.3343750000000001E+00    -7.4535046784583475E-02
 1.3781250000000000E+00    -5.7148515018951435E-02
 1.4218750000000000E+00    -4.1335955915042563E-02
 1.4656250000000000E+00    -2.6948473322044954E-02
 1.5093749999999999E+00    -1.3864143171255063E-02
 1.5531250000000001E+00    -1.9826685275209630E-03
 1.5968750000000000E+00     8.7788564257026760E-03
 1.6406250000000000E+00     1.8489327907647499E-02
 1.6843750000000000E+00     2.7206353310237880E-02
 1.7281249999999999E+00     3.4978458713329053E-02
 1.7718750000000001E+00     4.1846895487826857E-02
 1.8156250000000000E+00     4.7847131606924304E-02
 1.8593750000000000E+00     5.3010092939820765E-02
 1.9031250000000000E+00     5.7363204272735523E-02
 1.9468749999999999E+00     6.0931267915481153E-02
 1.9906249999999999E+00     6.3737208634461556E-02
 2.0343749999999998E+00     6.5802706654176660E-02
 2.0781250000000000E+00     6.7148735108167448E-02
 2.1218749999999997E+00     6.7796014238349092E-02
 2.1656249999999999E+00     6.7765391571370293E-02
 2.2093750000000001E+00     6.7078155038933412E-02
 2.2531249999999998E+00     6.5756284398753320E-02
 2.2968750000000000E+00     6.3822645230045438E-02
 2.3406249999999997E+00     6.1301129118635604E-02
 2.3843749999999999E+00     5.8216743326152162E-02
 2.4281250000000001E+00     5.4595653178357094E-02
 2.4718749999999998E+00     5.0465180541576803E-02
 2.5156250000000000E+00     4.5853762021640342E-02
 2.5593749999999997E+00     4.0790870860208689E-02
 2.6031249999999999E+00     3.5306906868595327E-02
 2.6468750000000001E+00     2.9433059084215989E-02
 2.6906249999999998E+00     2.3201146121865687E-02
 2.7343750000000000E+00     1.6643439390098238E-02
 2.7781249999999997E+00     9.7924744291167515E-03
 2.8218749999999999E+00     2.6808555861291047E-03
 2.8656250000000001E+00    -4.6589409292803830E-03
 2.9093749999999998E+00    -1.2194760871621323E-02
 2.9531250000000000E+00    -1.9894958355097823E-02
 2.9968749999999997E+00    -2.7728571035568191E-02
 3.0406249999999999E+00    -3.5665480908209729E-02
 3.0843750000000001E+00    -4.3676558218183496E-02
 3.1281249999999998E+00    -5.1733786676822928E-02
 3.1718750000000000E+00    -5.9810368869751031E-02
 3.2156249999999997E+00    -6.7880811408239122E-02
 3.2593749999999999E+00    -7.5920989987371262E-02
 3.3031250000000001E+00    -8.3908195054600065E-02
 3.3468749999999998E+00    -9.1821159246096795E-02
 3.3906250000000000E+00    -9.9640068107812674E-02
 3.4343749999999997E+00    -1.0734655588119407E-01
 3.4781249999999999E+00    -1.1492368830288079E-01
 3.5218750000000001E+00    -1.2235593445033630E-01
 3.5656249999999998E+00    -1.2962912967213649E-01
 3.6093750000000000E+00    -1.3673043158397091E-01
 3.6531249999999997E+00    -1.4364827100292196E-01
 3.6968749999999999E+00    -1.5037229954561276E-01
 3.7406249999999996E+00    -1.5689333544212422E-01
 3.7843749999999998E+00    -1.6320330892751952E-01
 3.8281250000000000E+00    -1.6929520837483941E-01
 3.8718749999999997E+00    -1.7516302813422460E-01
 3.9156249999999999E+00    -1.8080171884807880E-01
 3.9593749999999996E+00    -1.8620714082492743E-01
 4.0031249999999998E+00    -1.9137602087854255E-01
 4.0468749999999991E+00    -1.9630591287543125E-01
 4.0906249999999993E+00    -2.0099516208417695E-01
 4.1343749999999995E+00    -2.0544287328564814E-01
 4.1781249999999996E+00    -2.0964888248408087E-01
 4.2218749999999989E+00    -2.1361373195585104E-01
 4.2656249999999991E+00    -2.1733864828523097E-01
 4.3093749999999993E+00    -2.2082552296546404E-01
 4.3531249999999995E+00    -2.2407689508691780E-01
 4.3968749999999996E+00    -2.2709593559366792E-01
 4.4406249999999989E+00    -2.2988643256286007E-01
 4.4843749999999991E+00    -2.3245277694853980E-01
 4.5281249999999993E+00    -2.3479994823064274E-01
 4.5718749999999995E+00    -2.3693349942108483E-01
 4.6156249999999996E+00    -2.3885954089976147E-01
 4.6593749999999989E+00    -2.4058472258357608E-01
 4.7031249999999991E+00    -2.4211621396909705E-01
 4.7468749999999993E+00    -2.4346168163405793E-01
 4.7906249999999995E+00    -2.4462926383154396E-01
 4.8343749999999996E+00    -2.4562754186386063E-01
 4.8781249999999989E+00    -2.4646550797803415E-01
 4.9218749999999991E+00    -2.4715252958092371E-01
 4.9656249999999993E+00    -2.4769830962763939E-01
 5.0093749999999995E+00    -2.4811284309065118E-01
 5.0531249999999996E+00    -2.4840636946829972E-01
 5.0968749999999989E+00    -2.4858932133792241E-01
 5.1406249999999991E+00    -2.4867226900083444E-01
 5.1843749999999993E+00    -2.4866586130223151E-01
 5.2281249999999995E+00    -2.4858076273844576E-01
 5.2718749999999996E+00    -2.4842758698694023E-01
 5.3156249999999989E+00    -2.4821682701091638E-01
 5.3593749999999991E+00    -2.4795878190099926E-01
 5.4031249999999993E+00    -2.4766348062339125E-01
 5.4468749999999995E+00    -2.4734060284715503E-01
 5.4906249999999996E+00    -2.4699939702780360E-01
 5.5343749999999989E+00    -2.4664859593046870E-01
 5.5781249999999991E+00    -2.4629632978913810E-01
 5.6218749999999993E+00    -2.4595003732160053E-01
 5.6656249999999995E+00    -2.4561637485629084E-01
 5.7093749999999996E+00    -2.4530112388217734E-01
 5.7531249999999989E+00    -2.4500909740796073E-01
 5.7968749999999991E+00    -2.4474404561624954E-01
 5.8406249999999993E+00    -2.4450856142235824E-01
 5.8843749999999995E+00    -2.4430398669644229E-01
 5.9281249999999996E+00    -2.4413032008044233E-01
 5.9718749999999989E+00    -2.4398612752349147E-01
 6.0156249999999991E+00    -2.4386845686548517E-01
 6.0593749999999993E+00    -2.4377275801093212E-01
 6.1031249999999995E+00    -2.4369281044242130E-01
 6.1468749999999996E+00    -2.4362066001543325E-01
 6.1906249999999989E+00    -2.4354656713770326E-01
 6.2343749999999991E+00    -2.4345896855521715E-01
 6.2781249999999993E+00    -2.4334445502718222E-01
 6.3218749999999995E+00    -2.4318776716100474E-01
 6.3656249999999996E+00    -2.4297181180865096E-01
 6.4093749999999989E+00    -2.4268044301723490E-01
 6.4531249999999991E+00    -2.4230535928179417E-01
 6.4968749999999993E+00    -2.4183871626695616E-01
 6.5406249999999995E+00    -2.4127117022045358E-01
 6.5843749999999996E+00    -2.4059203182995573E-01
 6.6281249999999989E+00    -2.3978943969969330E-01
 6.6718749999999991E+00    -2.3885055202333125E-01
 6.7156249999999993E+00    -2.3776175426016427E-01
 6.7593749999999995E+00    -2.3650888005214191E-01
 6.8031249999999996E+00    -2.3507744215970200E-01
 6.8468749999999989E+00    -2.3345286982350638E-01
 6.8906249999999991E+00    -2.3162074867974955E-01
 6.9343749999999993E+00    -2.2956705917663220E-01
 6.9781249999999995E+00    -2.2727840936736377E-01
 7.0218749999999996E+00    -2.2474225799541608E-01
 7.0656249999999989E+00    -2.2194712394285898E-01
 7.1093749999999991E+00    -2.1888277837783676E-01
 7.1531249999999993E+00    -2.1554041630717574E-01
 7.1968749999999995E+00    -2.1191280470127763E-01
 7.2406249999999988E+00    -2.0799440489758680E-01
 7.2843749999999989E+00    -2.0378146758725457E-01
 7.3281249999999991E+00    -1.9927209932901463E-01
 7.3718749999999993E+00    -1.9446630019274269E-01
 7.4156249999999995E+00    -1.8936597279430800E-01
 7.4593749999999988E+00    -1.8397490362185082E-01
 7.5031249999999989E+00    -1.7829871815474374E-01
 7.5468749999999991E+00    -1.7234481182369332E-01
 7.5906249999999993E+00    -1.6612225934036584E-01
 7.6343749999999995E+00    -1.5964170532715491E-01
 7.6781249999999988E+00    -1.5291523949439342E-01
 7.7218749999999989E+00    -1.4595625983778210E-01
 7.7656249999999991E+00    -1.3877932746163926E-01
 7.8093749999999993E+00    -1.3140001667261120E-01
 7.8531249999999995E+00    -1.2383476393599875E-01
 7.8968749999999988E+00    -1.1610071914696302E-01
 7.9406249999999989E+00    -1.0821560244587174E-01
 7.9843749999999991E+00    -1.0019756950846481E-01
 8.0281249999999993E+00    -9.2065087874451820E-02
 8.0718749999999986E+00    -8.3836826452230090E-02
 8.1156249999999996E+00    -7.5531559862308362E-02
 8.1593749999999989E+00    -6.7168088770117748E-02
 8.2031250000000000E+00    -5.8765176822103846E-02
 8.2468749999999993E+00    -5.0341504252815666E-02
 8.2906249999999986E+00    -4.1915637689623877E-02
 8.3343749999999996E+00    -3.3506015163276767E-02
 8.3781249999999989E+00    -2.5130944853148478E-02
 8.4218749999999982E+00    -1.6808615673723756E-02
 8.4656249999999993E+00    -8.5571174595381171E-03
 8.5093749999999986E+00    -3.9446824429943770E-04
 8.5531249999999996E+00     7.6613540319114245E-03
 8.5968749999999989E+00     1.5592378107335169E-02
 8.6406249999999982E+00     2.3380606938136574E-02
 8.6843749999999993E+00     3.1007988689368299E-02
 8.7281249999999986E+00     3.8456393405630687E-02
 8.7718749999999996E+00     4.5707597232673022E-02
 8.8156249999999989E+00     5.2743275632894181E-02
 8.8593749999999982E+00     5.9545006559698667E-02
 8.9031249999999993E+00     6.6094284051773117E-02
 8.9468749999999986E+00     7.2372542203254966E-02
 8.9906249999999996E+00     7.8361188983553681E-02
 9.0343749999999989E+00     8.4041648942572267E-02
 9.0781249999999982E+00     8.9395413461959464E-02
 9.1218749999999993E+00     9.4404096914149471E-02
 9.1656249999999986E+00     9.9049496877627430E-02
 9.2093749999999996E+00     1.0331365643320786E-01
 9.2531249999999989E+00     1.0717892653182418E-01
 9.2968749999999982E+00     1.1062802647488684E-01
 9.3406249999999993E+00     1.1364410067596445E-01
 9.3843749999999986E+00     1.1621077006729025E-01
 9.4281249999999996E+00     1.1831217676406404E-01
 9.4718749999999989E+00     1.1993302089023115E-01
 9.5156249999999982E+00     1.2105858878788724E-01
 9.5593749999999993E+00     1.2167487948996139E-01
 9.6031249999999986E+00     1.2177570943487796E-01
 9.6468749999999996E+00     1.2136713546395059E-01
 9.6906249999999989E+00     1.2045687440702918E-01
 9.7343749999999982E+00     1.1905322756585945E-01
 9.7781249999999993E+00     1.1716505614671435E-01
 9.8218749999999986E+00     1.1480175275745334E-01
 9.8656249999999996E+00     1.1197320989552205E-01
 9.9093749999999989E+00     1.0868978637912007E-01
 9.9531249999999982E+00     1.0496227270271624E-01
 9.9968749999999993E+00     1.0080185629408141E-01
 1.0040624999999999E+01     9.6220087605939753E-02
 1.0084375000000000E+01     9.1228847894388509E-02
 1.0128124999999999E+01     8.5840319425582720E-02
 1.0171874999999998E+01     8.0066958719902701E-02
 1.0215624999999999E+01     7.3921473297194035E-02
 1.0259374999999999E+01     6.7416802235085255E-02
 1.0303125000000000E+01     6.0566100701707905E-02
 1.0346874999999999E+01     5.3382728479956655E-02
 1.0390624999999998E+01     4.5880242367537911E-02
 1.0434374999999999E+01     3.8072392218434788E-02
 1.0478124999999999E+01     2.9973120290010872E-02
 1.0521875000000000E+01     2.1596563476610809E-02
 1.0565624999999999E+01     1.2957057945588225E-02
 1.0609374999999998E+01     4.0691456453503475E-03
 1.0653124999999999E+01    -5.0524178746372750E-03
 1.0696874999999999E+01    -1.4392654905218304E-02
 1.0740625000000000E+01    -2.3936356853625954E-02
 1.0784374999999999E+01    -3.3668075914687116E-02
 1.0828124999999998E+01    -4.3572117675026459E-02
 1.0871874999999999E+01    -5.3632535157131407E-02
 1.0915624999999999E+01    -6.3833124772185806E-02
 1.0959375000000000E+01    -7.4157424607857431E-02
 1.1003124999999999E+01    -8.4588715430342992E-02
 1.1046874999999998E+01    -9.5110024730132345E-02
 1.1090624999999999E+01    -1.0570413408899462E-01
 1.1134374999999999E+01    -1.1635359009176156E-01
 1.1178125000000000E+01    -1.2704071895129151E-01
 1.1221874999999999E+01    -1.3774764495826486E-01
 1.1265624999999998E+01    -1.4845631280924881E-01
 1.1309374999999999E+01    -1.5914851380718331E-01
 1.1353124999999999E+01    -1.6980591586712124E-01
 1.1396875000000000E+01    -1.8041009719786494E-01
 1.1440624999999999E+01    -1.9094258346617410E-01
 1.1484374999999998E+01    -2.0138488818552824E-01
 1.1528124999999999E+01    -2.1171855600612616E-01
 1.1571874999999999E+01    -2.2192520851799902E-01
 1.1615625000000000E+01    -2.3198659211545819E-01
 1.1659374999999999E+01    -2.4188462741048200E-01
 1.1703124999999998E+01    -2.5160145962586528E-01
 1.1746874999999999E+01    -2.6111950934890826E-01
 1.1790624999999999E+01    -2.7042152298380318E-01
 1.1834375000000000E+01    -2.7949062220915111E-01
 1.1878124999999999E+01    -2.8831035172739755E-01
 1.1921874999999998E+01    -2.9686472458767749E-01
 1.1965624999999999E+01    -3.0513826437518915E-01
 1.2009374999999999E+01    -3.1311604358915063E-01
 1.2053125000000000E+01    -3.2078371757986562E-01
 1.2096874999999999E+01    -3.2812755348355765E-01
 1.2140624999999998E+01    -3.3513445368067879E-01
 1.2184374999999999E+01    -3.4179197340983775E-01
 1.2228124999999999E+01    -3.4808833229159153E-01
 1.2271875000000000E+01    -3.5401241965314068E-01
 1.2315624999999999E+01    -3.5955379369132262E-01
 1.2359374999999998E+01    -3.6470267466304829E-01
 1.2403124999999999E+01    -3.6944993244466307E-01
 1.2446874999999999E+01    -3.7378706894694552E-01
 1.2490625000000000E+01    -3.7770619600610994E-01
 1.2534374999999999E+01    -3.8120000948457600E-01
 1.2578124999999998E+01    -3.8426176040304016E-01
 1.2621874999999999E+01    -3.8688522398136116E-01
 1.2665624999999999E+01    -3.8906466748360730E-01
 1.2709375000000000E+01    -3.9079481773984615E-01
 1.2753124999999999E+01    -3.9207155740196914E-01
 1.2796874999999998E+01    -3.9290246516040250E-01
 1.2840624999999999E+01    -3.9330440098055197E-01
 1.2884374999999999E+01    -3.9329482481239886E-01
 1.2928125000000000E+01    -3.9289154550605598E-01
 1.2971874999999999E+01    -3.9211271329430986E-01
 1.3015624999999998E+01    -3.9097681448155941E-01
 1.3059374999999999E+01    -3.8950266805548117E-01
 1.3103124999999999E+01    -3.8770942344734993E-01
 1.3146875000000000E+01    -3.8561655830900643E-01
 1.3190624999999999E+01    -3.8324387491173484E-01
 1.3234374999999998E+01    -3.8061149358857671E-01
 1.3278124999999999E+01    -3.7773984153253398E-01
 1.3321874999999999E+01    -3.7464963522555422E-01
 1.3365625000000000E+01    -3.7136185480985501E-01
 1.3409374999999999E+01    -3.6789770882298944E-01
 1.3453124999999998E+01    -3.6427858789992618E-01
 1.3496874999999999E+01    -3.6052600629727682E-01
 1.3540624999999999E+01    -3.5666153040957338E-01
 1.3584375000000000E+01    -3.5270669381950176E-01
 1.3628124999999999E+01    -3.4868289884212711E-01
 1.3671874999999998E+01    -3.4461130497604570E-01
 1.3715624999999999E+01    -3.4051270514901261E-01
 1.3759374999999999E+01    -3.3640739112632717E-01
 1.3803125000000000E+01    -3.3231500992206597E-01
 1.3846874999999999E+01    -3.2825441349935103E-01
 1.3890624999999998E+01    -3.2424350444928135E-01
 1.3934374999999999E+01    -3.2029908068490459E-01
 1.3978124999999999E+01    -3.1643668245911782E-01
 1.4021875000000000E+01    -3.1267044520302767E-01
 1.4065624999999999E+01    -3.0901296177098575E-01
 1.4109374999999998E+01    -3.0547515766292033E-01
 1.4153124999999999E+01    -3.0206618266764756E-01
 1.4196874999999999E+01    -2.9879332213147847E-01
 1.4240624999999998E+01    -2.9566193070602764E-01
 1.4284374999999999E+01    -2.9267539097457407E-01
 1.4328124999999998E+01    -2.8983509880754144E-01
 1.4371874999999999E+01    -2.8714047666997644E-01
 1.4415624999999999E+01    -2.8458901541556580E-01
 1.4459374999999998E+01    -2.8217634437505057E-01
 1.4503124999999999E+01    -2.7989632880754745E-01
 1.4546874999999998E+01    -2.7774119305796963E-01
 1.4590624999999999E+01    -2.7570166708132426E-01
 1.4634374999999999E+01    -2.7376715338305330E-01
 1.4678124999999998E+01    -2.7192591091035800E-01
 1.4721874999999999E+01    -2.7016525203644748E-01
 1.4765624999999998E+01    -2.6847174852622507E-01
 1.4809374999999999E+01    -2.6683144227261923E-01
 1.4853124999999999E+01    -2.6523005665253951E-01
 1.4896874999999998E+01    -2.6365320457030517E-01
 1.4940624999999999E+01    -2.6208658962511355E-01
 1.4984374999999998E+01    -2.6051619734000109E-01
 1.5028124999999999E+01    -2.5892847399975949E-01
 1.5071874999999999E+01    -2.5731049133379102E-01
 1.5115624999999998E+01    -2.5565009601208966E-01
 1.5159374999999999E+01    -2.5393604366187955E-01
 1.5203124999999998E+01    -2.5215811781993264E-01
 1.5246874999999999E+01    -2.5030723487624523E-01
 1.5290624999999999E+01    -2.4837553660452202E-01
 1.5334374999999998E+01    -2.4635647228708049E-01
 1.5378124999999999E+01    -2.4424487270551409E-01
 1.5421874999999998E+01    -2.4203701837045991E-01
 1.5465624999999999E+01    -2.3973070429991739E-01
 1.5509374999999999E+01    -2.3732530342934796E-01
 1.5553124999999998E+01    -2.3482183036006121E-01
 1.5596874999999999E+01    -2.3222300664520490E-01
 1.5640624999999998E+01    -2.2953332819988470E-01
 1.5684374999999999E+01    -2.2675913473678366E-01
 1.5728124999999999E+01    -2.2390868040422279E-01
 1.5771874999999998E+01    -2.2099220408104070E-01
 1.5815624999999999E+01    -2.1802199709948317E-01
 1.5859374999999998E+01    -2.1501246556433543E-01
 1.5903124999999999E+01    -2.1198018395126952E-01
 1.5946874999999999E+01    -2.0894147025456239E-01
 1.5990624999999998E+01    -2.0589995958895968E-01
 1.6034375000000001E+01    -2.0285593063856475E-01
 1.6078125000000000E+01    -1.9981183255533597E-01
 1.6121874999999999E+01    -1.9677223390733015E-01
 1.6165625000000002E+01    -1.9374374246779225E-01
 1.6209375000000001E+01    -1.9073490004424914E-01
 1.6253125000000001E+01    -1.8775604937613494E-01
 1.6296875000000000E+01    -1.8481917211566937E-01
 1.6340624999999999E+01    -1.8193769861377512E-01
 1.6384375000000002E+01    -1.7912629175452932E-01
 1.6428125000000001E+01    -1.7640060842727798E-01
 1.6471875000000001E+01    -1.7377704337150338E-01
 1.6515625000000000E+01    -1.7127246103951221E-01
 1.6559374999999999E+01    -1.6890392176276658E-01
 1.6603125000000002E+01    -1.6668840885426228E-01
 1.6646875000000001E+01    -1.6464256332106444E-01
 1.6690625000000001E+01    -1.6278243260285966E-01
 1.6734375000000000E+01    -1.6112323921493096E-01
 1.6778124999999999E+01    -1.5967917439437818E-01
 1.6821874999999999E+01    -1.5846322087382902E-01
 1.6865625000000001E+01    -1.5748700779666783E-01
 1.6909375000000001E+01    -1.5676069960246730E-01
 1.6953125000000000E+01    -1.5629291951563337E-01
 1.6996874999999999E+01    -1.5609070712156878E-01
 1.7040624999999999E+01    -1.5615950846652932E-01
 1.7084375000000001E+01    -1.5650319621009376E-01
 1.7128125000000001E+01    -1.5712411662420123E-01
 1.7171875000000000E+01    -1.5802315968554501E-01
 1.7215624999999999E+01    -1.5919984815562258E-01
 1.7259374999999999E+01    -1.6065244137699036E-01
 1.7303125000000001E+01    -1.6237804952094062E-01
 1.7346875000000001E+01    -1.6437275417733033E-01
 1.7390625000000000E+01    -1.6663173145524529E-01
 1.7434374999999999E+01    -1.6914937413282732E-01
 1.7478124999999999E+01    -1.7191940982823620E-01
 1.7521875000000001E+01    -1.7493501263106606E-01
 1.7565625000000001E+01    -1.7818890611211113E-01
 1.7609375000000000E+01    -1.8167345609688182E-01
 1.7653124999999999E+01    -1.8538075202903848E-01
 1.7696874999999999E+01    -1.8930267615195898E-01
 1.7740625000000001E+01    -1.9343096009241201E-01
 1.7784375000000001E+01    -1.9775722873605808E-01
 1.7828125000000000E+01    -2.0227303153964071E-01
 1.7871874999999999E+01    -2.0696986163128187E-01
 1.7915624999999999E+01    -2.1183916321214546E-01
 1.7959375000000001E+01    -2.1687232789475736E-01
 1.8003125000000001E+01    -2.2206068070136950E-01
 1.8046875000000000E+01    -2.2739545650571030E-01
 1.8090624999999999E+01    -2.3286776773938228E-01
 1.8134374999999999E+01    -2.3846856420502915E-01
 1.8178125000000001E+01    -2.4418858584743591E-01
 1.8221875000000001E+01    -2.5001830933500391E-01
 1.8265625000000000E+01    -2.5594788930099821E-01
 1.8309374999999999E+01    -2.6196709508951266E-01
 1.8353124999999999E+01    -2.6806524384748631E-01
 1.8396875000000001E+01    -2.7423113080283790E-01
 1.8440625000000001E+01    -2.8045295757075295E-01
 1.8484375000000000E+01    -2.8671825933640227E-01
 1.8528124999999999E+01    -2.9301383177240387E-01
 1.8571874999999999E+01    -2.9932565856351095E-01
 1.8615625000000001E+01    -3.0563884042821471E-01
 1.8659375000000001E+01    -3.1193752654641022E-01
 1.8703125000000000E+01    -3.1820484932256271E-01
 1.8746874999999999E+01    -3.2442286343331184E-01
 1.8790624999999999E+01    -3.3057249012517786E-01
 1.8834375000000001E+01    -3.3663346773951847E-01
 1.8878125000000001E+01    -3.4258430944587659E-01
 1.8921875000000000E+01    -3.4840226915822475E-01
 1.8965624999999999E+01    -3.5406331658893847E-01
 1.9009374999999999E+01    -3.5954212235960020E-01
 1.9053125000000001E+01    -3.6481205403297706E-01
 1.9096875000000001E+01    -3.6984519531777582E-01
 1.9140625000000000E+01    -3.7461894256863071E-01
 1.9184374999999999E+01    -3.7912707564937120E-01
 1.9228124999999999E+01    -3.8336516060696180E-01
 1.9271875000000001E+01    -3.8732777855199385E-01
 1.9315625000000001E+01    -3.9100866290798664E-01
 1.9359375000000000E+01    -3.9440083216242927E-01
 1.9403124999999999E+01    -3.9749672160961308E-01
 1.9446874999999999E+01    -4.0028831542132870E-01
 1.9490625000000001E+01    -4.0276727929673956E-01
 1.9534375000000001E+01    -4.0492509337309679E-01
 1.9578125000000000E+01    -4.0675318477119815E-01
 1.9621874999999999E+01    -4.0824305898392721E-01
 1.9665624999999999E+01    -4.0938642923291124E-01
 1.9709375000000001E+01    -4.1017534288531193E-01
 1.9753125000000001E+01    -4.1060230402312009E-01
 1.9796875000000000E+01    -4.1066039128037751E-01
 1.9840624999999999E+01    -4.1034337010288691E-01
 1.9884374999999999E+01    -4.0964579863612915E-01
 1.9928125000000001E+01    -4.0856312650689486E-01
 1.9971875000000001E+01    -4.0709178583037237E-01
 2.0015625000000000E+01    -4.0522927384577229E-01
 2.0059374999999999E+01    -4.0297422665842542E-01
 2.0103124999999999E+01    -4.0032648364429368E-01
 2.0146875000000001E+01    -3.9728714215263228E-01
 2.0190625000000001E+01    -3.9385860222442565E-01
 2.0234375000000000E+01    -3.9004460112726802E-01
 2.0278124999999999E+01    -3.8585023759114145E-01
 2.0321874999999999E+01    -3.8128198571438615E-01
 2.0365625000000001E+01    -3.7634769859328771E-01
 2.0409375000000001E+01    -3.7105660181280864E-01
 2.0453125000000000E+01    -3.6541927701839327E-01
 2.0496874999999999E+01    -3.5944763586904599E-01
 2.0540624999999999E+01    -3.5315488474927081E-01
 2.0584375000000001E+01    -3.4655548068999587E-01
 2.0628125000000001E+01    -3.3966507901683596E-01
 2.0671875000000000E+01    -3.3250047330483823E-01
 2.0715624999999999E+01    -3.2507952827346503E-01
 2.0759374999999999E+01    -3.1742110630132586E-01
 2.0803125000000001E+01    -3.0954498827763705E-01
 2.0846875000000001E+01    -3.0147178953529663E-01
 2.0890625000000000E+01    -2.9322287162939631E-01
 2.0934374999999999E+01    -2.8482025073417722E-01
 2.0978124999999999E+01    -2.7628650343216732E-01
 2.1021875000000001E+01    -2.6764467066104525E-01
 2.1065625000000001E+01    -2.5891816056841976E-01
 2.1109375000000000E+01    -2.5013065100246634E-01
 2.1153124999999999E+01    -2.4130599233875516E-01
 2.1196874999999999E+01    -2.3246811131172326E-01
 2.1240625000000001E+01    -2.2364091648426895E-01
 2.1284375000000001E+01    -2.1484820595219137E-01
 2.1328125000000000E+01    -2.0611357784272735E-01
 2.1371874999999999E+01    -1.9746034412977004E-01
 2.1415624999999999E+01    -1.8891144825269288E-01
 2.1459375000000001E+01    -1.8048938699278630E-01
 2.1503125000000001E+01    -1.7221613703128896E-01
 2.1546875000000000E+01    -1.6411308658653645E-01
 2.1590624999999999E+01    -1.5620097250563494E-01
 2.1634374999999999E+01    -1.4849982316803306E-01
 2.1678125000000001E+01    -1.4102890754512398E-01
 2.1721875000000001E+01    -1.3380669075067611E-01
 2.1765625000000000E+01    -1.2685079641243083E-01
 2.1809374999999999E+01    -1.2017797619353759E-01
 2.1853124999999999E+01    -1.1380408679437094E-01
 2.1896875000000001E+01    -1.0774407476798059E-01
 2.1940625000000001E+01    -1.0201196948625738E-01
 2.1984375000000000E+01    -9.6620884595045045E-02
 2.2028124999999999E+01    -9.1583028294536864E-02
 2.2071874999999999E+01    -8.6909722772522430E-02
 2.2115625000000001E+01    -8.2611433100495082E-02
 2.2159375000000001E+01    -7.8697805873300358E-02
 2.2203125000000000E+01    -7.5177717829463642E-02
 2.2246874999999999E+01    -7.2059334628828492E-02
 2.2290624999999999E+01    -6.9349858415736890E-02
 2.2334375000000001E+01    -6.7044077160502397E-02
 2.2378125000000001E+01    -6.5121264697375253E-02
 2.2421875000000000E+01    -6.3559317726723685E-02
 2.2465624999999999E+01    -6.2335807361989681E-02
 2.2509374999999999E+01    -6.1428080972081793E-02
 2.2553125000000001E+01    -6.0813378405056816E-02
 2.2596875000000001E+01    -6.0468958927021796E-02
 2.2640625000000000E+01    -6.0372236325524797E-02
 2.2684374999999999E+01    -6.0500920109397879E-02
 2.2728124999999999E+01    -6.0833160910062745E-02
 2.2771875000000001E+01    -6.1347698214324162E-02
 2.2815625000000001E+01    -6.2024008518106410E-02
 2.2859375000000000E+01    -6.2842451928361576E-02
 2.2903124999999999E+01    -6.3784415179796411E-02
 2.2946874999999999E+01    -6.4832448988260724E-02
 2.2990625000000001E+01    -6.5970397640909909E-02
 2.3034375000000001E+01    -6.7183518729959105E-02
 2.3078125000000000E+01    -6.8458590975329026E-02
 2.3121874999999999E+01    -6.9784008154079841E-02
 2.3165624999999999E+01    -7.1149857263703001E-02
 2.3209375000000001E+01    -7.2547979194431858E-02
 2.3253125000000001E+01    -7.3972010373583613E-02
 2.3296875000000000E+01    -7.5417404075591762E-02
 2.3340624999999999E+01    -7.6881430364030945E-02
 2.3384374999999999E+01    -7.8363153948242406E-02
 2.3428125000000001E+01    -7.9863389593772732E-02
 2.3471875000000001E+01    -8.1384635121154972E-02
 2.3515625000000000E+01    -8.2930982453901306E-02
 2.3559374999999999E+01    -8.4508007627798226E-02
 2.3603124999999999E+01    -8.6122641136628625E-02
 2.3646875000000001E+01    -8.7783020451920629E-02
 2.3690625000000001E+01    -8.9498326999782329E-02
 2.3734375000000000E+01    -9.1278610288278078E-02
 2.3778124999999999E+01    -9.3134602235576791E-02
 2.3821874999999999E+01    -9.5077525033243862E-02
 2.3865625000000001E+01    -9.7118896073631888E-02
 2.3909375000000001E+01    -9.9270333559822538E-02
 2.3953125000000000E+01    -1.0154336639103810E-01
 2.3996874999999999E+01    -1.0394925176956921E-01
 2.4040624999999999E+01    -1.0649880370732759E-01
 2.4084375000000001E+01    -1.0920223522877827E-01
 2.4128125000000001E+01    -1.1206901658447517E-01
 2.4171875000000000E+01    -1.1510775122601165E-01
 2.4215624999999999E+01    -1.1832607067348491E-01
 2.4259374999999999E+01    -1.2173054875878485E-01
 2.4303125000000001E+01    -1.2532663508242031E-01
 2.4346875000000001E+01    -1.2911860690906582E-01
 2.4390625000000000E+01    -1.3310953817477622E-01
 2.4434374999999999E+01    -1.3730128381268972E-01
 2.4478124999999999E+01    -1.4169447724139331E-01
 2.4521875000000001E+01    -1.4628853861489829E-01
 2.4565625000000001E+01    -1.5108169130892385E-01
 2.4609375000000000E+01    -1.5607098411507650E-01
 2.4653124999999999E+01    -1.6125231672198598E-01
 2.4696874999999999E+01    -1.6662046626856730E-01
 2.4740625000000001E+01    -1.7216911303934176E-01
 2.4784375000000001E+01    -1.7789086371572707E-01
 2.4828125000000000E+01    -1.8377727097704760E-01
 2.4871874999999999E+01    -1.8981884864029525E-01
 2.4915624999999999E+01    -1.9600508191733995E-01
 2.4959375000000001E+01    -2.0232443273576642E-01
 2.5003125000000001E+01    -2.0876434040027037E-01
 2.5046875000000000E+01    -2.1531121815608772E-01
 2.5090624999999999E+01    -2.2195044644660444E-01
 2.5134374999999999E+01    -2.2866636383232794E-01
 2.5178125000000001E+01    -2.3544225665688504E-01
 2.5221875000000001E+01    -2.4226034861063822E-01
 2.5265625000000000E+01    -2.4910179135823346E-01
 2.5309374999999999E+01    -2.5594665736841027E-01
 2.5353124999999999E+01    -2.6277393601933818E-01
 2.5396875000000001E+01    -2.6956153395647892E-01
 2.5440625000000001E+01    -2.7628628055928967E-01
 2.5484375000000000E+01    -2.8292502352441634E-01
 2.5528124999999999E+01    -2.8946549969842539E-01
 2.5571874999999999E+01    -2.9590183403804116E-01
 2.5615625000000001E+01    -3.0222732172833999E-01
 2.5659375000000001E+01    -3.0843439352142749E-01
 2.5703125000000000E+01    -3.1451469144464855E-01
 2.5746874999999999E+01    -3.2045914564252970E-01
 2.5790624999999999E+01    -3.2625805266815561E-01
 2.5834375000000001E+01    -3.3190115516259394E-01
 2.5878125000000001E+01    -3.3737772267211474E-01
 2.5921875000000000E+01    -3.4267663325445497E-01
 2.5965624999999999E+01    -3.4778645547946330E-01
 2.6009374999999999E+01    -3.5269553041866625E-01
 2.6053125000000001E+01    -3.5739205323450474E-01
 2.6096875000000001E+01    -3.6186415401742067E-01
 2.6140625000000000E+01    -3.6609997757363028E-01
 2.6184374999999999E+01    -3.7008776193438586E-01
 2.6228124999999999E+01    -3.7381591543523546E-01
 2.6271875000000001E+01    -3.7727309229682071E-01
 2.6315625000000001E+01    -3.8044826672337384E-01
 2.6359375000000000E+01    -3.8333080561651250E-01
 2.6403124999999999E+01    -3.8591054007564873E-01
 2.6446874999999999E+01    -3.8817783591759725E-01
 2.6490625000000001E+01    -3.9012366349203226E-01
 2.6534375000000001E+01    -3.9173966709194630E-01
 2.6578125000000000E+01    -3.9301823425505622E-01
 2.6621874999999999E+01    -3.9395256522049577E-01
 2.6665624999999999E+01    -3.9453674274181977E-01
 2.6709375000000001E+01    -3.9476580236220538E-01
 2.6753125000000001E+01    -3.9463580312975532E-01
 2.6796875000000000E+01    -3.9414389857244359E-01
 2.6840624999999999E+01    -3.9328840756572930E-01
 2.6884374999999999E+01    -3.9206888451657418E-01
 2.6928125000000001E+01    -3.9048618806083052E-01
 2.6971875000000001E+01    -3.8854254723489112E-01
 2.7015625000000000E+01    -3.8624162384533112E-01
 2.7059374999999999E+01    -3.8358856953191967E-01
 2.7103124999999999E+01    -3.8059007581029591E-01
 2.7146875000000001E+01    -3.7725441520070174E-01
 2.7190625000000001E+01    -3.7359147140972238E-01
 2.7234375000000000E+01    -3.6961275644207126E-01
 2.7278124999999999E+01    -3.6533141248883888E-01
 2.7321874999999999E+01    -3.6076219647403651E-01
 2.7365625000000001E+01    -3.5592144524963615E-01
 2.7409375000000001E+01    -3.5082701961352497E-01
 2.7453125000000000E+01    -3.4549822558826343E-01
 2.7496874999999999E+01    -3.3995571173895983E-01
 2.7540624999999999E+01    -3.3422134172561180E-01
 2.7584375000000001E+01    -3.2831804177159973E-01
 2.7628125000000001E+01    -3.2226962328042585E-01
 2.7671875000000000E+01    -3.1610058143671022E-01
 2.7715624999999999E+01    -3.0983587127381512E-01
 2.7759374999999999E+01    -3.0350066336632747E-01
 2.7803125000000001E+01    -2.9712008199465845E-01
 2.7846875000000001E+01    -2.9071892931489007E-01
 2.7890625000000000E+01    -2.8432139973018483E-01
 2.7934374999999999E+01    -2.7795078927929684E-01
 2.7978124999999999E+01    -2.7162920541073837E-01
 2.8021875000000001E+01    -2.6537728297390217E-01
 2.8065625000000001E+01    -2.5921391260490811E-01
 2.8109375000000000E+01    -2.5315598789137450E-01
 2.8153124999999999E+01    -2.4721817774112176E-01
 2.8196874999999999E+01    -2.4141273023376203E-01
 2.8240624999999998E+01    -2.3574931388324116E-01
 2.8284375000000001E+01    -2.3023490167181326E-01
 2.8328125000000000E+01    -2.2487370242841487E-01
 2.8371874999999999E+01    -2.1966714312264721E-01
 2.8415624999999999E+01    -2.1461390444847231E-01
 2.8459374999999998E+01    -2.0971001070851783E-01
 2.8503125000000001E+01    -2.0494897352382985E-01
 2.8546875000000000E+01    -2.0032198733889808E-01
 2.8590624999999999E+01    -1.9581817313032412E-01
 2.8634374999999999E+01    -1.9142486522900756E-01
 2.8678124999999998E+01    -1.8712685868553464E-01
 2.8721875000000001E+01    -1.8290290427874070E-01
 2.8765625000000000E+01    -1.7872960610126679E-01
 2.8809374999999999E+01    -1.7458322684812771E-01
 2.8853124999999999E+01    -1.7044008303477523E-01
 2.8896874999999998E+01    -1.6627693212211650E-01
 2.8940625000000001E+01    -1.6207134186579691E-01
 2.8984375000000000E+01    -1.5780203294208456E-01
 2.9028124999999999E+01    -1.5344918707268931E-01
 2.9071874999999999E+01    -1.4899471427908045E-01
 2.9115624999999998E+01    -1.4442247446344145E-01
 2.9159375000000001E+01    -1.3971845015963980E-01
 2.9203125000000000E+01    -1.3487086894599296E-01
 2.9246874999999999E+01    -1.2987027559407907E-01
 2.9290624999999999E+01    -1.2470955548340992E-01
 2.9334374999999998E+01    -1.1938391209505413E-01
 2.9378125000000001E+01    -1.1389080247414046E-01
 2.9421875000000000E+01    -1.0822983540276682E-01
 2.9465624999999999E+01    -1.0240263764298985E-01
 2.9509374999999999E+01    -9.6412693998150056E-02
 2.9553124999999998E+01    -9.0265167111430969E-02
 2.9596875000000001E+01    -8.3966702890516179E-02
 2.9640625000000000E+01    -7.7525227240981695E-02
 2.9684374999999999E+01    -7.0949739433119663E-02
 2.9728124999999999E+01    -6.4250106946806593E-02
 2.9771874999999998E+01    -5.7436866065739368E-02
 2.9815625000000001E+01    -5.0521031855742048E-02
 2.9859375000000000E+01    -4.3513920490368452E-02
 2.9903124999999999E+01    -3.6426986208892585E-02
 2.9946874999999999E+01    -2.9271674530763445E-02
 2.9990624999999998E+01    -2.2059292728852750E-02
 3.0034375000000001E+01    -1.4800897997963025E-02
 3.0078125000000000E+01    -7.5072032587381260E-03
 3.0121874999999999E+01    -1.8850011772549068E-04
 3.0165624999999999E+01     7.1454018335574600E-03
 3.0209374999999998E+01     1.4485220454712969E-02
 3.0253125000000001E+01     2.1822232481944391E-02
 3.0296875000000000E+01     2.9148292305700332E-02
 3.0340624999999999E+01     3.6455839510288017E-02
 3.0384374999999999E+01     4.3737896578170794E-02
 3.0428124999999998E+01     5.0988058112721821E-02
 3.0471875000000001E+01     5.8200472850246925E-02
 3.0515625000000000E+01     6.5369819626000247E-02
 3.0559374999999999E+01     7.2491278336915294E-02
 3.0603124999999999E+01     7.9560496814166742E-02
 3.0646874999999998E+01     8.6573554386588966E-02
 3.0690625000000001E+01     9.3526922787392136E-02
 3.0734375000000000E+01     1.0041742493411361E-01
 3.0778124999999999E+01     1.0724219199930869E-01
 3.0821874999999999E+01     1.1399861908790831E-01
 3.0865624999999998E+01     1.2068431974850380E-01
 3.0909375000000001E+01     1.2729707946994867E-01
 3.0953125000000000E+01     1.3383480825213845E-01
 3.0996874999999999E+01     1.4029549229047394E-01
 3.1040624999999999E+01     1.4667714477657232E-01
 3.1084374999999998E+01     1.5297775579345696E-01
 3.1128125000000001E+01     1.5919524127069057E-01
 3.1171875000000000E+01     1.6532739096339855E-01
 3.1215624999999999E+01     1.7137181542877344E-01
 3.1259374999999999E+01     1.7732589199358886E-01
 3.1303124999999998E+01     1.8318670973678036E-01
 3.1346875000000001E+01     1.8895101355172997E-01
 3.1390625000000000E+01     1.9461514740355684E-01
 3.1434374999999999E+01     2.0017499695739754E-01
 3.1478124999999999E+01     2.0562593182445246E-01
 3.1521874999999998E+01     2.1096274775252039E-01
 3.1565625000000001E+01     2.1617960917791709E-01
 3.1609375000000000E+01     2.2126999265405936E-01
 3.1653124999999999E+01     2.2622663177893790E-01
 3.1696874999999999E+01     2.3104146435756584E-01
 3.1740624999999998E+01     2.3570558265485309E-01
 3.1784375000000001E+01     2.4020918771702734E-01
 3.1828125000000000E+01     2.4454154886313800E-01
 3.1871874999999999E+01     2.4869096956893130E-01
 3.1915624999999999E+01     2.5264476107930278E-01
 3.1959374999999998E+01     2.5638922518791885E-01
 3.2003124999999997E+01     2.5990964770762803E-01
 3.2046875000000000E+01     2.6319030421673673E-01
 3.2090625000000003E+01     2.6621447969713152E-01
 3.2134374999999999E+01     2.6896450367307889E-01
 3.2178125000000001E+01     2.7142180240667535E-01
 3.2221874999999997E+01     2.7356696959979354E-01
 3.2265625000000000E+01     2.7537985688596206E-01
 3.2309375000000003E+01     2.7683968516226504E-01
 3.2353124999999999E+01     2.7792517750755513E-01
 3.2396875000000001E+01     2.7861471405486976E-01
 3.2440624999999997E+01     2.7888650873484222E-01
 3.2484375000000000E+01     2.7871880728542842E-01
 3.2528125000000003E+01     2.7809010533930167E-01
 3.2571874999999999E+01     2.7697938476583889E-01
 3.2615625000000001E+01     2.7536636577504903E-01
 3.2659374999999997E+01     2.7323177160789480E-01
 3.2703125000000000E+01     2.7055760196508000E-01
 3.2746875000000003E+01     2.6732741069306720E-01
 3.2790624999999999E+01     2.6352658268307844E-01
 3.2834375000000001E+01     2.5914260447622811E-01
 3.2878124999999997E+01     2.5416532273840903E-01
 3.2921875000000000E+01     2.4858718459863041E-01
 3.2965625000000003E+01     2.4240345385840864E-01
 3.3009374999999999E+01     2.3561239729434649E-01
 3.3053125000000001E+01     2.2821543569832603E-01
 3.3096874999999997E+01     2.2021725492967087E-01
 3.3140625000000000E+01     2.1162587307730835E-01
 3.3184375000000003E+01     2.0245266082521488E-01
 3.3228124999999999E+01     1.9271231324785215E-01
 3.3271875000000001E+01     1.8242277249136243E-01
 3.3315624999999997E+01     1.7160510207339175E-01
 3.3359375000000000E+01     1.6028331480620692E-01
 3.3403125000000003E+01     1.4848415756193895E-01
 3.3446874999999999E+01     1.3623685720443610E-01
 3.3490625000000001E+01     1.2357283296436995E-01
 3.3534374999999997E+01     1.1052538129689299E-01
 3.3578125000000000E+01     9.7129339808177201E-02
 3.3621874999999996E+01     8.3420737154765848E-02
 3.3665624999999999E+01     6.9436435906678778E-02
 3.3709375000000001E+01     5.5213775231905841E-02
 3.3753124999999997E+01     4.0790219927749963E-02
 3.3796875000000000E+01     2.6203021823282512E-02
 3.3840624999999996E+01     1.1488898942896475E-02
 3.3884374999999999E+01    -3.3162629070799358E-03
 3.3928125000000001E+01    -1.8177682248971212E-02
 3.3971874999999997E+01    -3.3061924660796882E-02
 3.4015625000000000E+01    -4.7795861754654889E-02
 3.4059374999999996E+01    -6.0607966778861475E-02
 3.4103124999999999E+01    -7.0897950632946280E-02
 3.4146875000000001E+01    -7.8591831170215246E-02
 3.4190624999999997E+01    -8.3643200843319124E-02
 3.4234375000000000E+01    -8.6060930292738758E-02
 3.4278124999999996E+01    -8.5926791422123991E-02
 3.4321874999999999E+01    -8.3402819992642138E-02
 3.4365625000000001E+01    -7.8730315678810697E-02
 3.4409374999999997E+01    -7.2222650256275306E-02
 3.4453125000000000E+01    -6.4253622258432050E-02
 3.4496874999999996E+01    -5.5242518376696970E-02
 3.4540624999999999E+01    -4.5636567782150375E-02
 3.4584375000000001E+01    -3.5891245510206768E-02
 3.4628124999999997E+01    -2.6449009272830108E-02
 3.4671875000000000E+01    -1.7717616948540946E-02
 3.4715624999999996E+01    -1.0050138605591428E-02
 3.4759374999999999E+01    -3.7299298446410657E-03
 3.4803125000000001E+01     1.0352569866260031E-03
 3.4846874999999997E+01     4.1057364610607733E-03
 3.4890625000000000E+01     5.3858078064828487E-03
 3.4934374999999996E+01     4.7826066735246527E-03
 3.4978124999999999E+01     2.1511060946761088E-03
