#                  time                       real
 2.1874999999999999E-02    -1.3399973219796437E-02
 6.5624999999999989E-02    -3.9807759162878015E-02
 1.0937500000000000E-01    -6.5722840395191245E-02
 1.5312499999999998E-01    -9.1197473075458876E-02
 1.9687499999999999E-01    -1.1629884594403507E-01
 2.4062500000000001E-01    -1.4110352988659314E-01
 2.8437499999999993E-01    -1.6569038754934778E-01
 3.2812499999999994E-01    -1.9013248082352580E-01
 3.7187499999999996E-01    -2.1448860581319973E-01
 4.1562499999999997E-01    -2.3879513325443516E-01
 4.5937499999999998E-01    -2.6305883364307320E-01
 5.0312499999999993E-01    -2.8725131931691550E-01
 5.4687499999999989E-01    -3.1130564178012998E-01
 5.9062499999999996E-01    -3.3511544587306785E-01
 6.3437499999999991E-01    -3.5853691029359391E-01
 6.7812499999999998E-01    -3.8139350690137114E-01
 7.2187499999999993E-01    -4.0348340241727054E-01
 7.6562499999999989E-01    -4.2458912084522177E-01
 8.0937499999999996E-01    -4.4448889935241109E-01
 8.5312499999999991E-01    -4.6296902003324636E-01
 8.9687499999999998E-01    -4.7983629843575315E-01
 9.4062499999999993E-01    -4.9492986694325675E-01
 9.8437499999999989E-01    -5.0813141256423577E-01
 1.0281250000000000E+00    -5.1965085884835560E-01
 1.0718749999999999E+00    -5.3045261732642168E-01
 1.1156250000000001E+00    -5.4062455225239225E-01
 1.1593750000000000E+00    -5.5016899946721531E-01
 1.2031250000000000E+00    -5.5908820879149945E-01
 1.2468750000000000E+00    -5.6738441848335597E-01
 1.2906249999999999E+00    -5.7505993412312395E-01
 1.3343750000000001E+00    -5.8211721059488619E-01
 1.3781250000000000E+00    -5.8855893566916073E-01
 1.4218750000000000E+00    -5.9438811355929966E-01
 1.4656250000000000E+00    -5.9960814673340868E-01
 1.5093749999999999E+00    -6.0422291421884966E-01
 1.5531250000000001E+00    -6.0823684464238514E-01
 1.5968750000000000E+00    -6.1165498230771576E-01
 1.6406250000000000E+00    -6.1448304472374560E-01
 1.6843750000000000E+00    -6.1672747016000806E-01
 1.7281249999999999E+00    -6.1839545401558438E-01
 1.7718750000000001E+00    -6.1949497303923995E-01
 1.8156250000000000E+00    -6.2003479672300066E-01
 1.8593750000000000E+00    -6.2002448549988087E-01
 1.9031250000000000E+00    -6.1947437569861719E-01
 1.9468749999999999E+00    -6.1839555153269687E-01
 1.9906249999999999E+00    -6.1679980471692109E-01
 2.0343749999999998E+00    -6.1469958260114355E-01
 2.0781250000000000E+00    -6.1210792597817609E-01
 2.1218749999999997E+00    -6.0903839795229431E-01
 2.1656249999999999E+00    -6.0550500543986652E-01
 2.2093750000000001E+00    -6.0152211500924402E-01
 2.2531249999999998E+00    -5.9710436485051865E-01
 2.2968750000000000E+00    -5.9226657469654920E-01
 2.3406249999999997E+00    -5.8702365549578284E-01
 2.3843749999999999E+00    -5.8139052056861817E-01
 2.4281250000000001E+00    -5.7538199986678173E-01
 2.4718749999999998E+00    -5.6901275880560687E-01
 2.5156250000000000E+00    -5.6229722295965123E-01
 2.5593749999999997E+00    -5.5524950970956799E-01
 2.6031249999999999E+00    -5.4788336771128787E-01
 2.6468750000000001E+00    -5.4021212483421122E-01
 2.6906249999999998E+00    -5.3224864499093216E-01
 2.7343750000000000E+00    -5.2400529406349383E-01
 2.7781249999999997E+00    -5.1549391492572016E-01
 2.8218749999999999E+00    -5.0672581137293882E-01
 2.8656250000000001E+00    -4.9771174060272011E-01
 2.9093749999999998E+00    -4.8846191374574005E-01
 2.9531250000000000E+00    -4.7898600382654438E-01
 2.9968749999999997E+00    -4.6929316043974584E-01
 3.0406249999999999E+00    -4.5939203035866483E-01
 3.0843750000000001E+00    -4.4929078324903193E-01
 3.1281249999999998E+00    -4.3899714163889991E-01
 3.1718750000000000E+00    -4.2851841429532089E-01
 3.2156249999999997E+00    -4.1786153217613797E-01
 3.2593749999999999E+00    -4.0703308615901718E-01
 3.3031250000000001E+00    -3.9603936579683746E-01
 3.3468749999999998E+00    -3.8488639840595035E-01
 3.3906250000000000E+00    -3.7357998785934859E-01
 3.4343749999999997E+00    -3.6212575252739398E-01
 3.4781249999999999E+00    -3.5052916188273092E-01
 3.5218750000000001E+00    -3.3879557136087290E-01
 3.5656249999999998E+00    -3.2693025514196716E-01
 3.6093750000000000E+00    -3.1493843659105036E-01
 3.6531249999999997E+00    -3.0282531616205211E-01
 3.6968749999999999E+00    -2.9059609663425479E-01
 3.7406249999999996E+00    -2.7825600560782054E-01
 3.7843749999999998E+00    -2.6581031523692183E-01
 3.8281250000000000E+00    -2.5326435922472351E-01
 3.8718749999999997E+00    -2.4062354714361889E-01
 3.9156249999999999E+00    -2.2789337617708988E-01
 3.9593749999999996E+00    -2.1507944040615240E-01
 4.0031249999999998E+00    -2.0218743778422366E-01
 4.0468749999999991E+00    -1.8922317495955815E-01
 4.0906249999999993E+00    -1.7619257011471709E-01
 4.1343749999999995E+00    -1.6310165399838686E-01
 4.1781249999999996E+00    -1.4995656932673376E-01
 4.2218749999999989E+00    -1.3676356872998627E-01
 4.2656249999999991E+00    -1.2352901141559396E-01
 4.3093749999999993E+00    -1.1025935871270001E-01
 4.3531249999999995E+00    -9.6961168654220248E-02
 4.3968749999999996E+00    -8.3641089743163255E-02
 4.4406249999999989E+00    -7.0305854039228954E-02
 4.4843749999999991E+00    -5.6962269690756719E-02
 4.5281249999999993E+00    -4.3617213025985591E-02
 4.5718749999999995E+00    -3.0277620306728956E-02
 4.6156249999999996E+00    -1.6950479237198224E-02
 4.6593749999999989E+00    -3.6428203110559017E-03
 4.7031249999999991E+00     9.6382919289766805E-03
 4.7468749999999993E+00     2.2885767652338428E-02
 4.7906249999999995E+00     3.6092500462624071E-02
 4.8343749999999996E+00     4.9251376025653194E-02
 4.8781249999999989E+00     6.2355280553006327E-02
 4.9218749999999991E+00     7.5397109093261971E-02
 4.9656249999999993E+00     8.8369773584777586E-02
 5.0093749999999995E+00     1.0126621062427948E-01
 5.0531249999999996E+00     1.1407938890484112E-01
 5.0968749999999989E+00     1.2680231627514388E-01
 5.1406249999999991E+00     1.3942804636932243E-01
 5.1843749999999993E+00     1.5194968475341530E-01
 5.2281249999999995E+00     1.6436039453052273E-01
 5.2718749999999996E+00     1.7665340134254856E-01
 5.3156249999999989E+00     1.8882199770196012E-01
 5.3593749999999991E+00     2.0085954658263117E-01
 5.4031249999999993E+00     2.1275948419481094E-01
 5.4468749999999995E+00     2.2451532186575396E-01
 5.4906249999999996E+00     2.3612064694495646E-01
 5.5343749999999989E+00     2.4756912265144565E-01
 5.5781249999999991E+00     2.5885448678051071E-01
 5.6218749999999993E+00     2.6997054918898183E-01
 5.6656249999999995E+00     2.8091118798175096E-01
 5.7093749999999996E+00     2.9167034432823657E-01
 5.7531249999999989E+00     3.0224201584585692E-01
 5.7968749999999991E+00     3.1262024849871994E-01
 5.8406249999999993E+00     3.2279912697370766E-01
 5.8843749999999995E+00     3.3277276351300711E-01
 5.9281249999999996E+00     3.4253528520202275E-01
 5.9718749999999989E+00     3.5208081973436894E-01
 6.0156249999999991E+00     3.6140347970110198E-01
 6.0593749999999993E+00     3.7049734547945429E-01
 6.1031249999999995E+00     3.7935644682637770E-01
 6.1468749999999996E+00     3.8797474331413667E-01
 6.1906249999999989E+00     3.9634610377806501E-01
 6.2343749999999991E+00     4.0446428498000087E-01
 6.2781249999999993E+00     4.1232290972397390E-01
 6.3218749999999995E+00     4.1991544469245251E-01
 6.3656249999999996E+00     4.2723517850324155E-01
 6.4093749999999989E+00     4.3427765629956189E-01
 6.4531249999999991E+00     4.4104677854018581E-01
 6.4968749999999993E+00     4.4754807574135341E-01
 6.5406249999999995E+00     4.5378682055431230E-01
 6.5843749999999996E+00     4.5976801205314444E-01
 6.6281249999999989E+00     4.6549636193971500E-01
 6.6718749999999991E+00     4.7097628292650556E-01
 6.7156249999999993E+00     4.7621187953894717E-01
 6.7593749999999995E+00     4.8120694155481558E-01
 6.8031249999999996E+00     4.8596494026999726E-01
 6.8468749999999989E+00     4.9048902774726966E-01
 6.8906249999999991E+00     4.9478203916852914E-01
 6.9343749999999993E+00     4.9884649837150119E-01
 6.9781249999999995E+00     5.0268462660979962E-01
 7.0218749999999996E+00     5.0629835453136030E-01
 7.0656249999999989E+00     5.0968933732498367E-01
 7.1093749999999991E+00     5.1285897293913163E-01
 7.1531249999999993E+00     5.1580842323191145E-01
 7.1968749999999995E+00     5.1853863786694687E-01
 7.2406249999999988E+00     5.2105038072788468E-01
 7.2843749999999989E+00     5.2334425858477673E-01
 7.3281249999999991E+00     5.2542075170992797E-01
 7.3718749999999993E+00     5.2728024610909219E-01
 7.4156249999999995E+00     5.2892306700736391E-01
 7.4593749999999988E+00     5.3034951320784174E-01
 7.5031249999999989E+00     5.3155989192587327E-01
 7.5468749999999991E+00     5.3255455369274507E-01
 7.5906249999999993E+00     5.3333392692016846E-01
 7.6343749999999995E+00     5.3389855172114520E-01
 7.6781249999999988E+00     5.3424911259355179E-01
 7.7218749999999989E+00     5.3438646958998959E-01
 7.7656249999999991E+00     5.3431168762088987E-01
 7.8093749999999993E+00     5.3402606356683724E-01
 7.8531249999999995E+00     5.3353115091035586E-01
 7.8968749999999988E+00     5.3282878163604741E-01
 7.9406249999999989E+00     5.3192108519030079E-01
 7.9843749999999991E+00     5.3081050433709009E-01
 8.0281249999999993E+00     5.2949980779335126E-01
 8.0718749999999986E+00     5.2799209957574544E-01
 8.1156249999999996E+00     5.2629082503856628E-01
 8.1593749999999989E+00     5.2439977362999146E-01
 8.2031250000000000E+00     5.2232307843915438E-01
 8.2468749999999993E+00     5.2006521264952155E-01
 8.2906249999999986E+00     5.1763098305332556E-01
 8.3343749999999996E+00     5.1502552081737607E-01
 8.3781249999999989E+00     5.1225426972125587E-01
 8.4218749999999982E+00     5.0932297211490318E-01
 8.4656249999999993E+00     5.0623765286313460E-01
 8.5093749999999986E+00     5.0300460155980908E-01
 8.5531249999999996E+00     4.9963035330418948E-01
 8.5968749999999989E+00     4.9612166833650373E-01
 8.6406249999999982E+00     4.9248551082900177E-01
 8.6843749999999993E+00     4.8872902712350230E-01
 8.7281249999999986E+00     4.8485952369656876E-01
 8.7718749999999996E+00     4.8088444511983292E-01
 8.8156249999999989E+00     4.7681135226602278E-01
 8.8593749999999982E+00     4.7264790099134862E-01
 8.9031249999999993E+00     4.6840182150303911E-01
 8.9468749999999986E+00     4.6408089859709556E-01
 8.9906249999999996E+00     4.5969295292673640E-01
 9.0343749999999989E+00     4.5524582343683984E-01
 9.0781249999999982E+00     4.5074735107445585E-01
 9.1218749999999993E+00     4.4620536386087128E-01
 9.1656249999999986E+00     4.4162766338673898E-01
 9.2093749999999996E+00     4.3702201276922409E-01
 9.2531249999999989E+00     4.3239612608896938E-01
 9.2968749999999982E+00     4.2775765930514587E-01
 9.3406249999999993E+00     4.2311420262945643E-01
 9.3843749999999986E+00     4.1847327432417536E-01
 9.4281249999999996E+00     4.1384231587594367E-01
 9.4718749999999989E+00     4.0922868848540089E-01
 9.5156249999999982E+00     4.0463967080326257E-01
 9.5593749999999993E+00     4.0008241434503472E-01
 9.6031249999999986E+00     3.9556106852258466E-01
 9.6468749999999996E+00     3.9107498935615836E-01
 9.6906249999999989E+00     3.8662302459063874E-01
 9.7343749999999982E+00     3.8220394470716501E-01
 9.7781249999999993E+00     3.7781644657389835E-01
 9.8218749999999986E+00     3.7345915756964088E-01
 9.8656249999999996E+00     3.6913064009818874E-01
 9.9093749999999989E+00     3.6482939641413159E-01
 9.9531249999999982E+00     3.6055387368393643E-01
 9.9968749999999993E+00     3.5630246920982439E-01
 1.0040624999999999E+01     3.5207353574754485E-01
 1.0084375000000000E+01     3.4786538685324075E-01
 1.0128124999999999E+01     3.4367630219860235E-01
 1.0171874999999998E+01     3.3950453279765885E-01
 1.0215624999999999E+01     3.3534830609280358E-01
 1.0259374999999999E+01     3.3120583085178329E-01
 1.0303125000000000E+01     3.2707530183160222E-01
 1.0346874999999999E+01     3.2295490416943873E-01
 1.0390624999999998E+01     3.1884281746466198E-01
 1.0434374999999999E+01     3.1473721952014944E-01
 1.0478124999999999E+01     3.1063628971490415E-01
 1.0521875000000000E+01     3.0653821198386044E-01
 1.0565624999999999E+01     3.0244117738451759E-01
 1.0609374999999998E+01     2.9834338623358492E-01
 1.0653124999999999E+01     2.9424304980052468E-01
 1.0696874999999999E+01     2.9013839154822230E-01
 1.0740625000000000E+01     2.8602764791451601E-01
 1.0784374999999999E+01     2.8190906863161791E-01
 1.0828124999999998E+01     2.7778091658371240E-01
 1.0871874999999999E+01     2.7364146720631544E-01
 1.0915624999999999E+01     2.6948900743406823E-01
 1.0959375000000000E+01     2.6532183420684885E-01
 1.1003124999999999E+01     2.6113825254716660E-01
 1.1046874999999998E+01     2.5693657322485325E-01
 1.1090624999999999E+01     2.5271511002813468E-01
 1.1134374999999999E+01     2.4847217666313587E-01
 1.1178125000000000E+01     2.4420608330685556E-01
 1.1221874999999999E+01     2.3991513284156135E-01
 1.1265624999999998E+01     2.3559761680138080E-01
 1.1309374999999999E+01     2.3125181106469181E-01
 1.1353124999999999E+01     2.2687597132858398E-01
 1.1396875000000000E+01     2.2246832840425704E-01
 1.1440624999999999E+01     2.1802708337471560E-01
 1.1484374999999998E+01     2.1355040265837083E-01
 1.1528124999999999E+01     2.0903641302436113E-01
 1.1571874999999999E+01     2.0448319660726147E-01
 1.1615625000000000E+01     1.9988878597056337E-01
 1.1659374999999999E+01     1.9525115926972375E-01
 1.1703124999999998E+01     1.9056823556663308E-01
 1.1746874999999999E+01     1.8583787034818261E-01
 1.1790624999999999E+01     1.8105785130192725E-01
 1.1834375000000000E+01     1.7622589440188860E-01
 1.1878124999999999E+01     1.7133964035705443E-01
 1.1921874999999998E+01     1.6639665147421812E-01
 1.1965624999999999E+01     1.6139440898543855E-01
 1.2009374999999999E+01     1.5633031088843599E-01
 1.2053125000000000E+01     1.5120167034585014E-01
 1.2096874999999999E+01     1.4600571468629181E-01
 1.2140624999999998E+01     1.4073958504657813E-01
 1.2184374999999999E+01     1.3540033669050430E-01
 1.2228124999999999E+01     1.2998494003483393E-01
 1.2271875000000000E+01     1.2449028240805182E-01
 1.2315624999999999E+01     1.1891317056173589E-01
 1.2359374999999998E+01     1.1325033394816968E-01
 1.2403124999999999E+01     1.0749842877117970E-01
 1.2446874999999999E+01     1.0165404281001497E-01
 1.2490625000000000E+01     9.5713701008556210E-02
 1.2534374999999999E+01     8.9673871814233558E-02
 1.2578124999999998E+01     8.3530974242749120E-02
 1.2621874999999999E+01     7.7281385636237085E-02
 1.2665624999999999E+01     7.0921450073697087E-02
 1.2709375000000000E+01     6.4447487383682223E-02
 1.2753124999999999E+01     5.7856079104908614E-02
 1.2796874999999998E+01     5.1148090606069521E-02
 1.2840624999999999E+01     4.4327774263795236E-02
 1.2884374999999999E+01     3.7399490925824924E-02
 1.2928125000000000E+01     3.0367629166708907E-02
 1.2971874999999999E+01     2.3236616118281397E-02
 1.3015624999999998E+01     1.6010928031386325E-02
 1.3059374999999999E+01     8.6951004410122032E-03
 1.3103124999999999E+01     1.2937378057005838E-03
 1.3146875000000000E+01    -6.1884775081310107E-03
 1.3190624999999999E+01    -1.3746777025447764E-02
 1.3234374999999998E+01    -2.1376298871929541E-02
 1.3278124999999999E+01    -2.9072081516592286E-02
 1.3321874999999999E+01    -3.6829058666370151E-02
 1.3365625000000000E+01    -4.4642055425377636E-02
 1.3409374999999999E+01    -5.2505785824163674E-02
 1.3453124999999998E+01    -6.0414851815345810E-02
 1.3496874999999999E+01    -6.8363743821476267E-02
 1.3540624999999999E+01    -7.6346842908823556E-02
 1.3584375000000000E+01    -8.4358424646902519E-02
 1.3628124999999999E+01    -9.2392664698020821E-02
 1.3671874999999998E+01    -1.0044364616388336E-01
 1.3715624999999999E+01    -1.0850536869739820E-01
 1.3759374999999999E+01    -1.1657175936737843E-01
 1.3803125000000000E+01    -1.2463668524193625E-01
 1.3846874999999999E+01    -1.3269396763317587E-01
 1.3890624999999998E+01    -1.4073739792153667E-01
 1.3934374999999999E+01    -1.4876075485310117E-01
 1.3978124999999999E+01    -1.5675782317760567E-01
 1.4021875000000000E+01    -1.6472241346927280E-01
 1.4065624999999999E+01    -1.7264838294719392E-01
 1.4109374999999998E+01    -1.8052965708739285E-01
 1.4153124999999999E+01    -1.8836025179537572E-01
 1.4196874999999999E+01    -1.9613429588636389E-01
 1.4240624999999998E+01    -2.0384605360120714E-01
 1.4284374999999999E+01    -2.1148994686956238E-01
 1.4328124999999998E+01    -2.1906057701893966E-01
 1.4371874999999999E+01    -2.2655274561914326E-01
 1.4415624999999999E+01    -2.3396147414691623E-01
 1.4459374999999998E+01    -2.4128202215560943E-01
 1.4503124999999999E+01    -2.4850990363984776E-01
 1.4546874999999998E+01    -2.5564090129555206E-01
 1.4590624999999999E+01    -2.6267107839154857E-01
 1.4634374999999999E+01    -2.6959678799027242E-01
 1.4678124999999998E+01    -2.7641467928161262E-01
 1.4721874999999999E+01    -2.8312170082563343E-01
 1.4765624999999998E+01    -2.8971510053612193E-01
 1.4809374999999999E+01    -2.9619242227741366E-01
 1.4853124999999999E+01    -3.0255149899090533E-01
 1.4896874999999998E+01    -3.0879044231441100E-01
 1.4940624999999999E+01    -3.1490762870634365E-01
 1.4984374999999998E+01    -3.2090168213650416E-01
 1.5028124999999999E+01    -3.2677145345537500E-01
 1.5071874999999999E+01    -3.3251599660308606E-01
 1.5115624999999998E+01    -3.3813454186679331E-01
 1.5159374999999999E+01    -3.4362646644026512E-01
 1.5203124999999998E+01    -3.4899126258092095E-01
 1.5246874999999999E+01    -3.5422850369694714E-01
 1.5290624999999999E+01    -3.5933780872946497E-01
 1.5334374999999998E+01    -3.6431880522160298E-01
 1.5378124999999999E+01    -3.6917109148736404E-01
 1.5421874999999998E+01    -3.7389419830781251E-01
 1.5465624999999999E+01    -3.7848755059044081E-01
 1.5509374999999999E+01    -3.8295042942934920E-01
 1.5553124999999998E+01    -3.8728193499919550E-01
 1.5596874999999999E+01    -3.9148095070507566E-01
 1.5640624999999998E+01    -3.9554610899362408E-01
 1.5684374999999999E+01    -3.9947575920837797E-01
 1.5728124999999999E+01    -4.0326793784503934E-01
 1.5771874999999998E+01    -4.0692034153038414E-01
 1.5815624999999999E+01    -4.1043030301285333E-01
 1.5859374999999998E+01    -4.1379477041373525E-01
 1.5903124999999999E+01    -4.1701028994627809E-01
 1.5946874999999999E+01    -4.2007400229728814E-01
 1.5990624999999998E+01    -4.2298873169847190E-01
 1.6034375000000001E+01    -4.2575915651508539E-01
 1.6078125000000000E+01    -4.2838952731649721E-01
 1.6121874999999999E+01    -4.3088366600649458E-01
 1.6165625000000002E+01    -4.3324497263174733E-01
 1.6209375000000001E+01    -4.3547643567639760E-01
 1.6253125000000001E+01    -4.3758064559466980E-01
 1.6296875000000000E+01    -4.3955981130707045E-01
 1.6340624999999999E+01    -4.4141577936520321E-01
 1.6384375000000002E+01    -4.4315005547541225E-01
 1.6428125000000001E+01    -4.4476382806207199E-01
 1.6471875000000001E+01    -4.4625799354715068E-01
 1.6515625000000000E+01    -4.4763318302321059E-01
 1.6559374999999999E+01    -4.4888979000196949E-01
 1.6603125000000002E+01    -4.5002799892934109E-01
 1.6646875000000001E+01    -4.5104781417012230E-01
 1.6690625000000001E+01    -4.5194908918064908E-01
 1.6734375000000000E+01    -4.5273155560530759E-01
 1.6778124999999999E+01    -4.5339485205234253E-01
 1.6821874999999999E+01    -4.5393855232537156E-01
 1.6865625000000001E+01    -4.5436219290895402E-01
 1.6909375000000001E+01    -4.5466529952922408E-01
 1.6953125000000000E+01    -4.5484741263325845E-01
 1.6996874999999999E+01    -4.5490811165346712E-01
 1.7040624999999999E+01    -4.5484703794539194E-01
 1.7084375000000001E+01    -4.5466391630854408E-01
 1.7128125000000001E+01    -4.5435857502021260E-01
 1.7171875000000000E+01    -4.5393096433119984E-01
 1.7215624999999999E+01    -4.5338117339003586E-01
 1.7259374999999999E+01    -4.5270944557843995E-01
 1.7303125000000001E+01    -4.5191619225522484E-01
 1.7346875000000001E+01    -4.5100200491880815E-01
 1.7390625000000000E+01    -4.4996766580966691E-01
 1.7434374999999999E+01    -4.4881415698372717E-01
 1.7478124999999999E+01    -4.4754266789570007E-01
 1.7521875000000001E+01    -4.4615460153793529E-01
 1.7565625000000001E+01    -4.4465157918550469E-01
 1.7609375000000000E+01    -4.4303544380212623E-01
 1.7653124999999999E+01    -4.4130826216427477E-01
 1.7696874999999999E+01    -4.3947232576262402E-01
 1.7740625000000001E+01    -4.3753015054086086E-01
 1.7784375000000001E+01    -4.3548447553216230E-01
 1.7828125000000000E+01    -4.3333826045334201E-01
 1.7871874999999999E+01    -4.3109468231595544E-01
 1.7915624999999999E+01    -4.2875713111275326E-01
 1.7959375000000001E+01    -4.2632920463676022E-01
 1.8003125000000001E+01    -4.2381470248917619E-01
 1.8046875000000000E+01    -4.2121761933121271E-01
 1.8090624999999999E+01    -4.1854213743410329E-01
 1.8134374999999999E+01    -4.1579261858078315E-01
 1.8178125000000001E+01    -4.1297359537222744E-01
 1.8221875000000001E+01    -4.1008976199117952E-01
 1.8265625000000000E+01    -4.0714596447593715E-01
 1.8309374999999999E+01    -4.0414719055707043E-01
 1.8353124999999999E+01    -4.0109855911029763E-01
 1.8396875000000001E+01    -3.9800530927926447E-01
 1.8440625000000001E+01    -3.9487278932254150E-01
 1.8484375000000000E+01    -3.9170644523982717E-01
 1.8528124999999999E+01    -3.8851180923290418E-01
 1.8571874999999999E+01    -3.8529448805744154E-01
 1.8615625000000001E+01    -3.8206015132212368E-01
 1.8659375000000001E+01    -3.7881451979172076E-01
 1.8703125000000000E+01    -3.7556335375068683E-01
 1.8746874999999999E+01    -3.7231244148348552E-01
 1.8790624999999999E+01    -3.6906758792725058E-01
 1.8834375000000001E+01    -3.6583460355133074E-01
 1.8878125000000001E+01    -3.6261929351703498E-01
 1.8921875000000000E+01    -3.5942744716920710E-01
 1.8965624999999999E+01    -3.5626482790935210E-01
 1.9009374999999999E+01    -3.5313716349782559E-01
 1.9053125000000001E+01    -3.5005013683012415E-01
 1.9096875000000001E+01    -3.4700937527877879E-01
 1.9140625000000000E+01    -3.4401932329885726E-01
 1.9184374999999999E+01    -3.4108135884333018E-01
 1.9228124999999999E+01    -3.3819628987437222E-01
 1.9271875000000001E+01    -3.3536484631431657E-01
 1.9315625000000001E+01    -3.3258767737932282E-01
 1.9359375000000000E+01    -3.2986534975157700E-01
 1.9403124999999999E+01    -3.2719834657109875E-01
 1.9446874999999999E+01    -3.2458706722389330E-01
 1.9490625000000001E+01    -3.2203182789919949E-01
 1.9534375000000001E+01    -3.1953286288502403E-01
 1.9578125000000000E+01    -3.1709032656803937E-01
 1.9621874999999999E+01    -3.1470429610127776E-01
 1.9665624999999999E+01    -3.1237477470088526E-01
 1.9709375000000001E+01    -3.1010169553149042E-01
 1.9753125000000001E+01    -3.0788492613848345E-01
 1.9796875000000000E+01    -3.0572427338466052E-01
 1.9840624999999999E+01    -3.0361948884824974E-01
 1.9884374999999999E+01    -3.0157027463924674E-01
 1.9928125000000001E+01    -2.9957628959119548E-01
 1.9971875000000001E+01    -2.9763715578603628E-01
 2.0015625000000000E+01    -2.9575246537033206E-01
 2.0059374999999999E+01    -2.9392178762204529E-01
 2.0103124999999999E+01    -2.9214467622803242E-01
 2.0146875000000001E+01    -2.9042067673346605E-01
 2.0190625000000001E+01    -2.8874933412551207E-01
 2.0234375000000000E+01    -2.8713020051464483E-01
 2.0278124999999999E+01    -2.8556284287806244E-01
 2.0321874999999999E+01    -2.8404685083062625E-01
 2.0365625000000001E+01    -2.8258184438963957E-01
 2.0409375000000001E+01    -2.8116748170055245E-01
 2.0453125000000000E+01    -2.7980346669129058E-01
 2.0496874999999999E+01    -2.7848955662341818E-01
 2.0540624999999999E+01    -2.7722556950866506E-01
 2.0584375000000001E+01    -2.7601139135953917E-01
 2.0628125000000001E+01    -2.7484698324276197E-01
 2.0671875000000000E+01    -2.7373238810415579E-01
 2.0715624999999999E+01    -2.7266773733331101E-01
 2.0759374999999999E+01    -2.7165325703602522E-01
 2.0803125000000001E+01    -2.7068927398194609E-01
 2.0846875000000001E+01    -2.6977622119428196E-01
 2.0890625000000000E+01    -2.6891464314772451E-01
 2.0934374999999999E+01    -2.6810520054001052E-01
 2.0978124999999999E+01    -2.6734867460176825E-01
 2.1021875000000001E+01    -2.6664597090850672E-01
 2.1065625000000001E+01    -2.6599812265782963E-01
 2.1109375000000000E+01    -2.6540629337425248E-01
 2.1153124999999999E+01    -2.6487177900331083E-01
 2.1196874999999999E+01    -2.6439600935615065E-01
 2.1240625000000001E+01    -2.6398054886533762E-01
 2.1284375000000001E+01    -2.6362709661240058E-01
 2.1328125000000000E+01    -2.6333748558756459E-01
 2.1371874999999999E+01    -2.6311368114232148E-01
 2.1415624999999999E+01    -2.6295777859595548E-01
 2.1459375000000001E+01    -2.6287199995790711E-01
 2.1503125000000001E+01    -2.6285868972896248E-01
 2.1546875000000000E+01    -2.6292030974578023E-01
 2.1590624999999999E+01    -2.6305943303515583E-01
 2.1634374999999999E+01    -2.6327873664684964E-01
 2.1678125000000001E+01    -2.6358099343668717E-01
 2.1721875000000001E+01    -2.6396906277507903E-01
 2.1765625000000000E+01    -2.6444588016015025E-01
 2.1809374999999999E+01    -2.6501444571932725E-01
 2.1853124999999999E+01    -2.6567781158855824E-01
 2.1896875000000001E+01    -2.6643906816440588E-01
 2.1940625000000001E+01    -2.6730132923100197E-01
 2.1984375000000000E+01    -2.6826771597145066E-01
 2.2028124999999999E+01    -2.6934133988158188E-01
 2.2071874999999999E+01    -2.7052528461321046E-01
 2.2115625000000001E+01    -2.7182258678405119E-01
 2.2159375000000001E+01    -2.7323621580234947E-01
 2.2203125000000000E+01    -2.7476905276603308E-01
 2.2246874999999999E+01    -2.7642386850876699E-01
 2.2290624999999999E+01    -2.7820325241450017E-01
 2.2334375000000001E+01    -2.8010785082846285E-01
 2.2378125000000001E+01    -2.8213586349267672E-01
 2.2421875000000000E+01    -2.8428513872437056E-01
 2.2465624999999999E+01    -2.8655329412187497E-01
 2.2509374999999999E+01    -2.8893769110485762E-01
 2.2553125000000001E+01    -2.9143540953040264E-01
 2.2596875000000001E+01    -2.9404322257196569E-01
 2.2640625000000000E+01    -2.9675757206427700E-01
 2.2684374999999999E+01    -2.9957454453283278E-01
 2.2728124999999999E+01    -3.0248984814166557E-01
 2.2771875000000001E+01    -3.0549879080699027E-01
 2.2815625000000001E+01    -3.0859625973696414E-01
 2.2859375000000000E+01    -3.1177670266863955E-01
 2.2903124999999999E+01    -3.1503411108181067E-01
 2.2946874999999999E+01    -3.1836200567548267E-01
 2.2990625000000001E+01    -3.2175342439549637E-01
 2.3034375000000001E+01    -3.2520091330107537E-01
 2.3078125000000000E+01    -3.2869652055317095E-01
 2.3121874999999999E+01    -3.3223179379795420E-01
 2.3165624999999999E+01    -3.3579778120434178E-01
 2.3209375000000001E+01    -3.3938503639447021E-01
 2.3253125000000001E+01    -3.4298362748037908E-01
 2.3296875000000000E+01    -3.4658315038850795E-01
 2.3340624999999999E+01    -3.5017274661586040E-01
 2.3384374999999999E+01    -3.5374112551787729E-01
 2.3428125000000001E+01    -3.5727659117827198E-01
 2.3471875000000001E+01    -3.6076707385573265E-01
 2.3515625000000000E+01    -3.6420016594191917E-01
 2.3559374999999999E+01    -3.6756316230034614E-01
 2.3603124999999999E+01    -3.7084310478743193E-01
 2.3646875000000001E+01    -3.7402683068630116E-01
 2.3690625000000001E+01    -3.7710102471214207E-01
 2.3734375000000000E+01    -3.8005227417656773E-01
 2.3778124999999999E+01    -3.8286712682898771E-01
 2.3821874999999999E+01    -3.8553215082740605E-01
 2.3865625000000001E+01    -3.8803399623079704E-01
 2.3909375000000001E+01    -3.9035945735238886E-01
 2.3953125000000000E+01    -3.9249553526926806E-01
 2.3996874999999999E+01    -3.9442949975053559E-01
 2.4040624999999999E+01    -3.9614894984518473E-01
 2.4084375000000001E+01    -3.9764187236309095E-01
 2.4128125000000001E+01    -3.9889669748901097E-01
 2.4171875000000000E+01    -3.9990235079079628E-01
 2.4215624999999999E+01    -4.0064830091926096E-01
 2.4259374999999999E+01    -4.0112460234816294E-01
 2.4303125000000001E+01    -4.0132193256768994E-01
 2.4346875000000001E+01    -4.0123162322269817E-01
 2.4390625000000000E+01    -4.0084568477608207E-01
 2.4434374999999999E+01    -4.0015682437620692E-01
 2.4478124999999999E+01    -3.9915845671303452E-01
 2.4521875000000001E+01    -3.9784470775795222E-01
 2.4565625000000001E+01    -3.9621041139469676E-01
 2.4609375000000000E+01    -3.9425109906050965E-01
 2.4653124999999999E+01    -3.9196298262500384E-01
 2.4696874999999999E+01    -3.8934293083667548E-01
 2.4740625000000001E+01    -3.8638843976108728E-01
 2.4784375000000001E+01    -3.8309759771852520E-01
 2.4828125000000000E+01    -3.7946904530055015E-01
 2.4871874999999999E+01    -3.7550193110306351E-01
 2.4915624999999999E+01    -3.7119586385739101E-01
 2.4959375000000001E+01    -3.6655086166991141E-01
 2.5003125000000001E+01    -3.6156729909502644E-01
 2.5046875000000000E+01    -3.5624585276607112E-01
 2.5090624999999999E+01    -3.5058744629496252E-01
 2.5134374999999999E+01    -3.4459319512505676E-01
 2.5178125000000001E+01    -3.3826435198421995E-01
 2.5221875000000001E+01    -3.3160225353809075E-01
 2.5265625000000000E+01    -3.2460826878874227E-01
 2.5309374999999999E+01    -3.1728374970315121E-01
 2.5353124999999999E+01    -3.0962998449098039E-01
 2.5396875000000001E+01    -3.0164815388390143E-01
 2.5440625000000001E+01    -2.9333929070076947E-01
 2.5484375000000000E+01    -2.8470498634364788E-01
 2.5528124999999999E+01    -2.7575479794967694E-01
 2.5571874999999999E+01    -2.6650310490681844E-01
 2.5615625000000001E+01    -2.5696408854792885E-01
 2.5659375000000001E+01    -2.4715163514866623E-01
 2.5703125000000000E+01    -2.3707931889298567E-01
 2.5746874999999999E+01    -2.2676038907800852E-01
 2.5790624999999999E+01    -2.1620776133570185E-01
 2.5834375000000001E+01    -2.0543401261301492E-01
 2.5878125000000001E+01    -1.9445137962642986E-01
 2.5921875000000000E+01    -1.8327176049056351E-01
 2.5965624999999999E+01    -1.7190671921278727E-01
 2.6009374999999999E+01    -1.6036749274579154E-01
 2.6053125000000001E+01    -1.4866500029666779E-01
 2.6096875000000001E+01    -1.3680985460338277E-01
 2.6140625000000000E+01    -1.2481237490641983E-01
 2.6184374999999999E+01    -1.1268260136393804E-01
 2.6228124999999999E+01    -1.0043031068202474E-01
 2.6271875000000001E+01    -8.8065032756699246E-02
 2.6315625000000001E+01    -7.5596068150385345E-02
 2.6359375000000000E+01    -6.3032506251926537E-02
 2.6403124999999999E+01    -5.0383243995243999E-02
 2.6446874999999999E+01    -3.7657005036794582E-02
 2.6490625000000001E+01    -2.4862359315666497E-02
 2.6534375000000001E+01    -1.2007742941971097E-02
 2.6578125000000000E+01     8.9852162120468990E-04
 2.6621874999999999E+01     1.3848205099874774E-02
 2.6665624999999999E+01     2.6833150678546726E-02
 2.6709375000000001E+01     3.9845252988844983E-02
 2.6753125000000001E+01     5.2876436801117102E-02
 2.6796875000000000E+01     6.5918635397946818E-02
 2.6840624999999999E+01     7.8963768607092186E-02
 2.6884374999999999E+01     9.2003720473578382E-02
 2.6928125000000001E+01     1.0503031655647750E-01
 2.6971875000000001E+01     1.1803530084541403E-01
 2.7015625000000000E+01     1.3101031230505078E-01
 2.7059374999999999E+01     1.4394686107266763E-01
 2.7103124999999999E+01     1.5683630435445584E-01
 2.7146875000000001E+01     1.6966982209011827E-01
 2.7190625000000001E+01     1.8243839248261884E-01
 2.7234375000000000E+01     1.9513276752024342E-01
 2.7278124999999999E+01     2.0774344865105421E-01
 2.7321874999999999E+01     2.2026066280502299E-01
 2.7365625000000001E+01     2.3267433899591106E-01
 2.7409375000000001E+01     2.4497408577268653E-01
 2.7453125000000000E+01     2.5714916982812586E-01
 2.7496874999999999E+01     2.6918849610916062E-01
 2.7540624999999999E+01     2.8108058980855682E-01
 2.7584375000000001E+01     2.9281358064923774E-01
 2.7628125000000001E+01     3.0437518989972018E-01
 2.7671875000000000E+01     3.1575272058026588E-01
 2.7715624999999999E+01     3.2693305133280537E-01
 2.7759374999999999E+01     3.3790263443206298E-01
 2.7803125000000001E+01     3.4864749840885745E-01
 2.7846875000000001E+01     3.5915325573788864E-01
 2.7890625000000000E+01     3.6940511601004761E-01
 2.7934374999999999E+01     3.7938790496222558E-01
 2.7978124999999999E+01     3.8908608967496433E-01
 2.8021875000000001E+01     3.9848381016953932E-01
 2.8065625000000001E+01     4.0756491754117008E-01
 2.8109375000000000E+01     4.1631301865463621E-01
 2.8153124999999999E+01     4.2471152730361794E-01
 2.8196874999999999E+01     4.3274372159754010E-01
 2.8240624999999998E+01     4.4039280719195883E-01
 2.8284375000000001E+01     4.4764198582375347E-01
 2.8328125000000000E+01     4.5447452845457315E-01
 2.8371874999999999E+01     4.6087385216941323E-01
 2.8415624999999999E+01     4.6682359982688826E-01
 2.8459374999999998E+01     4.7230772131901727E-01
 2.8503125000000001E+01     4.7731055517656729E-01
 2.8546875000000000E+01     4.8181690915655018E-01
 2.8590624999999999E+01     4.8581213837652232E-01
 2.8634374999999999E+01     4.8928221952035439E-01
 2.8678124999999998E+01     4.9221612606633464E-01
 2.8721875000000001E+01     4.9461415873010739E-01
 2.8765625000000000E+01     4.9648045049769801E-01
 2.8809374999999999E+01     4.9781997712079556E-01
 2.8853124999999999E+01     4.9863858538585226E-01
 2.8896874999999998E+01     4.9894301070176411E-01
 2.8940625000000001E+01     4.9874088345169654E-01
 2.8984375000000000E+01     4.9804072402617156E-01
 2.9028124999999999E+01     4.9685192667828382E-01
 2.9071874999999999E+01     4.9518473256024864E-01
 2.9115624999999998E+01     4.9305019250724746E-01
 2.9159375000000001E+01     4.9046012032382674E-01
 2.9203125000000000E+01     4.8742703749498451E-01
 2.9246874999999999E+01     4.8396411038434928E-01
 2.9290624999999999E+01     4.8008508109242615E-01
 2.9334374999999998E+01     4.7580419322689049E-01
 2.9378125000000001E+01     4.7113611388333365E-01
 2.9421875000000000E+01     4.6609585314928936E-01
 2.9465624999999999E+01     4.6069868242792827E-01
 2.9509374999999999E+01     4.5496005283287694E-01
 2.9553124999999998E+01     4.4889551483537038E-01
 2.9596875000000001E+01     4.4252064025273741E-01
 2.9640625000000000E+01     4.3585094755745807E-01
 2.9684374999999999E+01     4.2890183136268445E-01
 2.9728124999999999E+01     4.2168849680775700E-01
 2.9771874999999998E+01     4.1422589942988253E-01
 2.9815625000000001E+01     4.0652869096984368E-01
 2.9859375000000000E+01     3.9861117142385960E-01
 2.9903124999999999E+01     3.9048724752369424E-01
 2.9946874999999999E+01     3.8217039770539479E-01
 2.9990624999999998E+01     3.7367364351572163E-01
 3.0034375000000001E+01     3.6500952730592640E-01
 3.0078125000000000E+01     3.5619009597608725E-01
 3.0121874999999999E+01     3.4722689046022792E-01
 3.0165624999999999E+01     3.3813094058308096E-01
 3.0209374999999998E+01     3.2891276487330107E-01
 3.0253125000000001E+01     3.1958237488459151E-01
 3.0296875000000000E+01     3.1014928355480748E-01
 3.0340624999999999E+01     3.0062251712255411E-01
 3.0384374999999999E+01     2.9101063012000200E-01
 3.0428124999999998E+01     2.8132172296835523E-01
 3.0471875000000001E+01     2.7156346171739359E-01
 3.0515625000000000E+01     2.6174309949149455E-01
 3.0559374999999999E+01     2.5186749923034801E-01
 3.0603124999999999E+01     2.4194315734209143E-01
 3.0646874999999998E+01     2.3197622791873848E-01
 3.0690625000000001E+01     2.2197254719760967E-01
 3.0734375000000000E+01     2.1193765798719472E-01
 3.0778124999999999E+01     2.0187683381069688E-01
 3.0821874999999999E+01     1.9179510255488696E-01
 3.0865624999999998E+01     1.8169726944522968E-01
 3.0909375000000001E+01     1.7158793920019030E-01
 3.0953125000000000E+01     1.6147153724782229E-01
 3.0996874999999999E+01     1.5135232991594499E-01
 3.1040624999999999E+01     1.4123444353329642E-01
 3.1084374999999998E+01     1.3112188240284589E-01
 3.1128125000000001E+01     1.2101854562997286E-01
 3.1171875000000000E+01     1.1092824280742325E-01
 3.1215624999999999E+01     1.0085470857588022E-01
 3.1259374999999999E+01     9.0801616093746707E-02
 3.1303124999999998E+01     8.0772589462336827E-02
 3.1346875000000001E+01     7.0771215163291074E-02
 3.1390625000000000E+01     6.0801052573735567E-02
 3.1434374999999999E+01     5.0865643631632609E-02
 3.1478124999999999E+01     4.0968521729061756E-02
 3.1521874999999998E+01     3.1113219914897947E-02
 3.1565625000000001E+01     2.1303278490691958E-02
 3.1609375000000000E+01     1.1542252084580372E-02
 3.1653124999999999E+01     1.8337162878655422E-03
 3.1696874999999999E+01    -7.8187260623520417E-03
 3.1740624999999998E+01    -1.7411438873425791E-02
 3.1784375000000001E+01    -2.6940746982454813E-02
 3.1828125000000000E+01    -3.6402930462874440E-02
 3.1871874999999999E+01    -4.5794218983514837E-02
 3.1915624999999999E+01    -5.5110786156929464E-02
 3.1959374999999998E+01    -6.4348743820157150E-02
 3.2003124999999997E+01    -7.3504136198070918E-02
 3.2046875000000000E+01    -8.2572933907055501E-02
 3.2090625000000003E+01    -9.1551027764917497E-02
 3.2134374999999999E+01    -1.0043422238159992E-01
 3.2178125000000001E+01    -1.0921822951440874E-01
 3.2221874999999997E+01    -1.1789866118097884E-01
 3.2265625000000000E+01    -1.2647102253315640E-01
 3.2309375000000003E+01    -1.3493070450506944E-01
 3.2353124999999999E+01    -1.4327297625913943E-01
 3.2396875000000001E+01    -1.5149297746419729E-01
 3.2440624999999997E+01    -1.5958571045042672E-01
 3.2484375000000000E+01    -1.6754603229629716E-01
 3.2528125000000003E+01    -1.7536864691274670E-01
 3.2571874999999999E+01    -1.8304809719983181E-01
 3.2615625000000001E+01    -1.9057875736025370E-01
 3.2659374999999997E+01    -1.9795482546285342E-01
 3.2703125000000000E+01    -2.0517031635696104E-01
 3.2746875000000003E+01    -2.1221905504514227E-01
 3.2790624999999999E+01    -2.1909467062751706E-01
 3.2834375000000001E+01    -2.2579059093482909E-01
 3.2878124999999997E+01    -2.3230003797002091E-01
 3.2921875000000000E+01    -2.3861602427884460E-01
 3.2965625000000003E+01    -2.4473135036877369E-01
 3.3009374999999999E+01    -2.5063860329235538E-01
 3.3053125000000001E+01    -2.5633015650559426E-01
 3.3096874999999997E+01    -2.6179817110429798E-01
 3.3140625000000000E+01    -2.6703459853125344E-01
 3.3184375000000003E+01    -2.7203118483466804E-01
 3.3228124999999999E+01    -2.7677947654368085E-01
 3.3271875000000001E+01    -2.8127082820977212E-01
 3.3315624999999997E+01    -2.8549641164395861E-01
 3.3359375000000000E+01    -2.8944722685889590E-01
 3.3403125000000003E+01    -2.9311411470250182E-01
 3.3446874999999999E+01    -2.9648777114620073E-01
 3.3490625000000001E+01    -2.9955876316626695E-01
 3.3534374999999997E+01    -3.0231754613189510E-01
 3.3578125000000000E+01    -3.0475448258871513E-01
 3.3621874999999996E+01    -3.0685986230217144E-01
 3.3665624999999999E+01    -3.0862392340206479E-01
 3.3709375000000001E+01    -3.1003687444800893E-01
 3.3753124999999997E+01    -3.1108891721636334E-01
 3.3796875000000000E+01    -3.1177026999263568E-01
 3.3840624999999996E+01    -3.1207119114016713E-01
 3.3884374999999999E+01    -3.1198200270632453E-01
 3.3928125000000001E+01    -3.1149311382189093E-01
 3.3971874999999997E+01    -3.1059504364824925E-01
 3.4015625000000000E+01    -3.0918355043526846E-01
 3.4059374999999996E+01    -3.0613240417085819E-01
 3.4103124999999999E+01    -3.0106187408213764E-01
 3.4146875000000001E+01    -2.9396085235434249E-01
 3.4190624999999997E+01    -2.8488942337604117E-01
 3.4234375000000000E+01    -2.7397518597873810E-01
 3.4278124999999996E+01    -2.6140513925949427E-01
 3.4321874999999999E+01    -2.4741371301536336E-01
 3.4365625000000001E+01    -2.3226783607838253E-01
 3.4409374999999997E+01    -2.1625017772128022E-01
 3.4453125000000000E+01    -1.9964184813453734E-01
 3.4496874999999996E+01    -1.8270589069401463E-01
 3.4540624999999999E+01    -1.6567283677990496E-01
 3.4584375000000001E+01    -1.4872942742280831E-01
 3.4628124999999997E+01    -1.3201134753769711E-01
 3.4671875000000000E+01    -1.1560048792301242E-01
 3.4715624999999996E+01    -9.9526873613194039E-02
 3.4759374999999999E+01    -8.3775004913409751E-02
 3.4803125000000001E+01    -6.8293981851181518E-02
 3.4846874999999997E+01    -5.3010455568237899E-02
 3.4890625000000000E+01    -3.7843199672858895E-02
 3.4934374999999996E+01    -2.2717943064143535E-02
 3.4978124999999999E+01    -7.5810672881254605E-03
