# n_row: 16 n_col: 16
# row  col                       real                       imag
    0   15    -8.4813197330483148E-01     5.2978500909147330E-01
    1   14    -3.9311029121505747E-01     9.1949132619117879E-01
    2   13     1.0534829966224046E-01     9.9443538541137755E-01
    3   12     6.5484811556675426E-01     7.5576050805706363E-01
    4   11    -4.7135495000738908E-01     8.8194359859547233E-01
    5   10     1.1734006757593951E-01     9.9309179260593727E-01
    6    9     5.8685320722250178E-01     8.0969334514534796E-01
    7    8     9.4434720312522025E-01     3.2895039131998932E-01
    8    7     9.4434720312522025E-01    -3.2895039131998932E-01
    9    6     5.8685320722250178E-01    -8.0969334514534796E-01
   10    5     1.1734006757593951E-01    -9.9309179260593727E-01
   11    4    -4.7135495000738908E-01    -8.8194359859547233E-01
   12    3     6.5484811556675426E-01    -7.5576050805706363E-01
   13    2     1.0534829966224046E-01    -9.9443538541137755E-01
   14    1    -3.9311029121505747E-01    -9.1949132619117879E-01
   15    0    -8.4813197330483148E-01    -5.2978500909147330E-01
