#                  time                       real
 2.1874999999999999E-02     1.1759861751648309E-02
 6.5624999999999989E-02     3.4637978143687125E-02
 1.0937500000000000E-01     5.6670225679141248E-02
 1.5312499999999998E-01     7.7860538946606633E-02
 1.9687499999999999E-01     9.8208968063544733E-02
 2.4062500000000001E-01     1.1771736333039698E-01
 2.8437499999999993E-01     1.3639486128804912E-01
 3.2812499999999994E-01     1.5426255857923371E-01
 3.7187499999999996E-01     1.7135683437660940E-01
 4.1562499999999997E-01     1.8773090792943184E-01
 4.5937499999999998E-01     2.0345438570856217E-01
 5.0312499999999993E-01     2.1861074912289510E-01
 5.4687499999999989E-01     2.3329294175068896E-01
 5.9062499999999996E-01     2.4759741508818417E-01
 6.3437499999999991E-01     2.6161716392848189E-01
 6.7812499999999998E-01     2.7543440795574758E-01
 7.2187499999999993E-01     2.8911363977750520E-01
 7.6562499999999989E-01     3.0269575175221097E-01
 8.0937499999999996E-01     3.1619387206304134E-01
 8.5312499999999991E-01     3.2959139002262622E-01
 8.9687499999999998E-01     3.4284244501560052E-01
 9.4062499999999993E-01     3.5587491313294628E-01
 9.8437499999999989E-01     3.6859567560044970E-01
 1.0281250000000000E+00     3.8088625833081791E-01
 1.0718749999999999E+00     3.9264420261546218E-01
 1.1156250000000001E+00     4.0386279467152925E-01
 1.1593750000000000E+00     4.1454096075118274E-01
 1.2031250000000000E+00     4.2467741484323873E-01
 1.2468750000000000E+00     4.3427074912330316E-01
 1.2906249999999999E+00     4.4331953036862737E-01
 1.3343750000000001E+00     4.5182240079618474E-01
 1.3781250000000000E+00     4.5977818158321238E-01
 1.4218750000000000E+00     4.6718597716876858E-01
 1.4656250000000000E+00     4.7404527832057070E-01
 1.5093749999999999E+00     4.8035606188988000E-01
 1.5531250000000001E+00     4.8611888517343160E-01
 1.5968750000000000E+00     4.9133497285809491E-01
 1.6406250000000000E+00     4.9600629464152279E-01
 1.6843750000000000E+00     5.0013563179889609E-01
 1.7281249999999999E+00     5.0372663119741368E-01
 1.7718750000000001E+00     5.0678384554011813E-01
 1.8156250000000000E+00     5.0931275894019257E-01
 1.8593750000000000E+00     5.1131979727571464E-01
 1.9031250000000000E+00     5.1281232314144565E-01
 1.9468749999999999E+00     5.1379861558604811E-01
 1.9906249999999999E+00     5.1428783518776633E-01
 2.0343749999999998E+00     5.1428997536677667E-01
 2.0781250000000000E+00     5.1381580114681691E-01
 2.1218749999999997E+00     5.1287677685272037E-01
 2.1656249999999999E+00     5.1148498445568369E-01
 2.2093750000000001E+00     5.0965303444906651E-01
 2.2531249999999998E+00     5.0739397125016739E-01
 2.2968750000000000E+00     5.0472117517695425E-01
 2.3406249999999997E+00     5.0164826304365062E-01
 2.3843749999999999E+00     4.9818898935906702E-01
 2.4281250000000001E+00     4.9435715000119490E-01
 2.4718749999999998E+00     4.9016649008738067E-01
 2.5156250000000000E+00     4.8563061756927389E-01
 2.5593749999999997E+00     4.8076292386339192E-01
 2.6031249999999999E+00     4.7557651259085698E-01
 2.6468750000000001E+00     4.7008413725171128E-01
 2.6906249999999998E+00     4.6429814840847083E-01
 2.7343750000000000E+00     4.5823045070804913E-01
 2.7781249999999997E+00     4.5189246983687770E-01
 2.8218749999999999E+00     4.4529512928722403E-01
 2.8656250000000001E+00     4.3844883661732248E-01
 2.9093749999999998E+00     4.3136347871738878E-01
 2.9531250000000000E+00     4.2404842545036214E-01
 2.9968749999999997E+00     4.1651254092078482E-01
 3.0406249999999999E+00     4.0876420153836185E-01
 3.0843750000000001E+00     4.0081131998323682E-01
 3.1281249999999998E+00     3.9266137414656221E-01
 3.1718750000000000E+00     3.8432144011065084E-01
 3.2156249999999997E+00     3.7579822824507270E-01
 3.2593749999999999E+00     3.6709812152610027E-01
 3.3031250000000001E+00     3.5822721523375922E-01
 3.3468749999999998E+00     3.4919135724038852E-01
 3.3906250000000000E+00     3.3999618817437494E-01
 3.4343749999999997E+00     3.3064718081932981E-01
 3.4781249999999999E+00     3.2114967819024187E-01
 3.5218750000000001E+00     3.1150892981128375E-01
 3.5656249999999998E+00     3.0173012580300124E-01
 3.6093750000000000E+00     2.9181842846770623E-01
 3.6531249999999997E+00     2.8177900113934423E-01
 3.6968749999999999E+00     2.7161703413681154E-01
 3.7406249999999996E+00     2.6133776772652573E-01
 3.7843749999999998E+00     2.5094651206036672E-01
 3.8281250000000000E+00     2.4044866410847665E-01
 3.8718749999999997E+00     2.2984972165246823E-01
 3.9156249999999999E+00     2.1915529444352885E-01
 3.9593749999999996E+00     2.0837111266160163E-01
 4.0031249999999998E+00     1.9750303283680828E-01
 4.0468749999999991E+00     1.8655704141276722E-01
 4.0906249999999993E+00     1.7553925614405097E-01
 4.1343749999999995E+00     1.6445592552724689E-01
 4.1781249999999996E+00     1.5331342646751503E-01
 4.2218749999999989E+00     1.4211826038085673E-01
 4.2656249999999991E+00     1.3087704792707058E-01
 4.3093749999999993E+00     1.1959652256031854E-01
 4.3531249999999995E+00     1.0828352307378893E-01
 4.3968749999999996E+00     9.6944985302897066E-02
 4.4406249999999989E+00     8.5587933138159211E-02
 4.4843749999999991E+00     7.4219468984930981E-02
 4.5281249999999993E+00     6.2846763793002289E-02
 4.5718749999999995E+00     5.1477046764976199E-02
 4.6156249999999996E+00     4.0117594838828013E-02
 4.6593749999999989E+00     2.8775722027277489E-02
 4.7031249999999991E+00     1.7458768684907901E-02
 4.7468749999999993E+00     6.1740907635157230E-03
 4.7906249999999995E+00    -5.0709508928698157E-03
 4.8343749999999996E+00    -1.6269001169357842E-02
 4.8781249999999989E+00    -2.7412721179913918E-02
 4.9218749999999991E+00    -3.8494798611613992E-02
 4.9656249999999993E+00    -4.9507957882194677E-02
 5.0093749999999995E+00    -6.0444970080584207E-02
 5.0531249999999996E+00    -7.1298662659446399E-02
 5.0968749999999989E+00    -8.2061928846603571E-02
 5.1406249999999991E+00    -9.2727736738674862E-02
 5.1843749999999993E+00    -1.0328913803549501E-01
 5.2281249999999995E+00    -1.1373927636803068E-01
 5.2718749999999996E+00    -1.2407139516585153E-01
 5.3156249999999989E+00    -1.3427884500286683E-01
 5.3593749999999991E+00    -1.4435509035237892E-01
 5.4031249999999993E+00    -1.5429371567472949E-01
 5.4468749999999995E+00    -1.6408843075325216E-01
 5.4906249999999996E+00    -1.7373307518725820E-01
 5.5343749999999989E+00    -1.8322162194462382E-01
 5.5781249999999991E+00    -1.9254817987167266E-01
 5.6218749999999993E+00    -2.0170699505473072E-01
 5.6656249999999995E+00    -2.1069245092634950E-01
 5.7093749999999996E+00    -2.1949906701012506E-01
 5.7531249999999989E+00    -2.2812149620153310E-01
 5.7968749999999991E+00    -2.3655452048861031E-01
 5.8406249999999993E+00    -2.4479304502588053E-01
 5.8843749999999995E+00    -2.5283209048776301E-01
 5.9281249999999996E+00    -2.6066678364407225E-01
 5.9718749999999989E+00    -2.6829234612003933E-01
 6.0156249999999991E+00    -2.7570408132657265E-01
 6.0593749999999993E+00    -2.8289735957312689E-01
 6.1031249999999995E+00    -2.8986760140515438E-01
 6.1468749999999996E+00    -2.9661025924052292E-01
 6.1906249999999989E+00    -3.0312079741379860E-01
 6.2343749999999991E+00    -3.0939467077341992E-01
 6.2781249999999993E+00    -3.1542730201383640E-01
 6.3218749999999995E+00    -3.2121405796164060E-01
 6.3656249999999996E+00    -3.2675022522691483E-01
 6.4093749999999989E+00    -3.3203288198542114E-01
 6.4531249999999991E+00    -3.3706559856360258E-01
 6.4968749999999993E+00    -3.4185323521250877E-01
 6.5406249999999995E+00    -3.4640047504115512E-01
 6.5843749999999996E+00    -3.5071180234558280E-01
 6.6281249999999989E+00    -3.5479148216911255E-01
 6.6718749999999991E+00    -3.5864354140226440E-01
 6.7156249999999993E+00    -3.6227175171970705E-01
 6.7593749999999995E+00    -3.6567961463508247E-01
 6.8031249999999996E+00    -3.6887034893315795E-01
 6.8468749999999989E+00    -3.7184688071228506E-01
 6.8906249999999991E+00    -3.7461183623918565E-01
 6.9343749999999993E+00    -3.7716753778297651E-01
 6.9781249999999995E+00    -3.7951600255649875E-01
 7.0218749999999996E+00    -3.8165894485124519E-01
 7.0656249999999989E+00    -3.8359778140795803E-01
 7.1093749999999991E+00    -3.8533364001911619E-01
 7.1531249999999993E+00    -3.8686737131296151E-01
 7.1968749999999995E+00    -3.8819956362196995E-01
 7.2406249999999988E+00    -3.8933056079295913E-01
 7.2843749999999989E+00    -3.9026048275185937E-01
 7.3281249999999991E+00    -3.9098924859469597E-01
 7.3718749999999993E+00    -3.9151660193803761E-01
 7.4156249999999995E+00    -3.9184213822814362E-01
 7.4593749999999988E+00    -3.9196533367861980E-01
 7.5031249999999989E+00    -3.9188557548244196E-01
 7.5468749999999991E+00    -3.9160219292612991E-01
 7.5906249999999993E+00    -3.9111448902182111E-01
 7.6343749999999995E+00    -3.9042177226769142E-01
 7.6781249999999988E+00    -3.8952338814814524E-01
 7.7218749999999989E+00    -3.8841874999291137E-01
 7.7656249999999991E+00    -3.8710736882814722E-01
 7.8093749999999993E+00    -3.8558888187256252E-01
 7.8531249999999995E+00    -3.8386307935721786E-01
 7.8968749999999988E+00    -3.8192992937808840E-01
 7.9406249999999989E+00    -3.7978960052531557E-01
 7.9843749999999991E+00    -3.7744248207142012E-01
 8.0281249999999993E+00    -3.7488920154169658E-01
 8.0718749999999986E+00    -3.7213063953282094E-01
 8.1156249999999996E+00    -3.6916794168931011E-01
 8.1593749999999989E+00    -3.6600252779115588E-01
 8.2031250000000000E+00    -3.6263609794855750E-01
 8.2468749999999993E+00    -3.5907063594078908E-01
 8.2906249999999986E+00    -3.5530840977456507E-01
 8.3343749999999996E+00    -3.5135196957279075E-01
 8.3781249999999989E+00    -3.4720414293607760E-01
 8.4218749999999982E+00    -3.4286802794701654E-01
 8.4656249999999993E+00    -3.3834698401023694E-01
 8.5093749999999986E+00    -3.3364462073966139E-01
 8.5531249999999996E+00    -3.2876478511810814E-01
 8.5968749999999989E+00    -3.2371154716342054E-01
 8.6406249999999982E+00    -3.1848918433980455E-01
 8.6843749999999993E+00    -3.1310216495337606E-01
 8.7281249999999986E+00    -3.0755513076722274E-01
 8.7718749999999996E+00    -3.0185287906414338E-01
 8.8156249999999989E+00    -2.9600034437500700E-01
 8.8593749999999982E+00    -2.9000258007778723E-01
 8.9031249999999993E+00    -2.8386474005748880E-01
 8.9468749999999986E+00    -2.7759206060061092E-01
 8.9906249999999996E+00    -2.7118984268020507E-01
 9.0343749999999989E+00    -2.6466343476937138E-01
 9.0781249999999982E+00    -2.5801821630245936E-01
 9.1218749999999993E+00    -2.5125958188505915E-01
 9.1656249999999986E+00    -2.4439292633591952E-01
 9.2093749999999996E+00    -2.3742363062697805E-01
 9.2531249999999989E+00    -2.3035704877159222E-01
 9.2968749999999982E+00    -2.2319849569616657E-01
 9.3406249999999993E+00    -2.1595323611682221E-01
 9.3843749999999986E+00    -2.0862647443046409E-01
 9.4281249999999996E+00    -2.0122334561878483E-01
 9.4718749999999989E+00    -1.9374890715427773E-01
 9.5156249999999982E+00    -1.8620813188914165E-01
 9.5593749999999993E+00    -1.7860589851353498E-01
 9.6031249999999986E+00    -1.7094676238180115E-01
 9.6468749999999996E+00    -1.6323481112140198E-01
 9.6906249999999989E+00    -1.5547399322651881E-01
 9.7343749999999982E+00    -1.4766814652352014E-01
 9.7781249999999993E+00    -1.3982099413748716E-01
 9.8218749999999986E+00    -1.3193614133638365E-01
 9.8656249999999996E+00    -1.2401707322833767E-01
 9.9093749999999989E+00    -1.1606715328301762E-01
 9.9531249999999982E+00    -1.0808962264392444E-01
 9.9968749999999993E+00    -1.0008760019469780E-01
 1.0040624999999999E+01    -9.2064083339145814E-02
 1.0084375000000000E+01    -8.4021949451762279E-02
 1.0128124999999999E+01    -7.5963957952952924E-02
 1.0171874999999998E+01    -6.7892752961013603E-02
 1.0215624999999999E+01    -5.9810866471166152E-02
 1.0259374999999999E+01    -5.1720722010520102E-02
 1.0303125000000000E+01    -4.3624638716770685E-02
 1.0346874999999999E+01    -3.5524835787675846E-02
 1.0390624999999998E+01    -2.7423437247839359E-02
 1.0434374999999999E+01    -1.9322476979090973E-02
 1.0478124999999999E+01    -1.1223903960684069E-02
 1.0521875000000000E+01    -3.1295876656644390E-03
 1.0565624999999999E+01     4.9586764399462517E-03
 1.0609374999999998E+01     1.3039161348098920E-02
 1.0653124999999999E+01     2.1110202962170810E-02
 1.0696874999999999E+01     2.9170194604618487E-02
 1.0740625000000000E+01     3.7217581629688593E-02
 1.0784374999999999E+01     4.5250856191033570E-02
 1.0828124999999998E+01     5.3268552212885234E-02
 1.0871874999999999E+01     6.1269240611992029E-02
 1.0915624999999999E+01     6.9251524815774193E-02
 1.0959375000000000E+01     7.7214036620064042E-02
 1.1003124999999999E+01     8.5155432427252889E-02
 1.1046874999999998E+01     9.3074389902633031E-02
 1.1090624999999999E+01     1.0096960508311073E-01
 1.1134374999999999E+01     1.0883978996816512E-01
 1.1178125000000000E+01     1.1668367061792416E-01
 1.1221874999999999E+01     1.2449998577737914E-01
 1.1265624999999998E+01     1.3228748603905860E-01
 1.1309374999999999E+01     1.4004493354887423E-01
 1.1353124999999999E+01     1.4777110225125634E-01
 1.1396875000000000E+01     1.5546477866021643E-01
 1.1440624999999999E+01     1.6312476313250945E-01
 1.1484374999999998E+01     1.7074987160774768E-01
 1.1528124999999999E+01     1.7833893776823204E-01
 1.1571874999999999E+01     1.8589081555845546E-01
 1.1615625000000000E+01     1.9340438199099452E-01
 1.1659374999999999E+01     2.0087854015190432E-01
 1.1703124999999998E+01     2.0831222230508295E-01
 1.1746874999999999E+01     2.1570439298170177E-01
 1.1790624999999999E+01     2.2305405192787861E-01
 1.1834375000000000E+01     2.3036023677184220E-01
 1.1878124999999999E+01     2.3762202526112561E-01
 1.1921874999999998E+01     2.4483853691128116E-01
 1.1965624999999999E+01     2.5200893390071694E-01
 1.2009374999999999E+01     2.5913242104172729E-01
 1.2053125000000000E+01     2.6620824465629311E-01
 1.2096874999999999E+01     2.7323569018687588E-01
 1.2140624999999998E+01     2.8021407837769435E-01
 1.2184374999999999E+01     2.8714275987119370E-01
 1.2228124999999999E+01     2.9402110807757970E-01
 1.2271875000000000E+01     3.0084851019286402E-01
 1.2315624999999999E+01     3.0762435626259899E-01
 1.2359374999999998E+01     3.1434802621449515E-01
 1.2403124999999999E+01     3.2101887481328095E-01
 1.2446874999999999E+01     3.2763621452501601E-01
 1.2490625000000000E+01     3.3419929631552792E-01
 1.2534374999999999E+01     3.4070728844793141E-01
 1.2578124999999998E+01     3.4715925338683318E-01
 1.2621874999999999E+01     3.5355412296121891E-01
 1.2665624999999999E+01     3.5989067198306235E-01
 1.2709375000000000E+01     3.6616749056392373E-01
 1.2753124999999999E+01     3.7238303177611676E-01
 1.2796874999999998E+01     3.7853669068751150E-01
 1.2840624999999999E+01     3.8462852462228014E-01
 1.2884374999999999E+01     3.9065831659587069E-01
 1.2928125000000000E+01     3.9662552349663949E-01
 1.2971874999999999E+01     4.0252925095195846E-01
 1.3015624999999998E+01     4.0836822989551735E-01
 1.3059374999999999E+01     4.1414079519470398E-01
 1.3103124999999999E+01     4.1984486668594945E-01
 1.3146875000000000E+01     4.2547793295027092E-01
 1.3190624999999999E+01     4.3103703814099675E-01
 1.3234374999999998E+01     4.3651877215105939E-01
 1.3278124999999999E+01     4.4191926437896373E-01
 1.3321874999999999E+01     4.4723418132043147E-01
 1.3365625000000000E+01     4.5245872817762278E-01
 1.3409374999999999E+01     4.5758765463993789E-01
 1.3453124999999998E+01     4.6261526494991023E-01
 1.3496874999999999E+01     4.6753543232546851E-01
 1.3540624999999999E+01     4.7234161776565442E-01
 1.3584375000000000E+01     4.7702689322166225E-01
 1.3628124999999999E+01     4.8158396906881651E-01
 1.3671874999999998E+01     4.8600522576823979E-01
 1.3715624999999999E+01     4.9028274956021645E-01
 1.3759374999999999E+01     4.9440837198434057E-01
 1.3803125000000000E+01     4.9837371297566468E-01
 1.3846874999999999E+01     5.0217022724096017E-01
 1.3890624999999998E+01     5.0578925357573168E-01
 1.3934374999999999E+01     5.0922206674120396E-01
 1.3978124999999999E+01     5.1245993148145585E-01
 1.4021875000000000E+01     5.1549415822498545E-01
 1.4065624999999999E+01     5.1831615998274594E-01
 1.4109374999999998E+01     5.2091750992641239E-01
 1.4153124999999999E+01     5.2328999910747687E-01
 1.4196874999999999E+01     5.2542569375957526E-01
 1.4240624999999998E+01     5.2731699161447310E-01
 1.4284374999999999E+01     5.2895667665638946E-01
 1.4328124999999998E+01     5.3033797174045294E-01
 1.4371874999999999E+01     5.3145458850957417E-01
 1.4415624999999999E+01     5.3230077405992426E-01
 1.4459374999999998E+01     5.3287135382878226E-01
 1.4503124999999999E+01     5.3316177020997879E-01
 1.4546874999999998E+01     5.3316811644097462E-01
 1.4590624999999999E+01     5.3288716535204050E-01
 1.4634374999999999E+01     5.3231639262117803E-01
 1.4678124999999998E+01     5.3145399423787609E-01
 1.4721874999999999E+01     5.3029889794403418E-01
 1.4765624999999998E+01     5.2885076848997459E-01
 1.4809374999999999E+01     5.2711000661698093E-01
 1.4853124999999999E+01     5.2507774175363375E-01
 1.4896874999999998E+01     5.2275581849026009E-01
 1.4940624999999999E+01     5.2014677697304101E-01
 1.4984374999999998E+01     5.1725382743492709E-01
 1.5028124999999999E+01     5.1408081915365444E-01
 1.5071874999999999E+01     5.1063220419631195E-01
 1.5115624999999998E+01     5.0691299637389986E-01
 1.5159374999999999E+01     5.0292872588719839E-01
 1.5203124999999998E+01     4.9868539019590574E-01
 1.5246874999999999E+01     4.9418940168573666E-01
 1.5290624999999999E+01     4.8944753274233110E-01
 1.5334374999999998E+01     4.8446685886583118E-01
 1.5378124999999999E+01     4.7925470047591567E-01
 1.5421874999999998E+01     4.7381856406343292E-01
 1.5465624999999999E+01     4.6816608334206494E-01
 1.5509374999999999E+01     4.6230496104174790E-01
 1.5553124999999998E+01     4.5624291196529765E-01
 1.5596874999999999E+01     4.4998760790169356E-01
 1.5640624999999998E+01     4.4354662495405178E-01
 1.5684374999999999E+01     4.3692739379869439E-01
 1.5728124999999999E+01     4.3013715334446068E-01
 1.5771874999999998E+01     4.2318290820946536E-01
 1.5815624999999999E+01     4.1607139037708007E-01
 1.5859374999999998E+01     4.0880902533445551E-01
 1.5903124999999999E+01     4.0140190293684619E-01
 1.5946874999999999E+01     3.9385650138092859E-01
 1.5990624999999998E+01     3.8618344522579984E-01
 1.6034375000000001E+01     3.7839465946475886E-01
 1.6078125000000000E+01     3.7050167244012477E-01
 1.6121874999999999E+01     3.6251561049917591E-01
 1.6165625000000002E+01     3.5444720005680308E-01
 1.6209375000000001E+01     3.4630677379741842E-01
 1.6253125000000001E+01     3.3810428066024845E-01
 1.6296875000000000E+01     3.2984929922506084E-01
 1.6340624999999999E+01     3.2155105409490403E-01
 1.6384375000000002E+01     3.1321843485852358E-01
 1.6428125000000001E+01     3.0486001720735573E-01
 1.6471875000000001E+01     2.9648408577994356E-01
 1.6515625000000000E+01     2.8809865830999731E-01
 1.6559374999999999E+01     2.7971151066248706E-01
 1.6603125000000002E+01     2.7133020235471705E-01
 1.6646875000000001E+01     2.6296210217580701E-01
 1.6690625000000001E+01     2.5461441353777914E-01
 1.6734375000000000E+01     2.4629419921424331E-01
 1.6778124999999999E+01     2.3800840514776206E-01
 1.6821874999999999E+01     2.2976388303415748E-01
 1.6865625000000001E+01     2.2156741142067204E-01
 1.6909375000000001E+01     2.1342571508477476E-01
 1.6953125000000000E+01     2.0534548249102788E-01
 1.6996874999999999E+01     1.9733338115455273E-01
 1.7040624999999999E+01     1.8939607077091097E-01
 1.7084375000000001E+01     1.8154021400338768E-01
 1.7128125000000001E+01     1.7377248484947536E-01
 1.7171875000000000E+01     1.6609957453864418E-01
 1.7215624999999999E+01     1.5852819494299525E-01
 1.7259374999999999E+01     1.5106507951104339E-01
 1.7303125000000001E+01     1.4371698176246950E-01
 1.7346875000000001E+01     1.3649067140813381E-01
 1.7390625000000000E+01     1.2939292818485032E-01
 1.7434374999999999E+01     1.2243053351830190E-01
 1.7478124999999999E+01     1.1561026014994151E-01
 1.7521875000000001E+01     1.0893885988472138E-01
 1.7565625000000001E+01     1.0242304963595161E-01
 1.7609375000000000E+01     9.6069495961414203E-02
 1.7653124999999999E+01     8.9884798301073293E-02
 1.7696874999999999E+01     8.3875471141114002E-02
 1.7740625000000001E+01     7.8047925341662702E-02
 1.7784375000000001E+01     7.2408448876225745E-02
 1.7828125000000000E+01     6.6963187239533789E-02
 1.7871874999999999E+01     6.1718123787046844E-02
 1.7915624999999999E+01     5.6679060273664247E-02
 1.7959375000000001E+01     5.1851597861131873E-02
 1.8003125000000001E+01     4.7241118863107667E-02
 1.8046875000000000E+01     4.2852769493684606E-02
 1.8090624999999999E+01     3.8691443879332529E-02
 1.8134374999999999E+01     3.4761769585513955E-02
 1.8178125000000001E+01     3.1068094897656391E-02
 1.8221875000000001E+01     2.7614478081622144E-02
 1.8265625000000000E+01     2.4404678831286459E-02
 1.8309374999999999E+01     2.1442152090383158E-02
 1.8353124999999999E+01     1.8730044412398800E-02
 1.8396875000000001E+01     1.6271192996187425E-02
 1.8440625000000001E+01     1.4068127506277204E-02
 1.8484375000000000E+01     1.2123074755803006E-02
 1.8528124999999999E+01     1.0437966296961643E-02
 1.8571874999999999E+01     9.0144489291747992E-03
 1.8615625000000001E+01     7.8538980992521740E-03
 1.8659375000000001E+01     6.9574341312367326E-03
 1.8703125000000000E+01     6.3259411868378471E-03
 1.8746874999999999E+01     5.9600888210345412E-03
 1.8790624999999999E+01     5.8603559621349692E-03
 1.8834375000000001E+01     6.0270571120019586E-03
 1.8878125000000001E+01     6.4603705309069018E-03
 1.8921875000000000E+01     7.1603681431985080E-03
 1.8965624999999999E+01     8.1270468752856189E-03
 1.9009374999999999E+01     9.3603611168606594E-03
 1.9053125000000001E+01     1.0860255980369764E-02
 1.9096875000000001E+01     1.2626695672384936E-02
 1.9140625000000000E+01     1.4656627755071462E-02
 1.9184374999999999E+01     1.6938871098384239E-02
 1.9228124999999999E+01     1.9461011778224568E-02
 1.9271875000000001E+01     2.2210795886004643E-02
 1.9315625000000001E+01     2.5176161172518054E-02
 1.9359375000000000E+01     2.8345266343611425E-02
 1.9403124999999999E+01     3.1706517807272405E-02
 1.9446874999999999E+01     3.5248593720512367E-02
 1.9490625000000001E+01     3.8960465232790439E-02
 1.9534375000000001E+01     4.2831414869739154E-02
 1.9578125000000000E+01     4.6851052045769039E-02
 1.9621874999999999E+01     5.1009325736002545E-02
 1.9665624999999999E+01     5.5296534376321496E-02
 1.9709375000000001E+01     5.9703333094605335E-02
 1.9753125000000001E+01     6.4220738406153832E-02
 1.9796875000000000E+01     6.8840130531597835E-02
 1.9840624999999999E+01     7.3553253516191200E-02
 1.9884374999999999E+01     7.8352213345279878E-02
 1.9928125000000001E+01     8.3229474262028480E-02
 1.9971875000000001E+01     8.8177853500379627E-02
 2.0015625000000000E+01     9.3190514648959000E-02
 2.0059374999999999E+01     9.8260959860551153E-02
 2.0103124999999999E+01     1.0338302111722555E-01
 2.0146875000000001E+01     1.0855085075356039E-01
 2.0190625000000001E+01     1.1375891143010368E-01
 2.0234375000000000E+01     1.1900196573665645E-01
 2.0278124999999999E+01     1.2427506559051263E-01
 2.0321874999999999E+01     1.2957354157890330E-01
 2.0365625000000001E+01     1.3489299237787164E-01
 2.0409375000000001E+01     1.4022927436202787E-01
 2.0453125000000000E+01     1.4557849150140834E-01
 2.0496874999999999E+01     1.5093698562324562E-01
 2.0540624999999999E+01     1.5630132709814246E-01
 2.0584375000000001E+01     1.6166830599209756E-01
 2.0628125000000001E+01     1.6703492370826886E-01
 2.0671875000000000E+01     1.7239838512544345E-01
 2.0715624999999999E+01     1.7775609122400504E-01
 2.0759374999999999E+01     1.8310563217493275E-01
 2.0803125000000001E+01     1.8844478085302852E-01
 2.0846875000000001E+01     1.9377148672230243E-01
 2.0890625000000000E+01     1.9908387002928526E-01
 2.0934374999999999E+01     2.0438021622900487E-01
 2.0978124999999999E+01     2.0965897055859600E-01
 2.1021875000000001E+01     2.1491873266495218E-01
 2.1065625000000001E+01     2.2015825118559534E-01
 2.1109375000000000E+01     2.2537641817606557E-01
 2.1153124999999999E+01     2.3057226327261815E-01
 2.1196874999999999E+01     2.3574494747601785E-01
 2.1240625000000001E+01     2.4089375644067024E-01
 2.1284375000000001E+01     2.4601809315336642E-01
 2.1328125000000000E+01     2.5111746988756339E-01
 2.1371874999999999E+01     2.5619149932242680E-01
 2.1415624999999999E+01     2.6123988472087989E-01
 2.1459375000000001E+01     2.6626240906767668E-01
 2.1503125000000001E+01     2.7125892307702215E-01
 2.1546875000000000E+01     2.7622933198957877E-01
 2.1590624999999999E+01     2.8117358109075041E-01
 2.1634374999999999E+01     2.8609163989593084E-01
 2.1678125000000001E+01     2.9098348496386195E-01
 2.1721875000000001E+01     2.9584908131623699E-01
 2.1765625000000000E+01     3.0068836246019270E-01
 2.1809374999999999E+01     3.0550120903005035E-01
 2.1853124999999999E+01     3.1028742608558435E-01
 2.1896875000000001E+01     3.1504671912579518E-01
 2.1940625000000001E+01     3.1977866889960155E-01
 2.1984375000000000E+01     3.2448270511756877E-01
 2.2028124999999999E+01     3.2915807919162998E-01
 2.2071874999999999E+01     3.3380383615230780E-01
 2.2115625000000001E+01     3.3841878591490759E-01
 2.2159375000000001E+01     3.4300147408725967E-01
 2.2203125000000000E+01     3.4755015253136795E-01
 2.2246874999999999E+01     3.5206274990965492E-01
 2.2290624999999999E+01     3.5653690300124641E-01
 2.2334375000000001E+01     3.6097209924078072E-01
 2.2378125000000001E+01     3.6537024867880730E-01
 2.2421875000000000E+01     3.6973301195136149E-01
 2.2465624999999999E+01     3.7406159642928072E-01
 2.2509374999999999E+01     3.7835673613279652E-01
 2.2553125000000001E+01     3.8261867308755798E-01
 2.2596875000000001E+01     3.8684714032396866E-01
 2.2640625000000000E+01     3.9104134672061730E-01
 2.2684374999999999E+01     3.9519996389109280E-01
 2.2728124999999999E+01     3.9932111531184417E-01
 2.2771875000000001E+01     4.0340236788646427E-01
 2.2815625000000001E+01     4.0744072613913596E-01
 2.2859375000000000E+01     4.1143262922640988E-01
 2.2903124999999999E+01     4.1537395095191160E-01
 2.2946874999999999E+01     4.1926000296257404E-01
 2.2990625000000001E+01     4.2308554129716403E-01
 2.3034375000000001E+01     4.2684477644773094E-01
 2.3078125000000000E+01     4.3053138708181987E-01
 2.3121874999999999E+01     4.3413853755718418E-01
 2.3165624999999999E+01     4.3765889934100122E-01
 2.3209375000000001E+01     4.4108467642172533E-01
 2.3253125000000001E+01     4.4440763477328443E-01
 2.3296875000000000E+01     4.4761913589811209E-01
 2.3340624999999999E+01     4.5071017443729278E-01
 2.3384374999999999E+01     4.5367141979280068E-01
 2.3428125000000001E+01     4.5649326165856174E-01
 2.3471875000000001E+01     4.5916585930410536E-01
 2.3515625000000000E+01     4.6167919439747623E-01
 2.3559374999999999E+01     4.6402312709335769E-01
 2.3603124999999999E+01     4.6618745504918080E-01
 2.3646875000000001E+01     4.6816197496721246E-01
 2.3690625000000001E+01     4.6993654619574349E-01
 2.3734375000000000E+01     4.7150115585897451E-01
 2.3778124999999999E+01     4.7284598492467417E-01
 2.3821874999999999E+01     4.7396147456299964E-01
 2.3865625000000001E+01     4.7483839210076650E-01
 2.3909375000000001E+01     4.7546789583486360E-01
 2.3953125000000000E+01     4.7584159793815983E-01
 2.3996874999999999E+01     4.7595162467279445E-01
 2.4040624999999999E+01     4.7579067312070378E-01
 2.4084375000000001E+01     4.7535206365068022E-01
 2.4128125000000001E+01     4.7462978736613481E-01
 2.4171875000000000E+01     4.7361854781842405E-01
 2.4215624999999999E+01     4.7231379632721726E-01
 2.4259374999999999E+01     4.7071176032138390E-01
 2.4303125000000001E+01     4.6880946420041580E-01
 2.4346875000000001E+01     4.6660474231608084E-01
 2.4390625000000000E+01     4.6409624378493458E-01
 2.4434374999999999E+01     4.6128342896234453E-01
 2.4478124999999999E+01     4.5816655753519830E-01
 2.4521875000000001E+01     4.5474666832064536E-01
 2.4565625000000001E+01     4.5102555098901070E-01
 2.4609375000000000E+01     4.4700571005746847E-01
 2.4653124999999999E+01     4.4269032162402383E-01
 2.4696874999999999E+01     4.3808318342597852E-01
 2.4740625000000001E+01     4.3318865891064640E-01
 2.4784375000000001E+01     4.2801161609630645E-01
 2.4828125000000000E+01     4.2255736207622685E-01
 2.4871874999999999E+01     4.1683157407656291E-01
 2.4915624999999999E+01     4.1084022801900399E-01
 2.4959375000000001E+01     4.0458952556056860E-01
 2.5003125000000001E+01     3.9808582058599651E-01
 2.5046875000000000E+01     3.9133554611309479E-01
 2.5090624999999999E+01     3.8434514253909630E-01
 2.5134374999999999E+01     3.7712098810781797E-01
 2.5178125000000001E+01     3.6966933241479938E-01
 2.5221875000000001E+01     3.6199623369249506E-01
 2.5265625000000000E+01     3.5410750053217166E-01
 2.5309374999999999E+01     3.4600863860552872E-01
 2.5353124999999999E+01     3.3770480284965376E-01
 2.5396875000000001E+01     3.2920075547592598E-01
 2.5440625000000001E+01     3.2050083005923463E-01
 2.5484375000000000E+01     3.1160932615428139E-01
 2.5528124999999999E+01     3.0253473238883311E-01
 2.5571874999999999E+01     2.9328793258739283E-01
 2.5615625000000001E+01     2.8387934538074311E-01
 2.5659375000000001E+01     2.7431887766388108E-01
 2.5703125000000000E+01     2.6461592707815773E-01
 2.5746874999999999E+01     2.5477938989919169E-01
 2.5790624999999999E+01     2.4481767378989450E-01
 2.5834375000000001E+01     2.3473871484837008E-01
 2.5878125000000001E+01     2.2454999836575323E-01
 2.5921875000000000E+01     2.1425858270806283E-01
 2.5965624999999999E+01     2.0387112574759897E-01
 2.6009374999999999E+01     1.9339391329163319E-01
 2.6053125000000001E+01     1.8283288898760902E-01
 2.6096875000000001E+01     1.7219368522309636E-01
 2.6140625000000000E+01     1.6148165458362385E-01
 2.6184374999999999E+01     1.5070190148076393E-01
 2.6228124999999999E+01     1.3985931361480269E-01
 2.6271875000000001E+01     1.2895859298966367E-01
 2.6315625000000001E+01     1.1800428625118746E-01
 2.6359375000000000E+01     1.0700081417214176E-01
 2.6403124999999999E+01     9.5952500157595655E-02
 2.6446874999999999E+01     8.4863597691503923E-02
 2.6490625000000001E+01     7.3738316688912342E-02
 2.6534375000000001E+01     6.2580848757443977E-02
 2.6578125000000000E+01     5.1395391406219001E-02
 2.6621874999999999E+01     4.0186171269763746E-02
 2.6665624999999999E+01     2.8957466438479237E-02
 2.6709375000000001E+01     1.7713628005757463E-02
 2.6753125000000001E+01     6.4591009547501355E-03
 2.6796875000000000E+01    -4.8015554849135667E-03
 2.6840624999999999E+01    -1.6063647878392689E-02
 2.6884374999999999E+01    -2.7322328896566581E-02
 2.6928125000000001E+01    -3.8572577777350535E-02
 2.6971875000000001E+01    -4.9809180832316863E-02
 2.7015625000000000E+01    -6.1026711912699913E-02
 2.7059374999999999E+01    -7.2219512772659172E-02
 2.7103124999999999E+01    -8.3381673295929451E-02
 2.7146875000000001E+01    -9.4507011584250289E-02
 2.7190625000000001E+01    -1.0558905394190221E-01
 2.7234375000000000E+01    -1.1662101482985156E-01
 2.7278124999999999E+01    -1.2759577690480106E-01
 2.7321874999999999E+01    -1.3850587130236811E-01
 2.7365625000000001E+01    -1.4934345836884258E-01
 2.7409375000000001E+01    -1.6010030909175663E-01
 2.7453125000000000E+01    -1.7076778752488397E-01
 2.7496874999999999E+01    -1.8133683454719146E-01
 2.7540624999999999E+01    -1.9179795333656810E-01
 2.7584375000000001E+01    -2.0214119697649821E-01
 2.7628125000000001E+01    -2.1235615864585539E-01
 2.7671875000000000E+01    -2.2243196486716924E-01
 2.7715624999999999E+01    -2.3235727230547742E-01
 2.7759374999999999E+01    -2.4212026861669012E-01
 2.7803125000000001E+01    -2.5170867783961953E-01
 2.7846875000000001E+01    -2.6110977080804487E-01
 2.7890625000000000E+01    -2.7031038102701732E-01
 2.7934374999999999E+01    -2.7929692640992665E-01
 2.7978124999999999E+01    -2.8805543720889548E-01
 2.8021875000000001E+01    -2.9657159039032244E-01
 2.8065625000000001E+01    -3.0483075060992132E-01
 2.8109375000000000E+01    -3.1281801782806318E-01
 2.8153124999999999E+01    -3.2051828147766148E-01
 2.8196874999999999E+01    -3.2791628095534175E-01
 2.8240624999999998E+01    -3.3499667205456174E-01
 2.8284375000000001E+01    -3.4174409880011203E-01
 2.8328125000000000E+01    -3.4814326998100331E-01
 2.8371874999999999E+01    -3.5417903951755375E-01
 2.8415624999999999E+01    -3.5983648964370485E-01
 2.8459374999999998E+01    -3.6510101574261655E-01
 2.8503125000000001E+01    -3.6995841154788783E-01
 2.8546875000000000E+01    -3.7439495331988748E-01
 2.8590624999999999E+01    -3.7839748153189745E-01
 2.8634374999999999E+01    -3.8195347855859196E-01
 2.8678124999999998E+01    -3.8505296930659272E-01
 2.8721875000000001E+01    -3.8769514120906656E-01
 2.8765625000000000E+01    -3.8988241568262261E-01
 2.8809374999999999E+01    -3.9161808826405231E-01
 2.8853124999999999E+01    -3.9290635852910882E-01
 2.8896874999999998E+01    -3.9375234900883294E-01
 2.8940625000000001E+01    -3.9416211257831096E-01
 2.8984375000000000E+01    -3.9414262821732193E-01
 2.9028124999999999E+01    -3.9370178527117805E-01
 2.9071874999999999E+01    -3.9284835656377060E-01
 2.9115624999999998E+01    -3.9159196092718312E-01
 2.9159375000000001E+01    -3.8994301590706515E-01
 2.9203125000000000E+01    -3.8791268157530545E-01
 2.9246874999999999E+01    -3.8551279652704223E-01
 2.9290624999999999E+01    -3.8275580725446035E-01
 2.9334374999999998E+01    -3.7965469217319292E-01
 2.9378125000000001E+01    -3.7622288162745010E-01
 2.9421875000000000E+01    -3.7247417521755366E-01
 2.9465624999999999E+01    -3.6842265777968325E-01
 2.9509374999999999E+01    -3.6408261530450065E-01
 2.9553124999999998E+01    -3.5946845201213273E-01
 2.9596875000000001E+01    -3.5459460970916085E-01
 2.9640625000000000E+01    -3.4947549044316029E-01
 2.9684374999999999E+01    -3.4412538334598602E-01
 2.9728124999999999E+01    -3.3855839642303642E-01
 2.9771874999999998E+01    -3.3278839390623083E-01
 2.9815625000000001E+01    -3.2682893964753562E-01
 2.9859375000000000E+01    -3.2069324689111900E-01
 2.9903124999999999E+01    -3.1439413462893750E-01
 2.9946874999999999E+01    -3.0794399061930278E-01
 2.9990624999999998E+01    -3.0135474103307702E-01
 3.0034375000000001E+01    -2.9463782658901644E-01
 3.0078125000000000E+01    -2.8780418494973120E-01
 3.0121874999999999E+01    -2.8086423907317332E-01
 3.0165624999999999E+01    -2.7382789115183265E-01
 3.0209374999999998E+01    -2.6670452172257719E-01
 3.0253125000000001E+01    -2.5950299349383987E-01
 3.0296875000000000E+01    -2.5223165941282261E-01
 3.0340624999999999E+01    -2.4489837448253288E-01
 3.0384374999999999E+01    -2.3751051083573074E-01
 3.0428124999999998E+01    -2.3007497557894260E-01
 3.0471875000000001E+01    -2.2259823093339931E-01
 3.0515625000000000E+01    -2.1508631621980845E-01
 3.0559374999999999E+01    -2.0754487125906221E-01
 3.0603124999999999E+01    -1.9997916079018263E-01
 3.0646874999999998E+01    -1.9239409953892223E-01
 3.0690625000000001E+01    -1.8479427760452113E-01
 3.0734375000000000E+01    -1.7718398586729961E-01
 3.0778124999999999E+01    -1.6956724115525801E-01
 3.0821874999999999E+01    -1.6194781094307337E-01
 3.0865624999999998E+01    -1.5432923739121557E-01
 3.0909375000000001E+01    -1.4671486056592634E-01
 3.0953125000000000E+01    -1.3910784071221002E-01
 3.0996874999999999E+01    -1.3151117948140761E-01
 3.1040624999999999E+01    -1.2392774004229160E-01
 3.1084374999999998E+01    -1.1636026602969464E-01
 3.1128125000000001E+01    -1.0881139930746667E-01
 3.1171875000000000E+01    -1.0128369654300298E-01
 3.1215624999999999E+01    -9.3779644608690177E-02
 3.1259374999999999E+01    -8.6301674841496256E-02
 3.1303124999999998E+01    -7.8852176205568905E-02
 3.1346875000000001E+01    -7.1433507414280811E-02
 3.1390625000000000E+01    -6.4048008077721763E-02
 3.1434374999999999E+01    -5.6698008949316821E-02
 3.1478124999999999E+01    -4.9385841351190396E-02
 3.1521874999999998E+01    -4.2113845862164198E-02
 3.1565625000000001E+01    -3.4884380355043203E-02
 3.1609375000000000E+01    -2.7699827471185653E-02
 3.1653124999999999E+01    -2.0562601620381905E-02
 3.1696874999999999E+01    -1.3475155592913145E-02
 3.1740624999999998E+01    -6.4399868683596871E-03
 3.1784375000000001E+01     5.4035629757912137E-04
 3.1828125000000000E+01     7.4632689312611935E-03
 3.1871874999999999E+01     1.4326083472444386E-02
 3.1915624999999999E+01     2.1126063912917489E-02
 3.1959374999999998E+01     2.7860399883290893E-02
 3.2003124999999997E+01     3.4526200636241053E-02
 3.2046875000000000E+01     4.1120488882582615E-02
 3.2090625000000003E+01     4.7640194445216853E-02
 3.2134374999999999E+01     5.4082147705222128E-02
 3.2178125000000001E+01     6.0443072824044562E-02
 3.2221874999999997E+01     6.6719580735837503E-02
 3.2265625000000000E+01     7.2908161914505498E-02
 3.2309375000000003E+01     7.9005178930669828E-02
 3.2353124999999999E+01     8.5006858824756795E-02
 3.2396875000000001E+01     9.0909285333355530E-02
 3.2440624999999997E+01     9.6708391016989428E-02
 3.2484375000000000E+01     1.0239994934831184E-01
 3.2528125000000003E+01     1.0797956683022460E-01
 3.2571874999999999E+01     1.1344267522365366E-01
 3.2615625000000001E+01     1.1878452397418872E-01
 3.2659374999999997E+01     1.2400017293566576E-01
 3.2703125000000000E+01     1.2908448549665352E-01
 3.2746875000000003E+01     1.3403212222256145E-01
 3.2790624999999999E+01     1.3883753513162647E-01
 3.2834375000000001E+01     1.4349496272699641E-01
 3.2878124999999997E+01     1.4799842590949019E-01
 3.2921875000000000E+01     1.5234172489612541E-01
 3.2965625000000003E+01     1.5651843726792306E-01
 3.3009374999999999E+01     1.6052191726693088E-01
 3.3053125000000001E+01     1.6434529645636897E-01
 3.3096874999999997E+01     1.6798148584955147E-01
 3.3140625000000000E+01     1.7142317960252765E-01
 3.3184375000000003E+01     1.7466286035219944E-01
 3.3228124999999999E+01     1.7769280626623371E-01
 3.3271875000000001E+01     1.8050509985321522E-01
 3.3315624999999997E+01     1.8309163856160512E-01
 3.3359375000000000E+01     1.8544414717422378E-01
 3.3403125000000003E+01     1.8755419198144377E-01
 3.3446874999999999E+01     1.8941319669156170E-01
 3.3490625000000001E+01     1.9101246001103778E-01
 3.3534374999999997E+01     1.9234317480118696E-01
 3.3578125000000000E+01     1.9339644869175204E-01
 3.3621874999999996E+01     1.9416332600621303E-01
 3.3665624999999999E+01     1.9463481082929190E-01
 3.3709375000000001E+01     1.9480189102430773E-01
 3.3753124999999997E+01     1.9465556298762848E-01
 3.3796875000000000E+01     1.9418685690971915E-01
 3.3840624999999996E+01     1.9338686229798940E-01
 3.3884374999999999E+01     1.9224675350604148E-01
 3.3928125000000001E+01     1.9075781500746278E-01
 3.3971874999999997E+01     1.8891146615038437E-01
 3.4015625000000000E+01     1.8667780442409215E-01
 3.4059374999999996E+01     1.8379499097127153E-01
 3.4103124999999999E+01     1.8016991333091681E-01
 3.4146875000000001E+01     1.7579635073805230E-01
 3.4190624999999997E+01     1.7068811207897661E-01
 3.4234375000000000E+01     1.6487771589441175E-01
 3.4278124999999996E+01     1.5841364368604699E-01
 3.4321874999999999E+01     1.5135642121061568E-01
 3.4365625000000001E+01     1.4377389779031852E-01
 3.4409374999999997E+01     1.3573616644282788E-01
 3.4453125000000000E+01     1.2731058995214295E-01
 3.4496874999999996E+01     1.1855736911308876E-01
 3.4540624999999999E+01     1.0952601534321260E-01
 3.4584375000000001E+01     1.0025298208362048E-01
 3.4628124999999997E+01     9.0760582523880265E-02
 3.4671875000000000E+01     8.1057190630796638E-02
 3.4715624999999996E+01     7.1138602376253607E-02
 3.4759374999999999E+01     6.0990335716857753E-02
 3.4803125000000001E+01     5.0590578827464906E-02
 3.4846874999999997E+01     3.9913459975221603E-02
 3.4890625000000000E+01     2.8932309301258074E-02
 3.4934374999999996E+01     1.7622609743505945E-02
 3.4978124999999999E+01     5.9643862129897694E-03
