#                  time                       real
 2.1874999999999999E-02     1.1783114136049360E-02
 6.5624999999999989E-02     3.4842632596878712E-02
 1.0937500000000000E-01     5.7232109592973306E-02
 1.5312499999999998E-01     7.8958231064682305E-02
 1.9687499999999999E-01     1.0002768295235495E-01
 2.4062500000000001E-01     1.2044715119634050E-01
 2.8437499999999993E-01     1.4022332173698815E-01
 3.2812499999999994E-01     1.5936288051464714E-01
 3.7187499999999996E-01     1.7787251346966676E-01
 4.1562499999999997E-01     1.9575890654239606E-01
 4.5937499999999998E-01     2.1302874567318447E-01
 5.0312499999999993E-01     2.2968871680238107E-01
 5.4687499999999989E-01     2.4574550587033514E-01
 5.9062499999999996E-01     2.6120579881739592E-01
 6.3437499999999991E-01     2.7607628158391256E-01
 6.7812499999999998E-01     2.9036364011023452E-01
 7.2187499999999993E-01     3.0407456033671054E-01
 7.6562499999999989E-01     3.1721572820369048E-01
 8.0937499999999996E-01     3.2979382965152304E-01
 8.5312499999999991E-01     3.4181555062055768E-01
 8.9687499999999998E-01     3.5328757705114378E-01
 9.4062499999999993E-01     3.6421659488363017E-01
 9.8437499999999989E-01     3.7460929005836630E-01
 1.0281250000000000E+00     3.8447234851570150E-01
 1.0718749999999999E+00     3.9381245619598465E-01
 1.1156250000000001E+00     4.0263629903956555E-01
 1.1593750000000000E+00     4.1095056298679294E-01
 1.2031250000000000E+00     4.1876193397801609E-01
 1.2468750000000000E+00     4.2607709795358434E-01
 1.2906249999999999E+00     4.3290274085384678E-01
 1.3343750000000001E+00     4.3924554861915327E-01
 1.3781250000000000E+00     4.4511220718985200E-01
 1.4218750000000000E+00     4.5050940250629279E-01
 1.4656250000000000E+00     4.5544382050882498E-01
 1.5093749999999999E+00     4.5992214713779744E-01
 1.5531250000000001E+00     4.6395106833355970E-01
 1.5968750000000000E+00     4.6753727003646073E-01
 1.6406250000000000E+00     4.7068743818684983E-01
 1.6843750000000000E+00     4.7340825872507641E-01
 1.7281249999999999E+00     4.7570641759148941E-01
 1.7718750000000001E+00     4.7758860072643849E-01
 1.8156250000000000E+00     4.7906149407027243E-01
 1.8593750000000000E+00     4.8013178356334046E-01
 1.9031250000000000E+00     4.8080615514599201E-01
 1.9468749999999999E+00     4.8109129475857654E-01
 1.9906249999999999E+00     4.8099388834144263E-01
 2.0343749999999998E+00     4.8052062183494004E-01
 2.0781250000000000E+00     4.7967818117941802E-01
 2.1218749999999997E+00     4.7847325231522536E-01
 2.1656249999999999E+00     4.7691252118271138E-01
 2.2093750000000001E+00     4.7500267372222588E-01
 2.2531249999999998E+00     4.7275039587411732E-01
 2.2968750000000000E+00     4.7016237357873547E-01
 2.3406249999999997E+00     4.6724529277642923E-01
 2.3843749999999999E+00     4.6400583940754775E-01
 2.4281250000000001E+00     4.6045069941244077E-01
 2.4718749999999998E+00     4.5658655873145726E-01
 2.5156250000000000E+00     4.5242010330494598E-01
 2.5593749999999997E+00     4.4795801907325689E-01
 2.6031249999999999E+00     4.4320699197673874E-01
 2.6468750000000001E+00     4.3817370795574107E-01
 2.6906249999999998E+00     4.3286485295061272E-01
 2.7343750000000000E+00     4.2728711290170329E-01
 2.7781249999999997E+00     4.2144717374936180E-01
 2.8218749999999999E+00     4.1535172143393750E-01
 2.8656250000000001E+00     4.0900744189577964E-01
 2.9093749999999998E+00     4.0242102107523747E-01
 2.9531250000000000E+00     3.9559914491266024E-01
 2.9968749999999997E+00     3.8854849934839719E-01
 3.0406249999999999E+00     3.8127577032279736E-01
 3.0843750000000001E+00     3.7378764377621021E-01
 3.1281249999999998E+00     3.6609080564898466E-01
 3.1718750000000000E+00     3.5819194188147024E-01
 3.2156249999999997E+00     3.5009773841401620E-01
 3.2593749999999999E+00     3.4181488118697129E-01
 3.3031250000000001E+00     3.3335005614068541E-01
 3.3468749999999998E+00     3.2470994921550733E-01
 3.3906250000000000E+00     3.1590124635178640E-01
 3.4343749999999997E+00     3.0693063348987193E-01
 3.4781249999999999E+00     2.9780479657011288E-01
 3.5218750000000001E+00     2.8853042153285874E-01
 3.5656249999999998E+00     2.7911419431845874E-01
 3.6093750000000000E+00     2.6956280086726203E-01
 3.6531249999999997E+00     2.5988292711961786E-01
 3.6968749999999999E+00     2.5008125901587519E-01
 3.7406249999999996E+00     2.4016448249638372E-01
 3.7843749999999998E+00     2.3013928350149251E-01
 3.8281250000000000E+00     2.2001234797155036E-01
 3.8718749999999997E+00     2.0979036184690711E-01
 3.9156249999999999E+00     1.9948001106791169E-01
 3.9593749999999996E+00     1.8908798157491336E-01
 4.0031249999999998E+00     1.7862095930826125E-01
 4.0468749999999991E+00     1.6808563020830491E-01
 4.0906249999999993E+00     1.5748868021539314E-01
 4.1343749999999995E+00     1.4683679526987531E-01
 4.1781249999999996E+00     1.3613666131210084E-01
 4.2218749999999989E+00     1.2539496428241892E-01
 4.2656249999999991E+00     1.1461839012117844E-01
 4.3093749999999993E+00     1.0381362476872891E-01
 4.3531249999999995E+00     9.2987354165419478E-02
 4.3968749999999996E+00     8.2146264251599474E-02
 4.4406249999999989E+00     7.1297040967618158E-02
 4.4843749999999991E+00     6.0446370253824509E-02
 4.5281249999999993E+00     4.9600938050567749E-02
 4.5718749999999995E+00     3.8767430298197292E-02
 4.6156249999999996E+00     2.7952532937062388E-02
 4.6593749999999989E+00     1.7162931907512332E-02
 4.7031249999999991E+00     6.4053131498961399E-03
 4.7468749999999993E+00    -4.3136373954370429E-03
 4.7906249999999995E+00    -1.4987233788137856E-02
 4.8343749999999996E+00    -2.5608790087856999E-02
 4.8781249999999989E+00    -3.6171620354245107E-02
 4.9218749999999991E+00    -4.6669038646953334E-02
 4.9656249999999993E+00    -5.7094359025632375E-02
 5.0093749999999995E+00    -6.7440895549932697E-02
 5.0531249999999996E+00    -7.7701962279505404E-02
 5.0968749999999989E+00    -8.7870873274001046E-02
 5.1406249999999991E+00    -9.7940942593070526E-02
 5.1843749999999993E+00    -1.0790548429636475E-01
 5.2281249999999995E+00    -1.1775781244353418E-01
 5.2718749999999996E+00    -1.2749124109422999E-01
 5.3156249999999989E+00    -1.3709908430810216E-01
 5.3593749999999991E+00    -1.4657465614480239E-01
 5.4031249999999993E+00    -1.5591127066398111E-01
 5.4468749999999995E+00    -1.6510224192528900E-01
 5.4906249999999996E+00    -1.7414088398837699E-01
 5.5343749999999989E+00    -1.8302051091289542E-01
 5.5781249999999991E+00    -1.9173443675849566E-01
 5.6218749999999993E+00    -2.0027597558482824E-01
 5.6656249999999995E+00    -2.0863844145154392E-01
 5.7093749999999996E+00    -2.1681514841829344E-01
 5.7531249999999989E+00    -2.2479941054472732E-01
 5.7968749999999991E+00    -2.3258454189049699E-01
 5.8406249999999993E+00    -2.4016385651525274E-01
 5.8843749999999995E+00    -2.4753066847864552E-01
 5.9281249999999996E+00    -2.5467829184032598E-01
 5.9718749999999989E+00    -2.6160004065994491E-01
 6.0156249999999991E+00    -2.6828922899715318E-01
 6.0593749999999993E+00    -2.7473917091160149E-01
 6.1031249999999995E+00    -2.8094318046294076E-01
 6.1468749999999996E+00    -2.8689457171082156E-01
 6.1906249999999989E+00    -2.9258665871489464E-01
 6.2343749999999991E+00    -2.9801275553481099E-01
 6.2781249999999993E+00    -3.0316617623022124E-01
 6.3218749999999995E+00    -3.0804023486077631E-01
 6.3656249999999996E+00    -3.1262824564208702E-01
 6.4093749999999989E+00    -3.1692541973377802E-01
 6.4531249999999991E+00    -3.2093359083379969E-01
 6.4968749999999993E+00    -3.2465603698759110E-01
 6.5406249999999995E+00    -3.2809603624059192E-01
 6.5843749999999996E+00    -3.3125686663824128E-01
 6.6281249999999989E+00    -3.3414180622597883E-01
 6.6718749999999991E+00    -3.3675413304924351E-01
 6.7156249999999993E+00    -3.3909712515347512E-01
 6.7593749999999995E+00    -3.4117406058411270E-01
 6.8031249999999996E+00    -3.4298821738659568E-01
 6.8468749999999989E+00    -3.4454287360636349E-01
 6.8906249999999991E+00    -3.4584130728885543E-01
 6.9343749999999993E+00    -3.4688679647951098E-01
 6.9781249999999995E+00    -3.4768261922376942E-01
 7.0218749999999996E+00    -3.4823205356707021E-01
 7.0656249999999989E+00    -3.4853837755485240E-01
 7.1093749999999991E+00    -3.4860486923255563E-01
 7.1531249999999993E+00    -3.4843480664561916E-01
 7.1968749999999995E+00    -3.4803146783948252E-01
 7.2406249999999988E+00    -3.4739813085958476E-01
 7.2843749999999989E+00    -3.4653807375136553E-01
 7.3281249999999991E+00    -3.4545457456026407E-01
 7.3718749999999993E+00    -3.4415091133171971E-01
 7.4156249999999995E+00    -3.4263036211117187E-01
 7.4593749999999988E+00    -3.4089620494405987E-01
 7.5031249999999989E+00    -3.3895171787582312E-01
 7.5468749999999991E+00    -3.3680017895190090E-01
 7.5906249999999993E+00    -3.3444486621773267E-01
 7.6343749999999995E+00    -3.3188905771875771E-01
 7.6781249999999988E+00    -3.2913603150041543E-01
 7.7218749999999989E+00    -3.2618906560814515E-01
 7.7656249999999991E+00    -3.2305143808738634E-01
 7.8093749999999993E+00    -3.1972642698357812E-01
 7.8531249999999995E+00    -3.1621731034216011E-01
 7.8968749999999988E+00    -3.1252736620857158E-01
 7.9406249999999989E+00    -3.0865987262825184E-01
 7.9843749999999991E+00    -3.0461810764664032E-01
 8.0281249999999993E+00    -3.0040534930917634E-01
 8.0718749999999986E+00    -2.9602487566129942E-01
 8.1156249999999996E+00    -2.9147996474844856E-01
 8.1593749999999989E+00    -2.8677389461606345E-01
 8.2031250000000000E+00    -2.8190994330958308E-01
 8.2468749999999993E+00    -2.7689138887444742E-01
 8.2906249999999986E+00    -2.7172150935609546E-01
 8.3343749999999996E+00    -2.6640358279996634E-01
 8.3781249999999989E+00    -2.6094088725149989E-01
 8.4218749999999982E+00    -2.5533670075613524E-01
 8.4656249999999993E+00    -2.4959430135931149E-01
 8.5093749999999986E+00    -2.4371696710646845E-01
 8.5531249999999996E+00    -2.3770797604304519E-01
 8.5968749999999989E+00    -2.3157060621448139E-01
 8.6406249999999982E+00    -2.2530813566621619E-01
 8.6843749999999993E+00    -2.1892384244368862E-01
 8.7281249999999986E+00    -2.1242100459233867E-01
 8.7718749999999996E+00    -2.0580290015760527E-01
 8.8156249999999989E+00    -1.9907280718492804E-01
 8.8593749999999982E+00    -1.9223400371974633E-01
 8.9031249999999993E+00    -1.8528976780749912E-01
 8.9468749999999986E+00    -1.7824337749362626E-01
 8.9906249999999996E+00    -1.7109811082356660E-01
 9.0343749999999989E+00    -1.6385724584276007E-01
 9.0781249999999982E+00    -1.5652406059664586E-01
 9.1218749999999993E+00    -1.4910183313066286E-01
 9.1656249999999986E+00    -1.4159384149025112E-01
 9.2093749999999996E+00    -1.3400336372084937E-01
 9.2531249999999989E+00    -1.2633367786789762E-01
 9.2968749999999982E+00    -1.1858806197683484E-01
 9.3406249999999993E+00    -1.1076979409310017E-01
 9.3843749999999986E+00    -1.0288215226213354E-01
 9.4281249999999996E+00    -9.4928414529373742E-02
 9.4718749999999989E+00    -8.6911858940260642E-02
 9.5156249999999982E+00    -7.8835763540233500E-02
 9.5593749999999993E+00    -7.0703402987110295E-02
 9.6031249999999986E+00    -6.2517824612563416E-02
 9.6468749999999996E+00    -5.4281708808682549E-02
 9.6906249999999989E+00    -4.5997702634555146E-02
 9.7343749999999982E+00    -3.7668453149267617E-02
 9.7781249999999993E+00    -2.9296607411906442E-02
 9.8218749999999986E+00    -2.0884812481558945E-02
 9.8656249999999996E+00    -1.2435715417311264E-02
 9.9093749999999989E+00    -3.9519632782507759E-03
 9.9531249999999982E+00     4.5637968765360358E-03
 9.9968749999999993E+00     1.3108917987962829E-02
 1.0040624999999999E+01     2.1680752996942141E-02
 1.0084375000000000E+01     3.0276654844387879E-02
 1.0128124999999999E+01     3.8893976471212670E-02
 1.0171874999999998E+01     4.7530070818330078E-02
 1.0215624999999999E+01     5.6182290826653658E-02
 1.0259374999999999E+01     6.4847989437095993E-02
 1.0303125000000000E+01     7.3524519590571075E-02
 1.0346874999999999E+01     8.2209234227991340E-02
 1.0390624999999998E+01     9.0899486290270531E-02
 1.0434374999999999E+01     9.9592628718322210E-02
 1.0478124999999999E+01     1.0828601445305878E-01
 1.0521875000000000E+01     1.1697699643539441E-01
 1.0565624999999999E+01     1.2566292760624151E-01
 1.0609374999999998E+01     1.3434116090651366E-01
 1.0653124999999999E+01     1.4300904927712457E-01
 1.0696874999999999E+01     1.5166394565898672E-01
 1.0740625000000000E+01     1.6030320299301404E-01
 1.0784374999999999E+01     1.6892417422011913E-01
 1.0828124999999998E+01     1.7752421228121559E-01
 1.0871874999999999E+01     1.8610067011721701E-01
 1.0915624999999999E+01     1.9465090066903590E-01
 1.0959375000000000E+01     2.0317225687758617E-01
 1.1003124999999999E+01     2.1166209168378047E-01
 1.1046874999999998E+01     2.2011775802853248E-01
 1.1090624999999999E+01     2.2853660885275556E-01
 1.1134374999999999E+01     2.3691599709736239E-01
 1.1178125000000000E+01     2.4525327570326694E-01
 1.1221874999999999E+01     2.5354579761138174E-01
 1.1265624999999998E+01     2.6179091576262037E-01
 1.1309374999999999E+01     2.6998598309789651E-01
 1.1353124999999999E+01     2.7812835255812240E-01
 1.1396875000000000E+01     2.8621537708421241E-01
 1.1440624999999999E+01     2.9424440961707887E-01
 1.1484374999999998E+01     3.0221280309763554E-01
 1.1528124999999999E+01     3.1011791046679577E-01
 1.1571874999999999E+01     3.1795708466547229E-01
 1.1615625000000000E+01     3.2572767863457885E-01
 1.1659374999999999E+01     3.3342704531502831E-01
 1.1703124999999998E+01     3.4105253764773402E-01
 1.1746874999999999E+01     3.4860150857360972E-01
 1.1790624999999999E+01     3.5607131103356782E-01
 1.1834375000000000E+01     3.6345929796852233E-01
 1.1878124999999999E+01     3.7076282231938590E-01
 1.1921874999999998E+01     3.7797923702707215E-01
 1.1965624999999999E+01     3.8510589503249437E-01
 1.2009374999999999E+01     3.9214014927656549E-01
 1.2053125000000000E+01     3.9907935270019906E-01
 1.2096874999999999E+01     4.0592085824430801E-01
 1.2140624999999998E+01     4.1266201884980586E-01
 1.2184374999999999E+01     4.1930018745760600E-01
 1.2228124999999999E+01     4.2583271700862119E-01
 1.2271875000000000E+01     4.3225696044376516E-01
 1.2315624999999999E+01     4.3857027070395077E-01
 1.2359374999999998E+01     4.4477000073009132E-01
 1.2403124999999999E+01     4.5085350346310071E-01
 1.2446874999999999E+01     4.5681813184389120E-01
 1.2490625000000000E+01     4.6266123881337679E-01
 1.2534374999999999E+01     4.6838017731247034E-01
 1.2578124999999998E+01     4.7397230028208498E-01
 1.2621874999999999E+01     4.7943496066313462E-01
 1.2665624999999999E+01     4.8476551139653173E-01
 1.2709375000000000E+01     4.8996130542319011E-01
 1.2753124999999999E+01     4.9501977204420872E-01
 1.2796874999999998E+01     4.9993952530791597E-01
 1.2840624999999999E+01     5.0472011334548084E-01
 1.2884374999999999E+01     5.0936110962561154E-01
 1.2928125000000000E+01     5.1386208761701746E-01
 1.2971874999999999E+01     5.1822262078840697E-01
 1.3015624999999998E+01     5.2244228260848902E-01
 1.3059374999999999E+01     5.2652064654597275E-01
 1.3103124999999999E+01     5.3045728606956633E-01
 1.3146875000000000E+01     5.3425177464797891E-01
 1.3190624999999999E+01     5.3790368574991920E-01
 1.3234374999999998E+01     5.4141259284409604E-01
 1.3278124999999999E+01     5.4477806939921836E-01
 1.3321874999999999E+01     5.4799968888399475E-01
 1.3365625000000000E+01     5.5107702476713394E-01
 1.3409374999999999E+01     5.5400965051734508E-01
 1.3453124999999998E+01     5.5679713960333643E-01
 1.3496874999999999E+01     5.5943906549381739E-01
 1.3540624999999999E+01     5.6193500165749632E-01
 1.3584375000000000E+01     5.6428452156308229E-01
 1.3628124999999999E+01     5.6648719867928410E-01
 1.3671874999999998E+01     5.6854260647481003E-01
 1.3715624999999999E+01     5.7045031841836968E-01
 1.3759374999999999E+01     5.7220990797867122E-01
 1.3803125000000000E+01     5.7382094862442379E-01
 1.3846874999999999E+01     5.7528301382433600E-01
 1.3890624999999998E+01     5.7659567704711656E-01
 1.3934374999999999E+01     5.7775851176147464E-01
 1.3978124999999999E+01     5.7877109143611860E-01
 1.4021875000000000E+01     5.7963298953975761E-01
 1.4065624999999999E+01     5.8034377954110050E-01
 1.4109374999999998E+01     5.8090303490885553E-01
 1.4153124999999999E+01     5.8131032911173219E-01
 1.4196874999999999E+01     5.8156523561843876E-01
 1.4240624999999998E+01     5.8166732789768405E-01
 1.4284374999999999E+01     5.8161617941817711E-01
 1.4328124999999998E+01     5.8141136364862656E-01
 1.4371874999999999E+01     5.8105245405774164E-01
 1.4415624999999999E+01     5.8053902411423064E-01
 1.4459374999999998E+01     5.7987064728680238E-01
 1.4503124999999999E+01     5.7904689704416579E-01
 1.4546874999999998E+01     5.7806734685502981E-01
 1.4590624999999999E+01     5.7693157018810293E-01
 1.4634374999999999E+01     5.7563914051209442E-01
 1.4678124999999998E+01     5.7418963129571232E-01
 1.4721874999999999E+01     5.7258261600766613E-01
 1.4765624999999998E+01     5.7081766811666446E-01
 1.4809374999999999E+01     5.6889436109141567E-01
 1.4853124999999999E+01     5.6681226840062948E-01
 1.4896874999999998E+01     5.6457096351301383E-01
 1.4940624999999999E+01     5.6217001989727766E-01
 1.4984374999999998E+01     5.5960901102213023E-01
 1.5028124999999999E+01     5.5688751035627992E-01
 1.5071874999999999E+01     5.5400509136843556E-01
 1.5115624999999998E+01     5.5096132752730609E-01
 1.5159374999999999E+01     5.4775579230160021E-01
 1.5203124999999998E+01     5.4438805916002697E-01
 1.5246874999999999E+01     5.4085770157129476E-01
 1.5290624999999999E+01     5.3716429300411250E-01
 1.5334374999999998E+01     5.3330740692718925E-01
 1.5378124999999999E+01     5.2928661680923361E-01
 1.5421874999999998E+01     5.2510149611895429E-01
 1.5465624999999999E+01     5.2075161832506001E-01
 1.5509374999999999E+01     5.1623655689626002E-01
 1.5553124999999998E+01     5.1155588530126284E-01
 1.5596874999999999E+01     5.0670917700877693E-01
 1.5640624999999998E+01     5.0169600548751170E-01
 1.5684374999999999E+01     4.9651594420617556E-01
 1.5728124999999999E+01     4.9116856663347758E-01
 1.5771874999999998E+01     4.8565344623812623E-01
 1.5815624999999999E+01     4.7997015648883051E-01
 1.5859374999999998E+01     4.7411827085429936E-01
 1.5903124999999999E+01     4.6809736280324094E-01
 1.5946874999999999E+01     4.6190775400540757E-01
 1.5990624999999998E+01     4.5555429144331450E-01
 1.6034375000000001E+01     4.4904351474207538E-01
 1.6078125000000000E+01     4.4238196647204847E-01
 1.6121874999999999E+01     4.3557618920359092E-01
 1.6165625000000002E+01     4.2863272550706005E-01
 1.6209375000000001E+01     4.2155811795281445E-01
 1.6253125000000001E+01     4.1435890911121098E-01
 1.6296875000000000E+01     4.0704164155260775E-01
 1.6340624999999999E+01     3.9961285784736178E-01
 1.6384375000000002E+01     3.9207910056583067E-01
 1.6428125000000001E+01     3.8444691227837280E-01
 1.6471875000000001E+01     3.7672283555534541E-01
 1.6515625000000000E+01     3.6891341296710617E-01
 1.6559374999999999E+01     3.6102518708401260E-01
 1.6603125000000002E+01     3.5306470047642158E-01
 1.6646875000000001E+01     3.4503849571469225E-01
 1.6690625000000001E+01     3.3695311536918149E-01
 1.6734375000000000E+01     3.2881510201024694E-01
 1.6778124999999999E+01     3.2063099820824614E-01
 1.6821874999999999E+01     3.1240734653353669E-01
 1.6865625000000001E+01     3.0415068955647573E-01
 1.6909375000000001E+01     2.9586756984742213E-01
 1.6953125000000000E+01     2.8756452997673282E-01
 1.6996874999999999E+01     2.7924811251476550E-01
 1.7040624999999999E+01     2.7092486003187760E-01
 1.7084375000000001E+01     2.6260131509842632E-01
 1.7128125000000001E+01     2.5428402028477032E-01
 1.7171875000000000E+01     2.4597951816126690E-01
 1.7215624999999999E+01     2.3769435129827343E-01
 1.7259374999999999E+01     2.2943506226614768E-01
 1.7303125000000001E+01     2.2120819363524649E-01
 1.7346875000000001E+01     2.1302028797592895E-01
 1.7390625000000000E+01     2.0487788785855190E-01
 1.7434374999999999E+01     1.9678753585347306E-01
 1.7478124999999999E+01     1.8875577453105000E-01
 1.7521875000000001E+01     1.8078914646163971E-01
 1.7565625000000001E+01     1.7289419421560104E-01
 1.7609375000000000E+01     1.6507746036329099E-01
 1.7653124999999999E+01     1.5734548747506724E-01
 1.7696874999999999E+01     1.4970481812128750E-01
 1.7740625000000001E+01     1.4216199487230854E-01
 1.7784375000000001E+01     1.3472356029848942E-01
 1.7828125000000000E+01     1.2739605697018705E-01
 1.7871874999999999E+01     1.2018602745775903E-01
 1.7915624999999999E+01     1.1310001433156311E-01
 1.7959375000000001E+01     1.0614456016195614E-01
 1.8003125000000001E+01     9.9326207519297077E-02
 1.8046875000000000E+01     9.2651498973942870E-02
 1.8090624999999999E+01     8.6126977096251237E-02
 1.8134374999999999E+01     7.9759184456579674E-02
 1.8178125000000001E+01     7.3554663625285371E-02
 1.8221875000000001E+01     6.7519957172726963E-02
 1.8265625000000000E+01     6.1661607669261570E-02
 1.8309374999999999E+01     5.5986157685246826E-02
 1.8353124999999999E+01     5.0500149791040241E-02
 1.8396875000000001E+01     4.5210126556999151E-02
 1.8440625000000001E+01     4.0122630553482044E-02
 1.8484375000000000E+01     3.5244204350846013E-02
 1.8528124999999999E+01     3.0581390519448720E-02
 1.8571874999999999E+01     2.6140731629647800E-02
 1.8615625000000001E+01     2.1928770251800518E-02
 1.8659375000000001E+01     1.7952048956265218E-02
 1.8703125000000000E+01     1.4217110313399124E-02
 1.8746874999999999E+01     1.0730496893559885E-02
 1.8790624999999999E+01     7.4987512671051207E-03
 1.8834375000000001E+01     4.5284160043922925E-03
 1.8878125000000001E+01     1.8260336757794232E-03
 1.8921875000000000E+01    -6.0185314837615800E-04
 1.8965624999999999E+01    -2.7487018977166988E-03
 1.9009374999999999E+01    -4.6079700018846897E-03
 1.9053125000000001E+01    -6.1731148905225658E-03
 1.9096875000000001E+01    -7.4375993437379943E-03
 1.9140625000000000E+01    -8.3979610740055714E-03
 1.9184374999999999E+01    -9.0589586850301235E-03
 1.9228124999999999E+01    -9.4267099969310014E-03
 1.9271875000000001E+01    -9.5073328298275212E-03
 1.9315625000000001E+01    -9.3069450038389227E-03
 1.9359375000000000E+01    -8.8316643390845273E-03
 1.9403124999999999E+01    -8.0876086556835695E-03
 1.9446874999999999E+01    -7.0808957737553560E-03
 1.9490625000000001E+01    -5.8176435134191205E-03
 1.9534375000000001E+01    -4.3039696947942884E-03
 1.9578125000000000E+01    -2.5459921380000918E-03
 1.9621874999999999E+01    -5.4982866315579615E-04
 1.9665624999999999E+01     1.6784029096192777E-03
 1.9709375000000001E+01     4.1325847602060838E-03
 1.9753125000000001E+01     6.8065990684848940E-03
 1.9796875000000000E+01     9.6943280143367179E-03
 1.9840624999999999E+01     1.2789653777642134E-02
 1.9884374999999999E+01     1.6086458538281979E-02
 1.9928125000000001E+01     1.9578624476137101E-02
 1.9971875000000001E+01     2.3260033771087801E-02
 2.0015625000000000E+01     2.7124568603014952E-02
 2.0059374999999999E+01     3.1166111151799333E-02
 2.0103124999999999E+01     3.5378543597321663E-02
 2.0146875000000001E+01     3.9755748119463002E-02
 2.0190625000000001E+01     4.4291606898103318E-02
 2.0234375000000000E+01     4.8980002113123665E-02
 2.0278124999999999E+01     5.3814815944404876E-02
 2.0321874999999999E+01     5.8789930571827534E-02
 2.0365625000000001E+01     6.3899228175272771E-02
 2.0409375000000001E+01     6.9136590934620559E-02
 2.0453125000000000E+01     7.4495901029751954E-02
 2.0496874999999999E+01     7.9971040640547705E-02
 2.0540624999999999E+01     8.5555891946888452E-02
 2.0584375000000001E+01     9.1244337128655512E-02
 2.0628125000000001E+01     9.7030258365728539E-02
 2.0671875000000000E+01     1.0290753783798874E-01
 2.0715624999999999E+01     1.0887005772531692E-01
 2.0759374999999999E+01     1.1491170020759363E-01
 2.0803125000000001E+01     1.2102634746470023E-01
 2.0846875000000001E+01     1.2720788167651631E-01
 2.0890625000000000E+01     1.3345018502292322E-01
 2.0934374999999999E+01     1.3974713968380151E-01
 2.0978124999999999E+01     1.4609262783903201E-01
 2.1021875000000001E+01     1.5248053166849593E-01
 2.1065625000000001E+01     1.5890473335207295E-01
 2.1109375000000000E+01     1.6535911506964421E-01
 2.1153124999999999E+01     1.7183755900109052E-01
 2.1196874999999999E+01     1.7833394732629262E-01
 2.1240625000000001E+01     1.8484216222513170E-01
 2.1284375000000001E+01     1.9135608587748737E-01
 2.1328125000000000E+01     1.9786960046324092E-01
 2.1371874999999999E+01     2.0437658816227308E-01
 2.1415624999999999E+01     2.1087093115446448E-01
 2.1459375000000001E+01     2.1734651161969651E-01
 2.1503125000000001E+01     2.2379721173784872E-01
 2.1546875000000000E+01     2.3021691368880232E-01
 2.1590624999999999E+01     2.3659949965243815E-01
 2.1634374999999999E+01     2.4293885180863672E-01
 2.1678125000000001E+01     2.4922885233727943E-01
 2.1721875000000001E+01     2.5546338341824604E-01
 2.1765625000000000E+01     2.6163632723141755E-01
 2.1809374999999999E+01     2.6774156595667475E-01
 2.1853124999999999E+01     2.7377298177389836E-01
 2.1896875000000001E+01     2.7972445686296954E-01
 2.1940625000000001E+01     2.8558987340376818E-01
 2.1984375000000000E+01     2.9136311357617539E-01
 2.2028124999999999E+01     2.9703805956007179E-01
 2.2071874999999999E+01     3.0260859353533837E-01
 2.2115625000000001E+01     3.0806859768185590E-01
 2.2159375000000001E+01     3.1341195417950446E-01
 2.2203125000000000E+01     3.1863254520816520E-01
 2.2246874999999999E+01     3.2372425294771873E-01
 2.2290624999999999E+01     3.2868102011636408E-01
 2.2334375000000001E+01     3.3349902121187019E-01
 2.2378125000000001E+01     3.3817726141740634E-01
 2.2421875000000000E+01     3.4271492836152773E-01
 2.2465624999999999E+01     3.4711120967278941E-01
 2.2509374999999999E+01     3.5136529297974617E-01
 2.2553125000000001E+01     3.5547636591095355E-01
 2.2596875000000001E+01     3.5944361609496533E-01
 2.2640625000000000E+01     3.6326623116033724E-01
 2.2684374999999999E+01     3.6694339873562376E-01
 2.2728124999999999E+01     3.7047430644938012E-01
 2.2771875000000001E+01     3.7385814193016137E-01
 2.2815625000000001E+01     3.7709409280652195E-01
 2.2859375000000000E+01     3.8018134670701675E-01
 2.2903124999999999E+01     3.8311909126020111E-01
 2.2946874999999999E+01     3.8590651409462973E-01
 2.2990625000000001E+01     3.8854280283885773E-01
 2.3034375000000001E+01     3.9102714512143966E-01
 2.3078125000000000E+01     3.9335872857093046E-01
 2.3121874999999999E+01     3.9553674081588530E-01
 2.3165624999999999E+01     3.9756036948485884E-01
 2.3209375000000001E+01     3.9942880220640631E-01
 2.3253125000000001E+01     4.0114122660908225E-01
 2.3296875000000000E+01     4.0269683032144188E-01
 2.3340624999999999E+01     4.0409480097203992E-01
 2.3384374999999999E+01     4.0533432618943133E-01
 2.3428125000000001E+01     4.0641459360217119E-01
 2.3471875000000001E+01     4.0733479083881391E-01
 2.3515625000000000E+01     4.0809410552791492E-01
 2.3559374999999999E+01     4.0869172529802900E-01
 2.3603124999999999E+01     4.0912683777771086E-01
 2.3646875000000001E+01     4.0939863059551562E-01
 2.3690625000000001E+01     4.0950629137999817E-01
 2.3734375000000000E+01     4.0944900775971338E-01
 2.3778124999999999E+01     4.0922596736321626E-01
 2.3821874999999999E+01     4.0883635781906141E-01
 2.3865625000000001E+01     4.0827936675580401E-01
 2.3909375000000001E+01     4.0755418180199904E-01
 2.3953125000000000E+01     4.0665999058620117E-01
 2.3996874999999999E+01     4.0559598073696540E-01
 2.4040624999999999E+01     4.0436133988284678E-01
 2.4084375000000001E+01     4.0295525565239992E-01
 2.4128125000000001E+01     4.0137691567418016E-01
 2.4171875000000000E+01     3.9962550757674187E-01
 2.4215624999999999E+01     3.9770021898864050E-01
 2.4259374999999999E+01     3.9560023753843082E-01
 2.4303125000000001E+01     3.9332475085466723E-01
 2.4346875000000001E+01     3.9087294656590532E-01
 2.4390625000000000E+01     3.8824401230069966E-01
 2.4434374999999999E+01     3.8543713568760529E-01
 2.4478124999999999E+01     3.8245150435517716E-01
 2.4521875000000001E+01     3.7928630593196971E-01
 2.4565625000000001E+01     3.7594072804653855E-01
 2.4609375000000000E+01     3.7241395832743818E-01
 2.4653124999999999E+01     3.6870518440322364E-01
 2.4696874999999999E+01     3.6481359390244977E-01
 2.4740625000000001E+01     3.6073837445367124E-01
 2.4784375000000001E+01     3.5647871368544343E-01
 2.4828125000000000E+01     3.5203379922632111E-01
 2.4871874999999999E+01     3.4740281870485928E-01
 2.4915624999999999E+01     3.4258495974961256E-01
 2.4959375000000001E+01     3.3757940998913544E-01
 2.5003125000000001E+01     3.3238535705198402E-01
 2.5046875000000000E+01     3.2700198856671259E-01
 2.5090624999999999E+01     3.2142849216187597E-01
 2.5134374999999999E+01     3.1566405546602905E-01
 2.5178125000000001E+01     3.0970786610772649E-01
 2.5221875000000001E+01     3.0355911171552408E-01
 2.5265625000000000E+01     2.9721697991797613E-01
 2.5309374999999999E+01     2.9068065834363765E-01
 2.5353124999999999E+01     2.8394933462106348E-01
 2.5396875000000001E+01     2.7702219637880804E-01
 2.5440625000000001E+01     2.6989843124542734E-01
 2.5484375000000000E+01     2.6257765114324122E-01
 2.5528124999999999E+01     2.5506413874605738E-01
 2.5571874999999999E+01     2.4736507034830610E-01
 2.5615625000000001E+01     2.3948766536523503E-01
 2.5659375000000001E+01     2.3143914321209380E-01
 2.5703125000000000E+01     2.2322672330413024E-01
 2.5746874999999999E+01     2.1485762505659267E-01
 2.5790624999999999E+01     2.0633906788472939E-01
 2.5834375000000001E+01     1.9767827120378828E-01
 2.5878125000000001E+01     1.8888245442901902E-01
 2.5921875000000000E+01     1.7995883697566931E-01
 2.5965624999999999E+01     1.7091463825898734E-01
 2.6009374999999999E+01     1.6175707769422187E-01
 2.6053125000000001E+01     1.5249337469662028E-01
 2.6096875000000001E+01     1.4313074868143238E-01
 2.6140625000000000E+01     1.3367641906390601E-01
 2.6184374999999999E+01     1.2413760525928941E-01
 2.6228124999999999E+01     1.1452152668283118E-01
 2.6271875000000001E+01     1.0483540274977858E-01
 2.6315625000000001E+01     9.5086452875381824E-02
 2.6359375000000000E+01     8.5281896474888319E-02
 2.6403124999999999E+01     7.5428952963546694E-02
 2.6446874999999999E+01     6.5534841756605108E-02
 2.6490625000000001E+01     5.5606782269311240E-02
 2.6534375000000001E+01     4.5651993916915087E-02
 2.6578125000000000E+01     3.5677696114664093E-02
 2.6621874999999999E+01     2.5691108277806865E-02
 2.6665624999999999E+01     1.5699449821591546E-02
 2.6709375000000001E+01     5.7099401612658749E-03
 2.6753125000000001E+01    -4.2702012879201187E-03
 2.6796875000000000E+01    -1.4233755110718976E-02
 2.6840624999999999E+01    -2.4173501891882273E-02
 2.6884374999999999E+01    -3.4082222216161688E-02
 2.6928125000000001E+01    -4.3952696668309581E-02
 2.6971875000000001E+01    -5.3777705833075895E-02
 2.7015625000000000E+01    -6.3550030295213097E-02
 2.7059374999999999E+01    -7.3262450639472981E-02
 2.7103124999999999E+01    -8.2907747450606917E-02
 2.7146875000000001E+01    -9.2478701313367384E-02
 2.7190625000000001E+01    -1.0196809281250449E-01
 2.7234375000000000E+01    -1.1136870253277063E-01
 2.7278124999999999E+01    -1.2067331105891732E-01
 2.7321874999999999E+01    -1.2987469897569631E-01
 2.7365625000000001E+01    -1.3896564686785987E-01
 2.7409375000000001E+01    -1.4793893532015812E-01
 2.7453125000000000E+01    -1.5678734491734342E-01
 2.7496874999999999E+01    -1.6550365624416760E-01
 2.7540624999999999E+01    -1.7408064988538205E-01
 2.7584375000000001E+01    -1.8251110642573906E-01
 2.7628125000000001E+01    -1.9078780644998902E-01
 2.7671875000000000E+01    -1.9890353054288418E-01
 2.7715624999999999E+01    -2.0685105928917605E-01
 2.7759374999999999E+01    -2.1462317327361638E-01
 2.7803125000000001E+01    -2.2221265308095728E-01
 2.7846875000000001E+01    -2.2961227929594935E-01
 2.7890625000000000E+01    -2.3681483250334465E-01
 2.7934374999999999E+01    -2.4381309328789480E-01
 2.7978124999999999E+01    -2.5059984223435139E-01
 2.8021875000000001E+01    -2.5716785992746677E-01
 2.8065625000000001E+01    -2.6350992695199132E-01
 2.8109375000000000E+01    -2.6961882389267716E-01
 2.8153124999999999E+01    -2.7548733133427605E-01
 2.8196874999999999E+01    -2.8110822986153949E-01
 2.8240624999999998E+01    -2.8647430005921914E-01
 2.8284375000000001E+01    -2.9157832251206706E-01
 2.8328125000000000E+01    -2.9641307780483417E-01
 2.8371874999999999E+01    -3.0097134652227203E-01
 2.8415624999999999E+01    -3.0524590924913297E-01
 2.8459374999999998E+01    -3.0922954657016782E-01
 2.8503125000000001E+01    -3.1291503907012902E-01
 2.8546875000000000E+01    -3.1629516733376756E-01
 2.8590624999999999E+01    -3.1936271194583521E-01
 2.8634374999999999E+01    -3.2211045349108369E-01
 2.8678124999999998E+01    -3.2453300100707938E-01
 2.8721875000000001E+01    -3.2663334724717541E-01
 2.8765625000000000E+01    -3.2841688637618993E-01
 2.8809374999999999E+01    -3.2988901275637755E-01
 2.8853124999999999E+01    -3.3105512074999310E-01
 2.8896874999999998E+01    -3.3192060471929086E-01
 2.8940625000000001E+01    -3.3249085902652570E-01
 2.8984375000000000E+01    -3.3277127803395201E-01
 2.9028124999999999E+01    -3.3276725610382418E-01
 2.9071874999999999E+01    -3.3248418759839704E-01
 2.9115624999999998E+01    -3.3192746687992503E-01
 2.9159375000000001E+01    -3.3110248831066275E-01
 2.9203125000000000E+01    -3.3001464625286470E-01
 2.9246874999999999E+01    -3.2866933506878560E-01
 2.9290624999999999E+01    -3.2707194912067994E-01
 2.9334374999999998E+01    -3.2522788277080222E-01
 2.9378125000000001E+01    -3.2314253038140694E-01
 2.9421875000000000E+01    -3.2082128631474882E-01
 2.9465624999999999E+01    -3.1826954493308252E-01
 2.9509374999999999E+01    -3.1549270059866236E-01
 2.9553124999999998E+01    -3.1249614767374301E-01
 2.9596875000000001E+01    -3.0928528052057880E-01
 2.9640625000000000E+01    -3.0586549350142478E-01
 2.9684374999999999E+01    -3.0224218097853517E-01
 2.9728124999999999E+01    -2.9842073731416474E-01
 2.9771874999999998E+01    -2.9440655687056783E-01
 2.9815625000000001E+01    -2.9020503400999875E-01
 2.9859375000000000E+01    -2.8582156309471285E-01
 2.9903124999999999E+01    -2.8126153848696406E-01
 2.9946874999999999E+01    -2.7653035454900732E-01
 2.9990624999999998E+01    -2.7163340564309701E-01
 3.0034375000000001E+01    -2.6657608613148726E-01
 3.0078125000000000E+01    -2.6136379037643331E-01
 3.0121874999999999E+01    -2.5600191274018980E-01
 3.0165624999999999E+01    -2.5049584758501087E-01
 3.0209374999999998E+01    -2.4485098927315113E-01
 3.0253125000000001E+01    -2.3907273216686478E-01
 3.0296875000000000E+01    -2.3316647062840717E-01
 3.0340624999999999E+01    -2.2713759902003269E-01
 3.0384374999999999E+01    -2.2099151170399559E-01
 3.0428124999999998E+01    -2.1473360304255062E-01
 3.0471875000000001E+01    -2.0836926739795175E-01
 3.0515625000000000E+01    -2.0190389913245452E-01
 3.0559374999999999E+01    -1.9534289260831317E-01
 3.0603124999999999E+01    -1.8869164218778217E-01
 3.0646874999999998E+01    -1.8195554223311586E-01
 3.0690625000000001E+01    -1.7513998710656864E-01
 3.0734375000000000E+01    -1.6825037117039593E-01
 3.0778124999999999E+01    -1.6129208878685186E-01
 3.0821874999999999E+01    -1.5427053431819082E-01
 3.0865624999999998E+01    -1.4719110212666750E-01
 3.0909375000000001E+01    -1.4005918657453589E-01
 3.0953125000000000E+01    -1.3288018202405175E-01
 3.0996874999999999E+01    -1.2565948283746897E-01
 3.1040624999999999E+01    -1.1840248337704212E-01
 3.1084374999999998E+01    -1.1111457800502572E-01
 3.1128125000000001E+01    -1.0380116108367393E-01
 3.1171875000000000E+01    -9.6467626975242415E-02
 3.1215624999999999E+01    -8.9119370041985058E-02
 3.1259374999999999E+01    -8.1761784646156521E-02
 3.1303124999999998E+01    -7.4400265150011247E-02
 3.1346875000000001E+01    -6.7040205915803397E-02
 3.1390625000000000E+01    -5.9687001305788467E-02
 3.1434374999999999E+01    -5.2346045682220677E-02
 3.1478124999999999E+01    -4.5022733407354409E-02
 3.1521874999999998E+01    -3.7722458843444329E-02
 3.1565625000000001E+01    -3.0450616352744431E-02
 3.1609375000000000E+01    -2.3212600297510377E-02
 3.1653124999999999E+01    -1.6013805039996165E-02
 3.1696874999999999E+01    -8.8596249424564011E-03
 3.1740624999999998E+01    -1.7554543671455258E-03
 3.1784375000000001E+01     5.2933123236823532E-03
 3.1828125000000000E+01     1.2281280767771463E-02
 3.1871874999999999E+01     1.9203056602867918E-02
 3.1915624999999999E+01     2.6053245466717279E-02
 3.1959374999999998E+01     3.2826452997064826E-02
 3.2003124999999997E+01     3.9517284831655897E-02
 3.2046875000000000E+01     4.6120346608236606E-02
 3.2090625000000003E+01     5.2630243964551959E-02
 3.2134374999999999E+01     5.9041582538346071E-02
 3.2178125000000001E+01     6.5348967967366584E-02
 3.2221874999999997E+01     7.1547005889356946E-02
 3.2265625000000000E+01     7.7630301942064606E-02
 3.2309375000000003E+01     8.3593461763233901E-02
 3.2353124999999999E+01     8.9431090990609419E-02
 3.2396875000000001E+01     9.5137795261938496E-02
 3.2440624999999997E+01     1.0070818021496455E-01
 3.2484375000000000E+01     1.0613685148743504E-01
 3.2528125000000003E+01     1.1141841471709424E-01
 3.2571874999999999E+01     1.1654747554168710E-01
 3.2615625000000001E+01     1.2151863959896037E-01
 3.2659374999999997E+01     1.2632651252665816E-01
 3.2703125000000000E+01     1.3096569996252727E-01
 3.2746875000000003E+01     1.3543080754431239E-01
 3.2790624999999999E+01     1.3971644090975840E-01
 3.2834375000000001E+01     1.4381720569661199E-01
 3.2878124999999997E+01     1.4772770754261730E-01
 3.2921875000000000E+01     1.5144255208552101E-01
 3.2965625000000003E+01     1.5495634496306795E-01
 3.3009374999999999E+01     1.5826369181300307E-01
 3.3053125000000001E+01     1.6135919827307280E-01
 3.3096874999999997E+01     1.6423746998102159E-01
 3.3140625000000000E+01     1.6689311257459577E-01
 3.3184375000000003E+01     1.6932073169154044E-01
 3.3228124999999999E+01     1.7151493296960052E-01
 3.3271875000000001E+01     1.7347032204652230E-01
 3.3315624999999997E+01     1.7518150456005055E-01
 3.3359375000000000E+01     1.7664308614793117E-01
 3.3403125000000003E+01     1.7784967244790933E-01
 3.3446874999999999E+01     1.7879586909773040E-01
 3.3490625000000001E+01     1.7947628173514013E-01
 3.3534374999999997E+01     1.7988551599788372E-01
 3.3578125000000000E+01     1.8001817752370658E-01
 3.3621874999999996E+01     1.7986887195035436E-01
 3.3665624999999999E+01     1.7943220491557232E-01
 3.3709375000000001E+01     1.7870278205710577E-01
 3.3753124999999997E+01     1.7767520901270056E-01
 3.3796875000000000E+01     1.7634409142010174E-01
 3.3840624999999996E+01     1.7470403491705513E-01
 3.3884374999999999E+01     1.7274964514130559E-01
 3.3928125000000001E+01     1.7047552773059887E-01
 3.3971874999999997E+01     1.6787628832268087E-01
 3.4015625000000000E+01     1.6494653255529607E-01
 3.4059374999999996E+01     1.6168086606619100E-01
 3.4103124999999999E+01     1.5807389449310996E-01
 3.4146875000000001E+01     1.5412022347379886E-01
 3.4190624999999997E+01     1.4981445864600396E-01
 3.4234375000000000E+01     1.4515120564746919E-01
 3.4278124999999996E+01     1.4012507011594158E-01
 3.4321874999999999E+01     1.3473065768916487E-01
 3.4365625000000001E+01     1.2896257400488539E-01
 3.4409374999999997E+01     1.2281542470084943E-01
 3.4453125000000000E+01     1.1628381541480062E-01
 3.4496874999999996E+01     1.0936235178448638E-01
 3.4540624999999999E+01     1.0204563944764997E-01
 3.4584375000000001E+01     9.4328284042037872E-02
 3.4628124999999997E+01     8.6204891205396914E-02
 3.4671875000000000E+01     7.7670066575469848E-02
 3.4715624999999996E+01     6.8718415790004955E-02
 3.4759374999999999E+01     5.9344544486744699E-02
 3.4803125000000001E+01     4.9543058303435958E-02
 3.4846874999999997E+01     3.9308562877825859E-02
 3.4890625000000000E+01     2.8635663847656534E-02
 3.4934374999999996E+01     1.7518966850676856E-02
 3.4978124999999999E+01     5.9530775246286732E-03
