#                  time                       real
 2.1874999999999999E-02    -1.3368883076008949E-02
 6.5624999999999989E-02    -3.9521884300055522E-02
 1.0937500000000000E-01    -6.4901560797725591E-02
 1.5312499999999998E-01    -8.9515546782121341E-02
 1.9687499999999999E-01    -1.1337147646634509E-01
 2.4062500000000001E-01    -1.3647698406349912E-01
 2.8437499999999993E-01    -1.5883970378668558E-01
 3.2812499999999994E-01    -1.8046726984900688E-01
 3.7187499999999996E-01    -2.0136731646356529E-01
 4.1562499999999997E-01    -2.2154747784346285E-01
 4.5937499999999998E-01    -2.4101538820180216E-01
 5.0312499999999993E-01    -2.5977868175168517E-01
 5.4687499999999989E-01    -2.7784499270621432E-01
 5.9062499999999996E-01    -2.9522195527849177E-01
 6.3437499999999991E-01    -3.1191720368161985E-01
 6.7812499999999998E-01    -3.2793837212870097E-01
 7.2187499999999993E-01    -3.4329309483283682E-01
 7.6562499999999989E-01    -3.5798900600713052E-01
 8.0937499999999996E-01    -3.7203373986468374E-01
 8.5312499999999991E-01    -3.8543493061859885E-01
 8.9687499999999998E-01    -3.9820021248197823E-01
 9.4062499999999993E-01    -4.1033721966792391E-01
 9.8437499999999989E-01    -4.2185358638953846E-01
 1.0281250000000000E+00    -4.3275694685992400E-01
 1.0718749999999999E+00    -4.4305493529218248E-01
 1.1156250000000001E+00    -4.5275518589941705E-01
 1.1593750000000000E+00    -4.6186533289472897E-01
 1.2031250000000000E+00    -4.7039301049122101E-01
 1.2468750000000000E+00    -4.7834585290199538E-01
 1.2906249999999999E+00    -4.8573149434015406E-01
 1.3343750000000001E+00    -4.9255756901880016E-01
 1.3781250000000000E+00    -4.9883171115103486E-01
 1.4218750000000000E+00    -5.0456155494996091E-01
 1.4656250000000000E+00    -5.0975473462868071E-01
 1.5093749999999999E+00    -5.1441888440029626E-01
 1.5531250000000001E+00    -5.1856163847791015E-01
 1.5968750000000000E+00    -5.2219063107462438E-01
 1.6406250000000000E+00    -5.2531349640354119E-01
 1.6843750000000000E+00    -5.2793786867776293E-01
 1.7281249999999999E+00    -5.3007138211039184E-01
 1.7718750000000001E+00    -5.3172167091453038E-01
 1.8156250000000000E+00    -5.3289636930328055E-01
 1.8593750000000000E+00    -5.3360311148974460E-01
 1.9031250000000000E+00    -5.3384953168702476E-01
 1.9468749999999999E+00    -5.3364326410822371E-01
 1.9906249999999999E+00    -5.3299194296644337E-01
 2.0343749999999998E+00    -5.3190320247478595E-01
 2.0781250000000000E+00    -5.3038467684635404E-01
 2.1218749999999997E+00    -5.2844400029424943E-01
 2.1656249999999999E+00    -5.2608880703157479E-01
 2.2093750000000001E+00    -5.2332673127143214E-01
 2.2531249999999998E+00    -5.2016540722692395E-01
 2.2968750000000000E+00    -5.1661246911115222E-01
 2.3406249999999997E+00    -5.1267555113721952E-01
 2.3843749999999999E+00    -5.0836228751822765E-01
 2.4281250000000001E+00    -5.0368031246727951E-01
 2.4718749999999998E+00    -4.9863726019747695E-01
 2.5156250000000000E+00    -4.9324076492192220E-01
 2.5593749999999997E+00    -4.8749846085371773E-01
 2.6031249999999999E+00    -4.8141798220596554E-01
 2.6468750000000001E+00    -4.7500696319176833E-01
 2.6906249999999998E+00    -4.6827303802422787E-01
 2.7343750000000000E+00    -4.6122384091644664E-01
 2.7781249999999997E+00    -4.5386700608152714E-01
 2.8218749999999999E+00    -4.4621016773257111E-01
 2.8656250000000001E+00    -4.3826096008268117E-01
 2.9093749999999998E+00    -4.3002701734495968E-01
 2.9531250000000000E+00    -4.2151597373250865E-01
 2.9968749999999997E+00    -4.1273546345843054E-01
 3.0406249999999999E+00    -4.0369312073582736E-01
 3.0843750000000001E+00    -3.9439657977780151E-01
 3.1281249999999998E+00    -3.8485347479745530E-01
 3.1718750000000000E+00    -3.7507144000789089E-01
 3.2156249999999997E+00    -3.6505810962221080E-01
 3.2593749999999999E+00    -3.5482111785351683E-01
 3.3031250000000001E+00    -3.4436809891491171E-01
 3.3468749999999998E+00    -3.3370668701949746E-01
 3.3906250000000000E+00    -3.2284451638037626E-01
 3.4343749999999997E+00    -3.1178922121065078E-01
 3.4781249999999999E+00    -3.0054843572342271E-01
 3.5218750000000001E+00    -2.8912979413179468E-01
 3.5656249999999998E+00    -2.7754093064886898E-01
 3.6093750000000000E+00    -2.6578947948774767E-01
 3.6531249999999997E+00    -2.5388307486153328E-01
 3.6968749999999999E+00    -2.4182935098332758E-01
 3.7406249999999996E+00    -2.2963594206623350E-01
 3.7843749999999998E+00    -2.1731048232335290E-01
 3.8281250000000000E+00    -2.0486060596778788E-01
 3.8718749999999997E+00    -1.9229394721264118E-01
 3.9156249999999999E+00    -1.7961814027101469E-01
 3.9593749999999996E+00    -1.6684081935601078E-01
 4.0031249999999998E+00    -1.5396961868073172E-01
 4.0468749999999991E+00    -1.4101217245828010E-01
 4.0906249999999993E+00    -1.2797611490175756E-01
 4.1343749999999995E+00    -1.1486908022426651E-01
 4.1781249999999996E+00    -1.0169870263890957E-01
 4.2218749999999989E+00    -8.8472616358788975E-02
 4.2656249999999991E+00    -7.5198455597006553E-02
 4.3093749999999993E+00    -6.1883854566664870E-02
 4.3531249999999995E+00    -4.8536447480865975E-02
 4.3968749999999996E+00    -3.5163868552712682E-02
 4.4406249999999989E+00    -2.1773751995306859E-02
 4.4843749999999991E+00    -8.3737320217506031E-03
 4.5281249999999993E+00     5.0285571548538271E-03
 4.5718749999999995E+00     1.8425481321403828E-02
 4.6156249999999996E+00     3.1809406264797252E-02
 4.6593749999999989E+00     4.5172697771931690E-02
 4.7031249999999991E+00     5.8507721629705210E-02
 4.7468749999999993E+00     7.1806843625015576E-02
 4.7906249999999995E+00     8.5062429544760287E-02
 4.8343749999999996E+00     9.8266845175837114E-02
 4.8781249999999989E+00     1.1141245630514360E-01
 4.9218749999999991E+00     1.2449162871957796E-01
 4.9656249999999993E+00     1.3749672820603773E-01
 5.0093749999999995E+00     1.5042012055142046E-01
 5.0531249999999996E+00     1.6325417154262406E-01
 5.0968749999999989E+00     1.7599124696654608E-01
 5.1406249999999991E+00     1.8862371261008454E-01
 5.1843749999999993E+00     2.0114393426013719E-01
 5.2281249999999995E+00     2.1354427770360146E-01
 5.2718749999999996E+00     2.2581710872737548E-01
 5.3156249999999989E+00     2.3795479311835627E-01
 5.3593749999999991E+00     2.4994969666344236E-01
 5.4031249999999993E+00     2.6179418514953123E-01
 5.4468749999999995E+00     2.7348062436352061E-01
 5.4906249999999996E+00     2.8500138009230824E-01
 5.5343749999999989E+00     2.9634881812279135E-01
 5.5781249999999991E+00     3.0751530424186857E-01
 5.6218749999999993E+00     3.1849320423643718E-01
 5.6656249999999995E+00     3.2927488389339499E-01
 5.7093749999999996E+00     3.3985270899963943E-01
 5.7531249999999989E+00     3.5021904534206844E-01
 5.7968749999999991E+00     3.6036625870758021E-01
 5.8406249999999993E+00     3.7028671488307180E-01
 5.8843749999999995E+00     3.7997277965544141E-01
 5.9281249999999996E+00     3.8941681881158652E-01
 5.9718749999999989E+00     3.9861119813840473E-01
 6.0156249999999991E+00     4.0754828342279426E-01
 6.0593749999999993E+00     4.1622044045165252E-01
 6.1031249999999995E+00     4.2462003501187734E-01
 6.1468749999999996E+00     4.3273943289036643E-01
 6.1906249999999989E+00     4.4057099987401727E-01
 6.2343749999999991E+00     4.4810710174972812E-01
 6.2781249999999993E+00     4.5534010430439642E-01
 6.3218749999999995E+00     4.6226237332491993E-01
 6.3656249999999996E+00     4.6886627480016907E-01
 6.4093749999999989E+00     4.7514663131288870E-01
 6.4531249999999991E+00     4.8110684181232050E-01
 6.4968749999999993E+00     4.8675217571682244E-01
 6.5406249999999995E+00     4.9208790244475348E-01
 6.5843749999999996E+00     4.9711929141447192E-01
 6.6281249999999989E+00     5.0185161204433637E-01
 6.6718749999999991E+00     5.0629013375270515E-01
 6.7156249999999993E+00     5.1044012595793709E-01
 6.7593749999999995E+00     5.1430685807839016E-01
 6.8031249999999996E+00     5.1789559953242315E-01
 6.8468749999999989E+00     5.2121161973839447E-01
 6.8906249999999991E+00     5.2426018811466291E-01
 6.9343749999999993E+00     5.2704657407958677E-01
 6.9781249999999995E+00     5.2957604705152439E-01
 7.0218749999999996E+00     5.3185387644883453E-01
 7.0656249999999989E+00     5.3388533168987529E-01
 7.1093749999999991E+00     5.3567568219300565E-01
 7.1531249999999993E+00     5.3723019737658384E-01
 7.1968749999999995E+00     5.3855414665896828E-01
 7.2406249999999988E+00     5.3965279945851774E-01
 7.2843749999999989E+00     5.4053142519359043E-01
 7.3281249999999991E+00     5.4119529328254512E-01
 7.3718749999999993E+00     5.4164967314373991E-01
 7.4156249999999995E+00     5.4189983419553389E-01
 7.4593749999999988E+00     5.4195104585628495E-01
 7.5031249999999989E+00     5.4180857754435208E-01
 7.5468749999999991E+00     5.4147769867809326E-01
 7.5906249999999993E+00     5.4096367867586748E-01
 7.6343749999999995E+00     5.4027178695603284E-01
 7.6781249999999988E+00     5.3940729293694822E-01
 7.7218749999999989E+00     5.3837546603697184E-01
 7.7656249999999991E+00     5.3718157567446212E-01
 7.8093749999999993E+00     5.3583089126777783E-01
 7.8531249999999995E+00     5.3432868223527730E-01
 7.8968749999999988E+00     5.3268021799531917E-01
 7.9406249999999989E+00     5.3089076796626178E-01
 7.9843749999999991E+00     5.2896560156646355E-01
 8.0281249999999993E+00     5.2690998821428336E-01
 8.0718749999999986E+00     5.2472919732807932E-01
 8.1156249999999996E+00     5.2242849832621008E-01
 8.1593749999999989E+00     5.2001316062703407E-01
 8.2031250000000000E+00     5.1748845364890972E-01
 8.2468749999999993E+00     5.1485964681019569E-01
 8.2906249999999986E+00     5.1213200952925053E-01
 8.3343749999999996E+00     5.0931081122443256E-01
 8.3781249999999989E+00     5.0640132131410032E-01
 8.4218749999999982E+00     5.0340880921661257E-01
 8.4656249999999993E+00     5.0033854435032710E-01
 8.5093749999999986E+00     4.9719579613360304E-01
 8.5531249999999996E+00     4.9398583398479878E-01
 8.5968749999999989E+00     4.9071392732227292E-01
 8.6406249999999982E+00     4.8738534556438351E-01
 8.6843749999999993E+00     4.8400535812948936E-01
 8.7281249999999986E+00     4.8057923443594891E-01
 8.7718749999999996E+00     4.7711224390212076E-01
 8.8156249999999989E+00     4.7360965594636328E-01
 8.8593749999999982E+00     4.7007673998703503E-01
 8.9031249999999993E+00     4.6651876544249449E-01
 8.9468749999999986E+00     4.6294100173110014E-01
 8.9906249999999996E+00     4.5934871827121015E-01
 9.0343749999999989E+00     4.5574718448118368E-01
 9.0781249999999982E+00     4.5214166977937897E-01
 9.1218749999999993E+00     4.4853744358415415E-01
 9.1656249999999986E+00     4.4493977531386819E-01
 9.2093749999999996E+00     4.4135393438687920E-01
 9.2531249999999989E+00     4.3778519022154616E-01
 9.2968749999999982E+00     4.3423881223622701E-01
 9.3406249999999993E+00     4.3072006984928052E-01
 9.3843749999999986E+00     4.2723423247906528E-01
 9.4281249999999996E+00     4.2378656954393967E-01
 9.4718749999999989E+00     4.2038235046226213E-01
 9.5156249999999982E+00     4.1702684465239148E-01
 9.5593749999999993E+00     4.1372527804181153E-01
 9.6031249999999986E+00     4.1047995810480148E-01
 9.6468749999999996E+00     4.0728848148051994E-01
 9.6906249999999989E+00     4.0414801687314039E-01
 9.7343749999999982E+00     4.0105573298683583E-01
 9.7781249999999993E+00     3.9800879852577931E-01
 9.8218749999999986E+00     3.9500438219414408E-01
 9.8656249999999996E+00     3.9203965269610325E-01
 9.9093749999999989E+00     3.8911177873583003E-01
 9.9531249999999982E+00     3.8621792901749741E-01
 9.9968749999999993E+00     3.8335527224527866E-01
 1.0040624999999999E+01     3.8052097712334698E-01
 1.0084375000000000E+01     3.7771221235587532E-01
 1.0128124999999999E+01     3.7492614664703694E-01
 1.0171874999999998E+01     3.7215994870100505E-01
 1.0215624999999999E+01     3.6941078722195259E-01
 1.0259374999999999E+01     3.6667583091405292E-01
 1.0303125000000000E+01     3.6395224848147895E-01
 1.0346874999999999E+01     3.6123720862840414E-01
 1.0390624999999998E+01     3.5852788005900132E-01
 1.0434374999999999E+01     3.5582143147744372E-01
 1.0478124999999999E+01     3.5311503158790458E-01
 1.0521875000000000E+01     3.5040584909455691E-01
 1.0565624999999999E+01     3.4769105270157413E-01
 1.0609374999999998E+01     3.4496781111312913E-01
 1.0653124999999999E+01     3.4223329303339484E-01
 1.0696874999999999E+01     3.3948466716654491E-01
 1.0740625000000000E+01     3.3671910221675211E-01
 1.0784374999999999E+01     3.3393376688818982E-01
 1.0828124999999998E+01     3.3112582988503103E-01
 1.0871874999999999E+01     3.2829245991144884E-01
 1.0915624999999999E+01     3.2543082567161663E-01
 1.0959375000000000E+01     3.2253809586970716E-01
 1.1003124999999999E+01     3.1961143920989393E-01
 1.1046874999999998E+01     3.1664802439635009E-01
 1.1090624999999999E+01     3.1364502013324835E-01
 1.1134374999999999E+01     3.1059959512476232E-01
 1.1178125000000000E+01     3.0750891807506492E-01
 1.1221874999999999E+01     3.0437015768832931E-01
 1.1265624999999998E+01     3.0118048266872888E-01
 1.1309374999999999E+01     2.9793706172043632E-01
 1.1353124999999999E+01     2.9463706354762503E-01
 1.1396875000000000E+01     2.9127765685446810E-01
 1.1440624999999999E+01     2.8785601034513880E-01
 1.1484374999999998E+01     2.8436929272381017E-01
 1.1528124999999999E+01     2.8081467269465532E-01
 1.1571874999999999E+01     2.7718931896184751E-01
 1.1615625000000000E+01     2.7349040022955962E-01
 1.1659374999999999E+01     2.6971508520196508E-01
 1.1703124999999998E+01     2.6586054258323699E-01
 1.1746874999999999E+01     2.6192394107754829E-01
 1.1790624999999999E+01     2.5790244938907236E-01
 1.1834375000000000E+01     2.5379323622198208E-01
 1.1878124999999999E+01     2.4959347028045095E-01
 1.1921874999999998E+01     2.4530032026865195E-01
 1.1965624999999999E+01     2.4091095489075787E-01
 1.2009374999999999E+01     2.3642254285094247E-01
 1.2053125000000000E+01     2.3183225285337841E-01
 1.2096874999999999E+01     2.2713725360223910E-01
 1.2140624999999998E+01     2.2233471380169773E-01
 1.2184374999999999E+01     2.1742180215592702E-01
 1.2228124999999999E+01     2.1239568736910061E-01
 1.2271875000000000E+01     2.0725353814539127E-01
 1.2315624999999999E+01     2.0199252318897248E-01
 1.2359374999999998E+01     1.9660981120401722E-01
 1.2403124999999999E+01     1.9110257089469840E-01
 1.2446874999999999E+01     1.8546797096518963E-01
 1.2490625000000000E+01     1.7970318011966352E-01
 1.2534374999999999E+01     1.7380536706229383E-01
 1.2578124999999998E+01     1.6777170049725321E-01
 1.2621874999999999E+01     1.6159934912871485E-01
 1.2665624999999999E+01     1.5528548166085221E-01
 1.2709375000000000E+01     1.4882726679783798E-01
 1.2753124999999999E+01     1.4222214964853311E-01
 1.2796874999999998E+01     1.3547186380908841E-01
 1.2840624999999999E+01     1.2858152402083986E-01
 1.2884374999999999E+01     1.2155633674065336E-01
 1.2928125000000000E+01     1.1440150842539352E-01
 1.2971874999999999E+01     1.0712224553192629E-01
 1.3015624999999998E+01     9.9723754517116514E-02
 1.3059374999999999E+01     9.2211241837829319E-02
 1.3103124999999999E+01     8.4589913950930420E-02
 1.3146875000000000E+01     7.6864977313284594E-02
 1.3190624999999999E+01     6.9041638381757656E-02
 1.3234374999999998E+01     6.1125103613214542E-02
 1.3278124999999999E+01     5.3120579464520361E-02
 1.3321874999999999E+01     4.5033272392540735E-02
 1.3365625000000000E+01     3.6868388854140573E-02
 1.3409374999999999E+01     2.8631135306185603E-02
 1.3453124999999998E+01     2.0326718205540835E-02
 1.3496874999999999E+01     1.1960344009071203E-02
 1.3540624999999999E+01     3.5372191736426674E-03
 1.3584375000000000E+01    -4.9374498438802513E-03
 1.3628124999999999E+01    -1.3458456586631570E-02
 1.3671874999999998E+01    -2.2020594597746343E-02
 1.3715624999999999E+01    -3.0618657420359633E-02
 1.3759374999999999E+01    -3.9247438597605537E-02
 1.3803125000000000E+01    -4.7901731672619421E-02
 1.3846874999999999E+01    -5.6576330188535466E-02
 1.3890624999999998E+01    -6.5266027688488590E-02
 1.3934374999999999E+01    -7.3965617715613913E-02
 1.3978124999999999E+01    -8.2669893813045472E-02
 1.4021875000000000E+01    -9.1373649523918798E-02
 1.4065624999999999E+01    -1.0007167839136778E-01
 1.4109374999999998E+01    -1.0875877395852759E-01
 1.4153124999999999E+01    -1.1742972976853328E-01
 1.4196874999999999E+01    -1.2607933936451890E-01
 1.4240624999999998E+01    -1.3470239628961944E-01
 1.4284374999999999E+01    -1.4329369408697010E-01
 1.4328124999999998E+01    -1.5184802629970495E-01
 1.4371874999999999E+01    -1.6036018647095929E-01
 1.4415624999999999E+01    -1.6882496814386727E-01
 1.4459374999999998E+01    -1.7723716486156391E-01
 1.4503124999999999E+01    -1.8559157016718411E-01
 1.4546874999999998E+01    -1.9388297760386228E-01
 1.4590624999999999E+01    -2.0210618071473369E-01
 1.4634374999999999E+01    -2.1025597304293236E-01
 1.4678124999999998E+01    -2.1832714813159329E-01
 1.4721874999999999E+01    -2.2631449952385169E-01
 1.4765624999999998E+01    -2.3421282076284156E-01
 1.4809374999999999E+01    -2.4201690539169812E-01
 1.4853124999999999E+01    -2.4972154695355581E-01
 1.4896874999999998E+01    -2.5732153899154953E-01
 1.4940624999999999E+01    -2.6481167504881414E-01
 1.4984374999999998E+01    -2.7218674866848408E-01
 1.5028124999999999E+01    -2.7944155339369436E-01
 1.5071874999999999E+01    -2.8657088276757936E-01
 1.5115624999999998E+01    -2.9356953033327393E-01
 1.5159374999999999E+01    -3.0043228963391327E-01
 1.5203124999999998E+01    -3.0715395421263147E-01
 1.5246874999999999E+01    -3.1372931761256390E-01
 1.5290624999999999E+01    -3.2015317337684446E-01
 1.5334374999999998E+01    -3.2642031504860852E-01
 1.5378124999999999E+01    -3.3252553617099079E-01
 1.5421874999999998E+01    -3.3846363028712567E-01
 1.5465624999999999E+01    -3.4422939094014826E-01
 1.5509374999999999E+01    -3.4981761167319303E-01
 1.5553124999999998E+01    -3.5522308602939467E-01
 1.5596874999999999E+01    -3.6044060755188828E-01
 1.5640624999999998E+01    -3.6546496978380810E-01
 1.5684374999999999E+01    -3.7029096626828939E-01
 1.5728124999999999E+01    -3.7491339054846651E-01
 1.5771874999999998E+01    -3.7932703616747410E-01
 1.5815624999999999E+01    -3.8352669666844730E-01
 1.5859374999999998E+01    -3.8750716559452070E-01
 1.5903124999999999E+01    -3.9126323648882882E-01
 1.5946874999999999E+01    -3.9479071292535317E-01
 1.5990624999999998E+01    -3.9809150740498361E-01
 1.6034375000000001E+01    -4.0116981740435770E-01
 1.6078125000000000E+01    -4.0402984437603079E-01
 1.6121874999999999E+01    -4.0667578977256003E-01
 1.6165625000000002E+01    -4.0911185504650188E-01
 1.6209375000000001E+01    -4.1134224165041217E-01
 1.6253125000000001E+01    -4.1337115103684774E-01
 1.6296875000000000E+01    -4.1520278465836502E-01
 1.6340624999999999E+01    -4.1684134396752015E-01
 1.6384375000000002E+01    -4.1829103041687016E-01
 1.6428125000000001E+01    -4.1955604545897074E-01
 1.6471875000000001E+01    -4.2064059054637865E-01
 1.6515625000000000E+01    -4.2154886713165041E-01
 1.6559374999999999E+01    -4.2228507666734227E-01
 1.6603125000000002E+01    -4.2285342060601067E-01
 1.6646875000000001E+01    -4.2325810040021211E-01
 1.6690625000000001E+01    -4.2350331750250297E-01
 1.6734375000000000E+01    -4.2359327336543962E-01
 1.6778124999999999E+01    -4.2353216944157862E-01
 1.6821874999999999E+01    -4.2332420718347613E-01
 1.6865625000000001E+01    -4.2297358804368873E-01
 1.6909375000000001E+01    -4.2248451347477300E-01
 1.6953125000000000E+01    -4.2186118492928509E-01
 1.6996874999999999E+01    -4.2110780385978158E-01
 1.7040624999999999E+01    -4.2022857171881878E-01
 1.7084375000000001E+01    -4.1922768995895315E-01
 1.7128125000000001E+01    -4.1810936003274107E-01
 1.7171875000000000E+01    -4.1687778339273923E-01
 1.7215624999999999E+01    -4.1553716149150371E-01
 1.7259374999999999E+01    -4.1409169578159111E-01
 1.7303125000000001E+01    -4.1254558771555760E-01
 1.7346875000000001E+01    -4.1090303874596001E-01
 1.7390625000000000E+01    -4.0916825032535442E-01
 1.7434374999999999E+01    -4.0734542390629747E-01
 1.7478124999999999E+01    -4.0543876094134551E-01
 1.7521875000000001E+01    -4.0345246288305475E-01
 1.7565625000000001E+01    -4.0139073118398183E-01
 1.7609375000000000E+01    -3.9925776729668316E-01
 1.7653124999999999E+01    -3.9705777267371523E-01
 1.7696874999999999E+01    -3.9479494876763438E-01
 1.7740625000000001E+01    -3.9247349703099677E-01
 1.7784375000000001E+01    -3.9009761891635925E-01
 1.7828125000000000E+01    -3.8767151587627802E-01
 1.7871874999999999E+01    -3.8519938936330955E-01
 1.7915624999999999E+01    -3.8268544083001022E-01
 1.7959375000000001E+01    -3.8013387172893631E-01
 1.8003125000000001E+01    -3.7754888351264460E-01
 1.8046875000000000E+01    -3.7493467763369109E-01
 1.8090624999999999E+01    -3.7229545554463273E-01
 1.8134374999999999E+01    -3.6963541869802546E-01
 1.8178125000000001E+01    -3.6695876854642573E-01
 1.8221875000000001E+01    -3.6426970654239021E-01
 1.8265625000000000E+01    -3.6157243413847528E-01
 1.8309374999999999E+01    -3.5887115278723725E-01
 1.8353124999999999E+01    -3.5617006394123263E-01
 1.8396875000000001E+01    -3.5347336905301746E-01
 1.8440625000000001E+01    -3.5078526957514883E-01
 1.8484375000000000E+01    -3.4810996696018270E-01
 1.8528124999999999E+01    -3.4545166266067562E-01
 1.8571874999999999E+01    -3.4281455812918410E-01
 1.8615625000000001E+01    -3.4020285481826412E-01
 1.8659375000000001E+01    -3.3762075418047266E-01
 1.8703125000000000E+01    -3.3507245766836596E-01
 1.8746874999999999E+01    -3.3256216673450023E-01
 1.8790624999999999E+01    -3.3009408283143221E-01
 1.8834375000000001E+01    -3.2767240741171788E-01
 1.8878125000000001E+01    -3.2530134192791421E-01
 1.8921875000000000E+01    -3.2298508783257734E-01
 1.8965624999999999E+01    -3.2072784657826364E-01
 1.9009374999999999E+01    -3.1853381961752958E-01
 1.9053125000000001E+01    -3.1640720840293146E-01
 1.9096875000000001E+01    -3.1435221243611661E-01
 1.9140625000000000E+01    -3.1237191002388465E-01
 1.9184374999999999E+01    -3.1046638193689818E-01
 1.9228124999999999E+01    -3.0863521334258143E-01
 1.9271875000000001E+01    -3.0687798940835787E-01
 1.9315625000000001E+01    -3.0519429530165176E-01
 1.9359375000000000E+01    -3.0358371618988683E-01
 1.9403124999999999E+01    -3.0204583724048717E-01
 1.9446874999999999E+01    -3.0058024362087649E-01
 1.9490625000000001E+01    -2.9918652049847844E-01
 1.9534375000000001E+01    -2.9786425304071740E-01
 1.9578125000000000E+01    -2.9661302641501702E-01
 1.9621874999999999E+01    -2.9543242578880130E-01
 1.9665624999999999E+01    -2.9432203632949405E-01
 1.9709375000000001E+01    -2.9328144320451904E-01
 1.9753125000000001E+01    -2.9231023158130043E-01
 1.9796875000000000E+01    -2.9140798662726192E-01
 1.9840624999999999E+01    -2.9057429350982755E-01
 1.9884374999999999E+01    -2.8980873739642110E-01
 1.9928125000000001E+01    -2.8911090345446649E-01
 1.9971875000000001E+01    -2.8848037685138767E-01
 2.0015625000000000E+01    -2.8791674275460849E-01
 2.0059374999999999E+01    -2.8741958633155279E-01
 2.0103124999999999E+01    -2.8698849274964455E-01
 2.0146875000000001E+01    -2.8662304717630771E-01
 2.0190625000000001E+01    -2.8632283477896603E-01
 2.0234375000000000E+01    -2.8608744072504361E-01
 2.0278124999999999E+01    -2.8591645018196393E-01
 2.0321874999999999E+01    -2.8580944831715138E-01
 2.0365625000000001E+01    -2.8576602029802955E-01
 2.0409375000000001E+01    -2.8578575129202249E-01
 2.0453125000000000E+01    -2.8586822646655391E-01
 2.0496874999999999E+01    -2.8601303098904796E-01
 2.0540624999999999E+01    -2.8621975002692834E-01
 2.0584375000000001E+01    -2.8648796874761900E-01
 2.0628125000000001E+01    -2.8681727231854376E-01
 2.0671875000000000E+01    -2.8720724590712660E-01
 2.0715624999999999E+01    -2.8765747468079156E-01
 2.0759374999999999E+01    -2.8816754380696230E-01
 2.0803125000000001E+01    -2.8873703845306287E-01
 2.0846875000000001E+01    -2.8936554378651697E-01
 2.0890625000000000E+01    -2.9005264497474875E-01
 2.0934374999999999E+01    -2.9079792718518183E-01
 2.0978124999999999E+01    -2.9160097558524029E-01
 2.1021875000000001E+01    -2.9246137534234806E-01
 2.1065625000000001E+01    -2.9337871162392892E-01
 2.1109375000000000E+01    -2.9435256959740674E-01
 2.1153124999999999E+01    -2.9538253443020557E-01
 2.1196874999999999E+01    -2.9646819128974922E-01
 2.1240625000000001E+01    -2.9760912534346151E-01
 2.1284375000000001E+01    -2.9880492175876650E-01
 2.1328125000000000E+01    -3.0005516570308788E-01
 2.1371874999999999E+01    -3.0135944234384970E-01
 2.1415624999999999E+01    -3.0271733684847579E-01
 2.1459375000000001E+01    -3.0412843438439024E-01
 2.1503125000000001E+01    -3.0559232011901660E-01
 2.1546875000000000E+01    -3.0710857921977891E-01
 2.1590624999999999E+01    -3.0867679685410115E-01
 2.1634374999999999E+01    -3.1029655818940710E-01
 2.1678125000000001E+01    -3.1196744839312096E-01
 2.1721875000000001E+01    -3.1368905263266617E-01
 2.1765625000000000E+01    -3.1546095607546687E-01
 2.1809374999999999E+01    -3.1728274388894684E-01
 2.1853124999999999E+01    -3.1915400124053006E-01
 2.1896875000000001E+01    -3.2107431329764058E-01
 2.1940625000000001E+01    -3.2304326522770205E-01
 2.1984375000000000E+01    -3.2506044219813840E-01
 2.2028124999999999E+01    -3.2712542937637351E-01
 2.2071874999999999E+01    -3.2923781192983148E-01
 2.2115625000000001E+01    -3.3139717502593619E-01
 2.2159375000000001E+01    -3.3360310383211117E-01
 2.2203125000000000E+01    -3.3585518351578064E-01
 2.2246874999999999E+01    -3.3815299924436837E-01
 2.2290624999999999E+01    -3.4049608772109968E-01
 2.2334375000000001E+01    -3.4288219898892980E-01
 2.2378125000000001E+01    -3.4530681697402693E-01
 2.2421875000000000E+01    -3.4776527954516012E-01
 2.2465624999999999E+01    -3.5025292457109852E-01
 2.2509374999999999E+01    -3.5276508992061079E-01
 2.2553125000000001E+01    -3.5529711346246651E-01
 2.2596875000000001E+01    -3.5784433306543395E-01
 2.2640625000000000E+01    -3.6040208659828260E-01
 2.2684374999999999E+01    -3.6296571192978122E-01
 2.2728124999999999E+01    -3.6553054692869869E-01
 2.2771875000000001E+01    -3.6809192946380453E-01
 2.2815625000000001E+01    -3.7064519740386709E-01
 2.2859375000000000E+01    -3.7318568861765550E-01
 2.2903124999999999E+01    -3.7570874097393886E-01
 2.2946874999999999E+01    -3.7820969234148616E-01
 2.2990625000000001E+01    -3.8068388058906655E-01
 2.3034375000000001E+01    -3.8312664358544857E-01
 2.3078125000000000E+01    -3.8553331919940137E-01
 2.3121874999999999E+01    -3.8789924529969416E-01
 2.3165624999999999E+01    -3.9021975975509565E-01
 2.3209375000000001E+01    -3.9249020043437499E-01
 2.3253125000000001E+01    -3.9470590520630106E-01
 2.3296875000000000E+01    -3.9686221193964294E-01
 2.3340624999999999E+01    -3.9895445850316946E-01
 2.3384374999999999E+01    -4.0097798276564961E-01
 2.3428125000000001E+01    -4.0292812259585276E-01
 2.3471875000000001E+01    -4.0480021586254727E-01
 2.3515625000000000E+01    -4.0658960043450249E-01
 2.3559374999999999E+01    -4.0829161418048732E-01
 2.3603124999999999E+01    -4.0990159496927075E-01
 2.3646875000000001E+01    -4.1141488066962190E-01
 2.3690625000000001E+01    -4.1282680915030950E-01
 2.3734375000000000E+01    -4.1413271828010273E-01
 2.3778124999999999E+01    -4.1532794592777061E-01
 2.3821874999999999E+01    -4.1640782996208170E-01
 2.3865625000000001E+01    -4.1736770825180552E-01
 2.3909375000000001E+01    -4.1820291866571074E-01
 2.3953125000000000E+01    -4.1890879907256640E-01
 2.3996874999999999E+01    -4.1948068734114147E-01
 2.4040624999999999E+01    -4.1991392134020500E-01
 2.4084375000000001E+01    -4.2020383893852586E-01
 2.4128125000000001E+01    -4.2034577800487316E-01
 2.4171875000000000E+01    -4.2033507640801576E-01
 2.4215624999999999E+01    -4.2016707201672276E-01
 2.4259374999999999E+01    -4.1983710269976321E-01
 2.4303125000000001E+01    -4.1934050632590569E-01
 2.4346875000000001E+01    -4.1867262076391953E-01
 2.4390625000000000E+01    -4.1782878388257366E-01
 2.4434374999999999E+01    -4.1680433355063706E-01
 2.4478124999999999E+01    -4.1559460763687872E-01
 2.4521875000000001E+01    -4.1419494401006740E-01
 2.4565625000000001E+01    -4.1260068053897236E-01
 2.4609375000000000E+01    -4.1080715509236260E-01
 2.4653124999999999E+01    -4.0880970553900686E-01
 2.4696874999999999E+01    -4.0660366974767437E-01
 2.4740625000000001E+01    -4.0418438558713377E-01
 2.4784375000000001E+01    -4.0154719092615432E-01
 2.4828125000000000E+01    -3.9868742363350496E-01
 2.4871874999999999E+01    -3.9560042157795489E-01
 2.4915624999999999E+01    -3.9228152262827271E-01
 2.4959375000000001E+01    -3.8872606465322707E-01
 2.5003125000000001E+01    -3.8492938552158784E-01
 2.5046875000000000E+01    -3.8088682310212363E-01
 2.5090624999999999E+01    -3.7659371526360341E-01
 2.5134374999999999E+01    -3.7204539987479601E-01
 2.5178125000000001E+01    -3.6723721480447019E-01
 2.5221875000000001E+01    -3.6216449792139571E-01
 2.5265625000000000E+01    -3.5682258709434106E-01
 2.5309374999999999E+01    -3.5120682019207522E-01
 2.5353124999999999E+01    -3.4531253508336729E-01
 2.5396875000000001E+01    -3.3913506963698564E-01
 2.5440625000000001E+01    -3.3266976172170026E-01
 2.5484375000000000E+01    -3.2591269263398026E-01
 2.5528124999999999E+01    -3.1886812754269600E-01
 2.5571874999999999E+01    -3.1154540168349831E-01
 2.5615625000000001E+01    -3.0395392584631853E-01
 2.5659375000000001E+01    -2.9610311082109025E-01
 2.5703125000000000E+01    -2.8800236739774510E-01
 2.5746874999999999E+01    -2.7966110636621505E-01
 2.5790624999999999E+01    -2.7108873851643250E-01
 2.5834375000000001E+01    -2.6229467463832906E-01
 2.5878125000000001E+01    -2.5328832552183833E-01
 2.5921875000000000E+01    -2.4407910195689186E-01
 2.5965624999999999E+01    -2.3467641473342157E-01
 2.6009374999999999E+01    -2.2508967464136015E-01
 2.6053125000000001E+01    -2.1532829247063873E-01
 2.6096875000000001E+01    -2.0540167901119105E-01
 2.6140625000000000E+01    -1.9531924505294873E-01
 2.6184374999999999E+01    -1.8509040138584396E-01
 2.6228124999999999E+01    -1.7472455879980903E-01
 2.6271875000000001E+01    -1.6423112808477514E-01
 2.6315625000000001E+01    -1.5361952003067625E-01
 2.6359375000000000E+01    -1.4289914542744386E-01
 2.6403124999999999E+01    -1.3207941506501025E-01
 2.6446874999999999E+01    -1.2116973973330743E-01
 2.6490625000000001E+01    -1.1017953022226680E-01
 2.6534375000000001E+01    -9.9118197321822546E-02
 2.6578125000000000E+01    -8.7995151821905690E-02
 2.6621874999999999E+01    -7.6819804512448700E-02
 2.6665624999999999E+01    -6.5601566183383683E-02
 2.6709375000000001E+01    -5.4349847624641977E-02
 2.6753125000000001E+01    -4.3074059626157658E-02
 2.6796875000000000E+01    -3.1783612977862113E-02
 2.6840624999999999E+01    -2.0487918469687408E-02
 2.6884374999999999E+01    -9.1963868915658168E-03
 2.6928125000000001E+01     2.0815709665712012E-03
 2.6971875000000001E+01     1.3336544314789867E-02
 2.7015625000000000E+01     2.4559122363158610E-02
 2.7059374999999999E+01     3.5739894321745382E-02
 2.7103124999999999E+01     4.6869449400617838E-02
 2.7146875000000001E+01     5.7938376809844719E-02
 2.7190625000000001E+01     6.8937265759491953E-02
 2.7234375000000000E+01     7.9856705459628252E-02
 2.7278124999999999E+01     9.0687285120321426E-02
 2.7321874999999999E+01     1.0141959395163919E-01
 2.7365625000000001E+01     1.1204422116365023E-01
 2.7409375000000001E+01     1.2255175596642050E-01
 2.7453125000000000E+01     1.3293278757001856E-01
 2.7496874999999999E+01     1.4317790518451259E-01
 2.7540624999999999E+01     1.5327769801997007E-01
 2.7584375000000001E+01     1.6322275528645949E-01
 2.7628125000000001E+01     1.7300366619404717E-01
 2.7671875000000000E+01     1.8261101995280168E-01
 2.7715624999999999E+01     1.9203540577279074E-01
 2.7759374999999999E+01     2.0126741286408212E-01
 2.7803125000000001E+01     2.1029763043674435E-01
 2.7846875000000001E+01     2.1911664770084399E-01
 2.7890625000000000E+01     2.2771505386644897E-01
 2.7934374999999999E+01     2.3608343814362753E-01
 2.7978124999999999E+01     2.4421238974244741E-01
 2.8021875000000001E+01     2.5209249787297688E-01
 2.8065625000000001E+01     2.5971435174528251E-01
 2.8109375000000000E+01     2.6706854056943247E-01
 2.8153124999999999E+01     2.7414565355549497E-01
 2.8196874999999999E+01     2.8093627991353753E-01
 2.8240624999999998E+01     2.8743100885362793E-01
 2.8284375000000001E+01     2.9362042958583462E-01
 2.8328125000000000E+01     2.9949513132022410E-01
 2.8371874999999999E+01     3.0504570326686464E-01
 2.8415624999999999E+01     3.1026273463582443E-01
 2.8459374999999998E+01     3.1513681463717091E-01
 2.8503125000000001E+01     3.1965853248097220E-01
 2.8546875000000000E+01     3.2381847737729536E-01
 2.8590624999999999E+01     3.2760723853620871E-01
 2.8634374999999999E+01     3.3101540516777994E-01
 2.8678124999999998E+01     3.3403587291249631E-01
 2.8721875000000001E+01     3.3667211272181918E-01
 2.8765625000000000E+01     3.3893062471394975E-01
 2.8809374999999999E+01     3.4081790925613820E-01
 2.8853124999999999E+01     3.4234046671563473E-01
 2.8896874999999998E+01     3.4350479745968909E-01
 2.8940625000000001E+01     3.4431740185555115E-01
 2.8984375000000000E+01     3.4478478027047110E-01
 2.9028124999999999E+01     3.4491343307169842E-01
 2.9071874999999999E+01     3.4470986062648318E-01
 2.9115624999999998E+01     3.4418056330207542E-01
 2.9159375000000001E+01     3.4333204146572516E-01
 2.9203125000000000E+01     3.4217079548468188E-01
 2.9246874999999999E+01     3.4070332572619610E-01
 2.9290624999999999E+01     3.3893613255751731E-01
 2.9334374999999998E+01     3.3687571634589553E-01
 2.9378125000000001E+01     3.3452857745858056E-01
 2.9421875000000000E+01     3.3190121626282243E-01
 2.9465624999999999E+01     3.2900013312587140E-01
 2.9509374999999999E+01     3.2583182841497671E-01
 2.9553124999999998E+01     3.2240280249738867E-01
 2.9596875000000001E+01     3.1871955574035704E-01
 2.9640625000000000E+01     3.1478858851113217E-01
 2.9684374999999999E+01     3.1061640117696354E-01
 2.9728124999999999E+01     3.0620949410510129E-01
 2.9771874999999998E+01     3.0157436766279516E-01
 2.9815625000000001E+01     2.9671752221729475E-01
 2.9859375000000000E+01     2.9164545813585085E-01
 2.9903124999999999E+01     2.8636467578571279E-01
 2.9946874999999999E+01     2.8088167553413068E-01
 2.9990624999999998E+01     2.7520295774835435E-01
 3.0034375000000001E+01     2.6933502279563315E-01
 3.0078125000000000E+01     2.6328437104321811E-01
 3.0121874999999999E+01     2.5705750285835882E-01
 3.0165624999999999E+01     2.5066091860830486E-01
 3.0209374999999998E+01     2.4410111866030601E-01
 3.0253125000000001E+01     2.3738460338161219E-01
 3.0296875000000000E+01     2.3051787313947397E-01
 3.0340624999999999E+01     2.2350742830114106E-01
 3.0384374999999999E+01     2.1635976923386308E-01
 3.0428124999999998E+01     2.0908139630489020E-01
 3.0471875000000001E+01     2.0167880988147135E-01
 3.0515625000000000E+01     1.9415851033085807E-01
 3.0559374999999999E+01     1.8652699802029959E-01
 3.0603124999999999E+01     1.7879077331704563E-01
 3.0646874999999998E+01     1.7095633658834625E-01
 3.0690625000000001E+01     1.6303018820145060E-01
 3.0734375000000000E+01     1.5501882852361026E-01
 3.0778124999999999E+01     1.4692875792207399E-01
 3.0821874999999999E+01     1.3876647676409209E-01
 3.0865624999999998E+01     1.3053848541691415E-01
 3.0909375000000001E+01     1.2225128424778980E-01
 3.0953125000000000E+01     1.1391137362397002E-01
 3.0996874999999999E+01     1.0552525391270412E-01
 3.1040624999999999E+01     9.7099425481242063E-02
 3.1084374999999998E+01     8.8640388696833661E-02
 3.1128125000000001E+01     8.0154643926728331E-02
 3.1171875000000000E+01     7.1648691538177212E-02
 3.1215624999999999E+01     6.3129031898429611E-02
 3.1259374999999999E+01     5.4602165374735445E-02
 3.1303124999999998E+01     4.6074592334344466E-02
 3.1346875000000001E+01     3.7552813144506203E-02
 3.1390625000000000E+01     2.9043328172471738E-02
 3.1434374999999999E+01     2.0552637785490269E-02
 3.1478124999999999E+01     1.2087242350811878E-02
 3.1521874999999998E+01     3.6536422356863163E-03
 3.1565625000000001E+01    -4.7416621926369973E-03
 3.1609375000000000E+01    -1.3092170566906813E-02
 3.1653124999999999E+01    -2.1391382519874047E-02
 3.1696874999999999E+01    -2.9632797684288670E-02
 3.1740624999999998E+01    -3.7809915692900931E-02
 3.1784375000000001E+01    -4.5916236178461300E-02
 3.1828125000000000E+01    -5.3945258773718696E-02
 3.1871874999999999E+01    -6.1890483111423755E-02
 3.1915624999999999E+01    -6.9745408824326782E-02
 3.1959374999999998E+01    -7.7503535545177749E-02
 3.2003124999999997E+01    -8.5158362906726515E-02
 3.2046875000000000E+01    -9.2703390541723996E-02
 3.2090625000000003E+01    -1.0013211808291977E-01
 3.2134374999999999E+01    -1.0743804516306260E-01
 3.2178125000000001E+01    -1.1461467141490472E-01
 3.2221874999999997E+01    -1.2165549647119411E-01
 3.2265625000000000E+01    -1.2855401996468324E-01
 3.2309375000000003E+01    -1.3530374152812080E-01
 3.2353124999999999E+01    -1.4189816079425599E-01
 3.2396875000000001E+01    -1.4833077739584105E-01
 3.2440624999999997E+01    -1.5459509096562371E-01
 3.2484375000000000E+01    -1.6068460113635641E-01
 3.2528125000000003E+01    -1.6659280754078798E-01
 3.2571874999999999E+01    -1.7231320981166778E-01
 3.2615625000000001E+01    -1.7783930758174749E-01
 3.2659374999999997E+01    -1.8316460048377561E-01
 3.2703125000000000E+01    -1.8828258815050383E-01
 3.2746875000000003E+01    -1.9318677021468145E-01
 3.2790624999999999E+01    -1.9787064630905782E-01
 3.2834375000000001E+01    -2.0232771606638439E-01
 3.2878124999999997E+01    -2.0655147911940988E-01
 3.2921875000000000E+01    -2.1053543510088579E-01
 3.2965625000000003E+01    -2.1427308364356151E-01
 3.3009374999999999E+01    -2.1775792438018651E-01
 3.3053125000000001E+01    -2.2098345694351201E-01
 3.3096874999999997E+01    -2.2394318096628707E-01
 3.3140625000000000E+01    -2.2663059608126257E-01
 3.3184375000000003E+01    -2.2903920192118843E-01
 3.3228124999999999E+01    -2.3116249811881406E-01
 3.3271875000000001E+01    -2.3299398430689050E-01
 3.3315624999999997E+01    -2.3452716011816716E-01
 3.3359375000000000E+01    -2.3575552518539447E-01
 3.3403125000000003E+01    -2.3667257914132234E-01
 3.3446874999999999E+01    -2.3727182161870081E-01
 3.3490625000000001E+01    -2.3754675225028016E-01
 3.3534374999999997E+01    -2.3749087066881039E-01
 3.3578125000000000E+01    -2.3709767650704144E-01
 3.3621874999999996E+01    -2.3636066939772377E-01
 3.3665624999999999E+01    -2.3527334897360705E-01
 3.3709375000000001E+01    -2.3382921486744135E-01
 3.3753124999999997E+01    -2.3202176671197719E-01
 3.3796875000000000E+01    -2.2984450413996416E-01
 3.3840624999999996E+01    -2.2729092678415291E-01
 3.3884374999999999E+01    -2.2435453427729277E-01
 3.3928125000000001E+01    -2.2102882625213416E-01
 3.3971874999999997E+01    -2.1730730234142781E-01
 3.4015625000000000E+01    -2.1318346217792258E-01
 3.4059374999999996E+01    -2.0865080539436992E-01
 3.4103124999999999E+01    -2.0370283162351846E-01
 3.4146875000000001E+01    -1.9833304049811887E-01
 3.4190624999999997E+01    -1.9253493165092239E-01
 3.4234375000000000E+01    -1.8630200471467703E-01
 3.4278124999999996E+01    -1.7962775932213504E-01
 3.4321874999999999E+01    -1.7250569510604422E-01
 3.4365625000000001E+01    -1.6492931169915584E-01
 3.4409374999999997E+01    -1.5689210873422116E-01
 3.4453125000000000E+01    -1.4838758584398778E-01
 3.4496874999999996E+01    -1.3940924266120847E-01
 3.4540624999999999E+01    -1.2995057881863045E-01
 3.4584375000000001E+01    -1.2000509394900516E-01
 3.4628124999999997E+01    -1.0956628768508446E-01
 3.4671875000000000E+01    -9.8627659659615022E-02
 3.4715624999999996E+01    -8.7182709505350522E-02
 3.4759374999999999E+01    -7.5224936855037269E-02
 3.4803125000000001E+01    -6.2747841341427191E-02
 3.4846874999999997E+01    -4.9744922597272513E-02
 3.4890625000000000E+01    -3.6209680255319100E-02
 3.4934374999999996E+01    -2.2135613948321420E-02
 3.4978124999999999E+01    -7.5162233090250016E-03
