# n_row: 16 n_col: 16
# row  col                       real                       imag
    0   15    -9.1467709722122881E-01    -4.0418536319236864E-01
    1   14    -8.6321756173818098E-02     9.9626731072090680E-01
    2   13    -8.0102125975115768E-01    -5.9863590054946447E-01
    3   12    -3.0709437518557364E-01     9.5167906603506947E-01
    4   11    -8.8602679534269102E-01     4.6363403448707363E-01
    5   10     7.2549338867678848E-01     6.8822913552556775E-01
    6    9    -9.6731344703286459E-01     2.5358370450286677E-01
    7    8     5.5306778912656585E-01     8.3313625574131178E-01
    8    7     5.5306778912656585E-01    -8.3313625574131178E-01
    9    6    -9.6731344703286459E-01    -2.5358370450286677E-01
   10    5     7.2549338867678848E-01    -6.8822913552556775E-01
   11    4    -8.8602679534269102E-01    -4.6363403448707363E-01
   12    3    -3.0709437518557364E-01    -9.5167906603506947E-01
   13    2    -8.0102125975115768E-01     5.9863590054946447E-01
   14    1    -8.6321756173818098E-02    -9.9626731072090680E-01
   15    0    -9.1467709722122881E-01     4.0418536319236864E-01
