#                  time                       real
 2.5018749999999999E-02    -2.1029250525928904E-02
 7.5056249999999991E-02    -6.2130421411691839E-02
 1.2509375000000000E-01    -1.0195592564767336E-01
 1.7513124999999999E-01    -1.4050277629205116E-01
 2.2516875000000000E-01    -1.7776375649113038E-01
 2.7520624999999999E-01    -2.1372851205287502E-01
 3.2524374999999994E-01    -2.4838551089813857E-01
 3.7528124999999996E-01    -2.8172472708436180E-01
 4.2531874999999997E-01    -3.1374079866762827E-01
 4.7535624999999998E-01    -3.4443632353302911E-01
 5.2539374999999999E-01    -3.7382490519334399E-01
 5.7543124999999995E-01    -4.0193354778310481E-01
 6.2546874999999991E-01    -4.2880402943349427E-01
 6.7550624999999997E-01    -4.5449295673649498E-01
 7.2554374999999993E-01    -4.7907031822756185E-01
 7.7558125000000000E-01    -5.0261650609798214E-01
 8.2561874999999996E-01    -5.2521795163143781E-01
 8.7565624999999991E-01    -5.4696170334939931E-01
 9.2569374999999998E-01    -5.6792944324816508E-01
 9.7573124999999994E-01    -5.8819155772029497E-01
 1.0257687500000001E+00    -6.0775640988900692E-01
 1.0758062500000001E+00    -6.2639629141241504E-01
 1.1258437500000000E+00    -6.4408378440103542E-01
 1.1758812500000000E+00    -6.6083032888276638E-01
 1.2259187499999999E+00    -6.7664664184341439E-01
 1.2759562500000001E+00    -6.9154266546471732E-01
 1.3259937500000001E+00    -7.0552752930241835E-01
 1.3760312500000000E+00    -7.1860952938332745E-01
 1.4260687500000000E+00    -7.3079612704707131E-01
 1.4761062500000000E+00    -7.4209397007839617E-01
 1.5261437500000001E+00    -7.5250893826370480E-01
 1.5761812500000001E+00    -7.6204621495868818E-01
 1.6262187500000000E+00    -7.7071038557624683E-01
 1.6762562500000000E+00    -7.7850556310744845E-01
 1.7262937500000000E+00    -7.8543553989081805E-01
 1.7763312500000001E+00    -7.9150396387379240E-01
 1.8263687500000001E+00    -7.9671453659830660E-01
 1.8764062500000001E+00    -8.0107122912968276E-01
 1.9264437500000000E+00    -8.0457851118110713E-01
 1.9764812500000000E+00    -8.0724158781146105E-01
 2.0265187500000001E+00    -8.0906663734183604E-01
 2.0765562499999999E+00    -8.1006104359178810E-01
 2.1265937500000001E+00    -8.1023361521987436E-01
 2.1766312500000002E+00    -8.0959478489739178E-01
 2.2266687500000000E+00    -8.0815678126827417E-01
 2.2767062500000002E+00    -8.0593376715876897E-01
 2.3267437499999999E+00    -8.0294193828982541E-01
 2.3767812500000001E+00    -7.9919957778752249E-01
 2.4268187499999998E+00    -7.9472706304514062E-01
 2.4768562500000000E+00    -7.8954682291244238E-01
 2.5268937500000002E+00    -7.8368324471238815E-01
 2.5769312499999999E+00    -7.7716253214658193E-01
 2.6269687500000001E+00    -7.7001251667774906E-01
 2.6770062499999998E+00    -7.6226242640665909E-01
 2.7270437500000000E+00    -7.5394261772995441E-01
 2.7770812500000002E+00    -7.4508427612694539E-01
 2.8271187499999999E+00    -7.3571909323958373E-01
 2.8771562500000001E+00    -7.2587892795834019E-01
 2.9271937499999998E+00    -7.1559545950045789E-01
 2.9772312500000000E+00    -7.0489984047090137E-01
 3.0272687500000002E+00    -6.9382235765031708E-01
 3.0773062499999999E+00    -6.8239210778649240E-01
 3.1273437500000001E+00    -6.7063669501194390E-01
 3.1773812499999998E+00    -6.5858195571232681E-01
 3.2274187500000000E+00    -6.4625171576858098E-01
 3.2774562500000002E+00    -6.3366758413289770E-01
 3.3274937499999999E+00    -6.2084878571207913E-01
 3.3775312500000001E+00    -6.0781203555444485E-01
 3.4275687499999998E+00    -5.9457145539784384E-01
 3.4776062500000000E+00    -5.8113853275575966E-01
 3.5276437500000002E+00    -5.6752212191387053E-01
 3.5776812499999999E+00    -5.5372848548987386E-01
 3.6277187500000001E+00    -5.3976137458011952E-01
 3.6777562499999998E+00    -5.2562214498025794E-01
 3.7277937500000000E+00    -5.1130990652065977E-01
 3.7778312500000002E+00    -4.9682170219876665E-01
 3.8278687499999999E+00    -4.8215271351433087E-01
 3.8779062500000001E+00    -4.6729648821453540E-01
 3.9279437499999998E+00    -4.5224518653010543E-01
 3.9779812500000000E+00    -4.3698984192467138E-01
 4.0280187500000002E+00    -4.2152063238478804E-01
 4.0780562500000004E+00    -4.0582715834272859E-01
 4.1280937499999997E+00    -3.8989872344508014E-01
 4.1781312499999999E+00    -3.7372461455383793E-01
 4.2281687500000000E+00    -3.5729437758934462E-01
 4.2782062500000002E+00    -3.4059808609094266E-01
 4.3282437500000004E+00    -3.2362659967653862E-01
 4.3782812499999997E+00    -3.0637180991880680E-01
 4.4283187499999999E+00    -2.8882687151533992E-01
 4.4783562500000000E+00    -2.7098641700210624E-01
 4.5283937500000002E+00    -2.5284675363264386E-01
 4.5784312500000004E+00    -2.3440604140672316E-01
 4.6284687499999997E+00    -2.1566445156773123E-01
 4.6785062499999999E+00    -1.9662430518423657E-01
 4.7285437500000000E+00    -1.7729019167432961E-01
 4.7785812500000002E+00    -1.5766906730928798E-01
 4.8286187499999995E+00    -1.3777033383583956E-01
 4.8786562499999997E+00    -1.1760589737643645E-01
 4.9286937499999999E+00    -9.7190207701415746E-02
 4.9787312500000001E+00    -7.6540277816476432E-02
 5.0287687500000002E+00    -5.5675683580293713E-02
 5.0788062499999995E+00    -3.4618542771937662E-02
 5.1288437499999997E+00    -1.3393472684007441E-02
 5.1788812499999999E+00     7.9724750515200778E-03
 5.2289187500000001E+00     2.9449904062860931E-02
 5.2789562500000002E+00     5.1007189249262314E-02
 5.3289937499999995E+00     7.2610621442200651E-02
 5.3790312499999997E+00     9.4224583095562919E-02
 5.4290687499999999E+00     1.1581175737001542E-01
 5.4791062500000001E+00     1.3733337277326044E-01
 5.5291437500000002E+00     1.5874948509201114E-01
 5.5791812499999995E+00     1.8001929767849617E-01
 5.6292187499999997E+00     2.0110152022013850E-01
 5.6792562499999999E+00     2.2195476492468424E-01
 5.7292937500000001E+00     2.4253797760970813E-01
 5.7793312500000003E+00     2.6281089952756187E-01
 5.8293687499999995E+00     2.8273455393583452E-01
 5.8794062499999997E+00     3.0227174950915114E-01
 5.9294437499999999E+00     3.2138759076713086E-01
 5.9794812500000001E+00     3.4004998386641949E-01
 6.0295187500000003E+00     3.5823012448162778E-01
 6.0795562499999996E+00     3.7590295319381595E-01
 6.1295937499999997E+00     3.9304756292574905E-01
 6.1796312499999999E+00     4.0964754260796388E-01
 6.2296687500000001E+00     4.2569124150851267E-01
 6.2797062500000003E+00     4.4117193956530087E-01
 6.3297437499999996E+00     4.5608791064566784E-01
 6.3797812499999997E+00     4.7044236791209776E-01
 6.4298187499999999E+00     4.8424328334842548E-01
 6.4798562500000001E+00     4.9750307691878121E-01
 6.5298937500000003E+00     5.1023817468332389E-01
 6.5799312499999996E+00     5.2246843935002529E-01
 6.6299687499999997E+00     5.3421648105551955E-01
 6.6800062499999999E+00     5.4550686048741204E-01
 6.7300437500000001E+00     5.5636520063345773E-01
 6.7800812500000003E+00     5.6681722732348228E-01
 6.8301187499999996E+00     5.7688776218128268E-01
 6.8801562499999998E+00     5.8659969450297700E-01
 6.9301937499999999E+00     5.9597296081429796E-01
 6.9802312500000001E+00     6.0502356233537835E-01
 7.0302687500000003E+00     6.1376265121230722E-01
 7.0803062499999996E+00     6.2219571608729951E-01
 7.1303437499999998E+00     6.3032189631467705E-01
 7.1803812499999999E+00     6.3813345184307957E-01
 7.2304187500000001E+00     6.4561541245208798E-01
 7.2804562500000003E+00     6.5274542606484809E-01
 7.3304937499999996E+00     6.5949879605402095E-01
 7.3805312499999998E+00     6.6586116171994125E-01
 7.4305687499999999E+00     6.7181541642564890E-01
 7.4806062500000001E+00     6.7733863630154989E-01
 7.5306437500000003E+00     6.8240299242000069E-01
 7.5806812499999996E+00     6.8697683199421511E-01
 7.6307187499999998E+00     6.9102589762985311E-01
 7.6807562500000000E+00     6.9451464762727322E-01
 7.7307937500000001E+00     6.9740763546066253E-01
 7.7808312500000003E+00     6.9967090316559444E-01
 7.8308687499999996E+00     7.0127334172377520E-01
 7.8809062499999998E+00     7.0218797184677961E-01
 7.9309437500000000E+00     7.0239310093112395E-01
 7.9809812500000001E+00     7.0187331636723005E-01
 8.0310187499999994E+00     7.0062028168124724E-01
 8.0810562499999996E+00     6.9863330988378980E-01
 8.1310937499999998E+00     6.9591969748743510E-01
 8.1811312499999982E+00     6.9249481243403066E-01
 8.2311687499999984E+00     6.8838193909250189E-01
 8.2812062499999985E+00     6.8361189298612279E-01
 8.3312437499999987E+00     6.7822242646352815E-01
 8.3812812499999989E+00     6.7225745370015755E-01
 8.4313187499999991E+00     6.6576612888011000E-01
 8.4813562499999993E+00     6.5880181497269419E-01
 8.5313937499999994E+00     6.5142098213264787E-01
 8.5814312499999996E+00     6.4368207450162174E-01
 8.6314687499999998E+00     6.3564438226651387E-01
 8.6815062499999982E+00     6.2736695251800156E-01
 8.7315437499999984E+00     6.1890756808343816E-01
 8.7815812499999986E+00     6.1032181843380728E-01
 8.8316187499999987E+00     6.0166228133055821E-01
 8.8816562499999989E+00     5.9297782839405300E-01
 8.9316937499999991E+00     5.8431306250544202E-01
 8.9817312499999993E+00     5.7570789010205869E-01
 9.0317687499999995E+00     5.6719722713731846E-01
 9.0818062499999996E+00     5.5881083383619679E-01
 9.1318437499999998E+00     5.5057327042258719E-01
 9.1818812499999982E+00     5.4250396371865106E-01
 9.2319187499999984E+00     5.3461737288119227E-01
 9.2819562499999986E+00     5.2692324148529124E-01
 9.3319937499999988E+00     5.1942692261940981E-01
 9.3820312499999989E+00     5.1212976353909767E-01
 9.4320687499999991E+00     5.0502953666145500E-01
 9.4821062499999993E+00     4.9812090419611799E-01
 9.5321437499999995E+00     4.9139590443463188E-01
 9.5821812499999997E+00     4.8484444860178777E-01
 9.6322187499999981E+00     4.7845481816164592E-01
 9.6822562499999982E+00     4.7221415352822799E-01
 9.7322937499999984E+00     4.6610892622453404E-01
 9.7823312499999986E+00     4.6012538763907135E-01
 9.8323687499999988E+00     4.5424998862665616E-01
 9.8824062499999989E+00     4.4846976527470528E-01
 9.9324437499999991E+00     4.4277268719544899E-01
 9.9824812499999993E+00     4.3714796569830444E-01
 1.0032518749999999E+01     4.3158632013670928E-01
 1.0082556250000000E+01     4.2608020160263660E-01
 1.0132593749999998E+01     4.2062397395308770E-01
 1.0182631249999998E+01     4.1521405289064711E-01
 1.0232668749999998E+01     4.0984900447884115E-01
 1.0282706249999999E+01     4.0452960504962637E-01
 1.0332743749999999E+01     3.9925886495051538E-01
 1.0382781249999999E+01     3.9404201898181457E-01
 1.0432818749999999E+01     3.8888648668941317E-01
 1.0482856249999999E+01     3.8380180590683599E-01
 1.0532893749999999E+01     3.7879954308457742E-01
 1.0582931250000000E+01     3.7389318400959443E-01
 1.0632968749999998E+01     3.6909800850863062E-01
 1.0683006249999998E+01     3.6443095265331044E-01
 1.0733043749999998E+01     3.5991046184989517E-01
 1.0783081249999999E+01     3.5555633801195730E-01
 1.0833118749999999E+01     3.5138958378816243E-01
 1.0883156249999999E+01     3.4743224655969673E-01
 1.0933193749999999E+01     3.4370713694387695E-01
 1.0983231249999999E+01     3.4022923789507253E-01
 1.1033268750000000E+01     3.3700029946742238E-01
 1.1083306250000000E+01     3.3402128131226899E-01
 1.1133343749999998E+01     3.3129348562825656E-01
 1.1183381249999998E+01     3.2881844217609185E-01
 1.1233418749999998E+01     3.2659780220957746E-01
 1.1283456249999999E+01     3.2463324164436558E-01
 1.1333493749999999E+01     3.2292637364092303E-01
 1.1383531249999999E+01     3.2147867064565055E-01
 1.1433568749999999E+01     3.2029139581387206E-01
 1.1483606249999999E+01     3.1936554363005643E-01
 1.1533643750000000E+01     3.1870178944418709E-01
 1.1583681250000000E+01     3.1830044755853404E-01
 1.1633718749999998E+01     3.1816143742591241E-01
 1.1683756249999998E+01     3.1828425745911665E-01
 1.1733793749999998E+01     3.1866796590093222E-01
 1.1783831249999999E+01     3.1931116816557131E-01
 1.1833868749999999E+01     3.2021201003459804E-01
 1.1883906249999999E+01     3.2136817607362017E-01
 1.1933943749999999E+01     3.2277689262951731E-01
 1.1983981249999999E+01     3.2443493477122171E-01
 1.2034018750000000E+01     3.2633863654915762E-01
 1.2084056250000000E+01     3.2848390396860921E-01
 1.2134093749999998E+01     3.3086623009910632E-01
 1.2184131249999998E+01     3.3348071177463312E-01
 1.2234168749999998E+01     3.3632206737597664E-01
 1.2284206249999999E+01     3.3938465522661909E-01
 1.2334243749999999E+01     3.4266249217489714E-01
 1.2384281249999999E+01     3.4614927197721035E-01
 1.2434318749999999E+01     3.4983838313873300E-01
 1.2484356249999999E+01     3.5372292590836418E-01
 1.2534393750000000E+01     3.5779572816320376E-01
 1.2584431250000000E+01     3.6204935995422804E-01
 1.2634468749999998E+01     3.6647614651885008E-01
 1.2684506249999998E+01     3.7106817959808780E-01
 1.2734543749999998E+01     3.7581732692571568E-01
 1.2784581249999999E+01     3.8071523978532790E-01
 1.2834618749999999E+01     3.8575335855810550E-01
 1.2884656249999999E+01     3.9092291621038211E-01
 1.2934693749999999E+01     3.9621493969593774E-01
 1.2984731249999999E+01     4.0162024927356610E-01
 1.3034768750000000E+01     4.0712945576625692E-01
 1.3084806249999998E+01     4.1273295581419922E-01
 1.3134843749999998E+01     4.1842092520012830E-01
 1.3184881249999998E+01     4.2418331035151297E-01
 1.3234918749999999E+01     4.3000981815058908E-01
 1.3284956249999999E+01     4.3588990420909346E-01
 1.3334993749999999E+01     4.4181275979012824E-01
 1.3385031249999999E+01     4.4776729758457756E-01
 1.3435068749999999E+01     4.5374213657354090E-01
 1.3485106249999999E+01     4.5972558623139542E-01
 1.3535143750000000E+01     4.6570563034608425E-01
 1.3585181249999998E+01     4.7166991075399173E-01
 1.3635218749999998E+01     4.7760571130648311E-01
 1.3685256249999998E+01     4.8349994240293837E-01
 1.3735293749999999E+01     4.8933912644217747E-01
 1.3785331249999999E+01     4.9510938455885639E-01
 1.3835368749999999E+01     5.0079642502452237E-01
 1.3885406249999999E+01     5.0638553370372730E-01
 1.3935443749999999E+01     5.1186156696358354E-01
 1.3985481249999999E+01     5.1720894743964207E-01
 1.4035518750000000E+01     5.2241166306143472E-01
 1.4085556249999998E+01     5.2745326973651618E-01
 1.4135593749999998E+01     5.3231689808156735E-01
 1.4185631249999998E+01     5.3698526457153828E-01
 1.4235668749999999E+01     5.4144068745308216E-01
 1.4285706249999999E+01     5.4566510773426102E-01
 1.4335743749999999E+01     5.4964011551886394E-01
 1.4385781249999999E+01     5.5334698189956666E-01
 1.4435818749999999E+01     5.5676669655902855E-01
 1.4485856249999999E+01     5.5988001115170272E-01
 1.4535893750000000E+01     5.6266748845187453E-01
 1.4585931249999998E+01     5.6511010633944692E-01
 1.4635968749999998E+01     5.6719728963896432E-01
 1.4686006249999998E+01     5.6892517373559104E-01
 1.4736043749999999E+01     5.7029014149078205E-01
 1.4786081249999999E+01     5.7128871821027438E-01
 1.4836118749999999E+01     5.7191765186477272E-01
 1.4886156249999999E+01     5.7217399544501213E-01
 1.4936193749999999E+01     5.7205519048528664E-01
 1.4986231249999999E+01     5.7155915070357066E-01
 1.5036268750000000E+01     5.7068434463414097E-01
 1.5086306249999998E+01     5.6942987607332984E-01
 1.5136343749999998E+01     5.6779556112381313E-01
 1.5186381249999998E+01     5.6578200060967565E-01
 1.5236418749999999E+01     5.6339064664676297E-01
 1.5286456249999999E+01     5.6062386219043137E-01
 1.5336493749999999E+01     5.5748497244782114E-01
 1.5386531249999999E+01     5.5397830713335638E-01
 1.5436568749999999E+01     5.5010923266352896E-01
 1.5486606249999999E+01     5.4588417352820418E-01
 1.5536643750000000E+01     5.4131062223801429E-01
 1.5586681249999998E+01     5.3639713742693895E-01
 1.5636718749999998E+01     5.3115332988236974E-01
 1.5686756249999998E+01     5.2558983647575253E-01
 1.5736793749999999E+01     5.1971828217164451E-01
 1.5786831249999999E+01     5.1355123049516815E-01
 1.5836868749999999E+01     5.0710212303267033E-01
 1.5886906249999999E+01     5.0038520872307413E-01
 1.5936943749999999E+01     4.9341546386297885E-01
 1.5986981249999999E+01     4.8620850389351988E-01
 1.6037018750000001E+01     4.7878048815813612E-01
 1.6087056250000000E+01     4.7114801891532621E-01
 1.6137093750000002E+01     4.6332803595802857E-01
 1.6187131250000000E+01     4.5533770823102809E-01
 1.6237168750000002E+01     4.4719432384983071E-01
 1.6287206250000001E+01     4.3891517991079476E-01
 1.6337243749999999E+01     4.3051747344385016E-01
 1.6387281250000001E+01     4.2201819479937092E-01
 1.6437318749999999E+01     4.1343402468182289E-01
 1.6487356250000001E+01     4.0478123594843485E-01
 1.6537393750000000E+01     3.9607560118419272E-01
 1.6587431250000002E+01     3.8733230694859699E-01
 1.6637468750000000E+01     3.7856587546766585E-01
 1.6687506250000002E+01     3.6979009441977501E-01
 1.6737543750000000E+01     3.6101795533860043E-01
 1.6787581249999999E+01     3.5226160103285142E-01
 1.6837618750000001E+01     3.4353228230269339E-01
 1.6887656249999999E+01     3.3484032411793446E-01
 1.6937693750000001E+01     3.2619510131453294E-01
 1.6987731250000000E+01     3.1760502376428351E-01
 1.7037768750000001E+01     3.0907753087825107E-01
 1.7087806250000000E+01     3.0061909521755792E-01
 1.7137843750000002E+01     2.9223523490570935E-01
 1.7187881250000000E+01     2.8393053446440619E-01
 1.7237918750000002E+01     2.7570867362956097E-01
 1.7287956250000001E+01     2.6757246364562892E-01
 1.7337993749999999E+01     2.5952389048424873E-01
 1.7388031250000001E+01     2.5156416438723356E-01
 1.7438068749999999E+01     2.4369377509401360E-01
 1.7488106250000001E+01     2.3591255207980216E-01
 1.7538143750000000E+01     2.2821972910293084E-01
 1.7588181250000002E+01     2.2061401233828354E-01
 1.7638218750000000E+01     2.1309365135869426E-01
 1.7688256250000002E+01     2.0565651221789311E-01
 1.7738293750000000E+01     1.9830015188750660E-01
 1.7788331249999999E+01     1.9102189330683281E-01
 1.7838368750000001E+01     1.8381890031821613E-01
 1.7888406249999999E+01     1.7668825178264796E-01
 1.7938443750000001E+01     1.6962701420016568E-01
 1.7988481250000000E+01     1.6263231219730315E-01
 1.8038518750000001E+01     1.5570139628920737E-01
 1.8088556250000000E+01     1.4883170737655987E-01
 1.8138593750000002E+01     1.4202093749639680E-01
 1.8188631250000000E+01     1.3526708641066579E-01
 1.8238668750000002E+01     1.2856789343648176E-01
 1.8288706250000001E+01     1.2191775337514026E-01
 1.8338743749999999E+01     1.1531010536712939E-01
 1.8388781250000001E+01     1.0873886674227058E-01
 1.8438818749999999E+01     1.0219846175311281E-01
 1.8488856250000001E+01     9.5683841541776365E-02
 1.8538893750000000E+01     8.9190498021767720E-02
 1.8588931250000002E+01     8.2714471993035846E-02
 1.8638968750000000E+01     7.6252355873971903E-02
 1.8689006250000002E+01     6.9801291485518904E-02
 1.8739043750000000E+01     6.3358963360180320E-02
 1.8789081249999999E+01     5.6923588072789542E-02
 1.8839118750000001E+01     5.0493900101221081E-02
 1.8889156249999999E+01     4.4069134724639768E-02
 1.8939193750000001E+01     3.7649008455642487E-02
 1.8989231250000000E+01     3.1233697481991403E-02
 1.9039268750000002E+01     2.4823814564968426E-02
 1.9089306250000000E+01     1.8420384806166777E-02
 1.9139343750000002E+01     1.2024820654151004E-02
 1.9189381250000000E+01     5.6388964783329895E-03
 1.9239418749999999E+01    -7.3527700914494370E-04
 1.9289456250000001E+01    -7.0952782504374902E-03
 1.9339493749999999E+01    -1.3438400072680599E-02
 1.9389531250000001E+01    -1.9761674513989923E-02
 1.9439568749999999E+01    -2.6061897151540656E-02
 1.9489606250000001E+01    -3.2335650881132605E-02
 1.9539643750000000E+01    -3.8579329137053767E-02
 1.9589681250000002E+01    -4.4789158576845962E-02
 1.9639718750000000E+01    -5.0961221287176069E-02
 1.9689756250000002E+01    -5.7091476594202217E-02
 1.9739793750000000E+01    -6.3175782584195248E-02
 1.9789831249999999E+01    -6.9209917457614650E-02
 1.9839868750000001E+01    -7.5189600852088673E-02
 1.9889906249999999E+01    -8.1110515276739570E-02
 1.9939943750000001E+01    -8.6968327801936487E-02
 1.9989981250000000E+01    -9.2758712144750108E-02
 2.0040018750000002E+01    -9.8477371281255222E-02
 2.0090056250000000E+01    -1.0412006070225079E-01
 2.0140093750000002E+01    -1.0968261240924568E-01
 2.0190131250000000E+01    -1.1516095972271466E-01
 2.0240168749999999E+01    -1.2055116294500601E-01
 2.0290206250000001E+01    -1.2584943588622810E-01
 2.0340243749999999E+01    -1.3105217322334908E-01
 2.0390281250000001E+01    -1.3615597862129777E-01
 2.0440318749999999E+01    -1.4115769350059179E-01
 2.0490356250000001E+01    -1.4605442628997145E-01
 2.0540393750000000E+01    -1.5084358195537428E-01
 2.0590431250000002E+01    -1.5552289154972698E-01
 2.0640468750000000E+01    -1.6009044148231100E-01
 2.0690506250000002E+01    -1.6454470216348838E-01
 2.0740543750000001E+01    -1.6888455564138957E-01
 2.0790581249999999E+01    -1.7310932181336700E-01
 2.0840618750000001E+01    -1.7721878276789230E-01
 2.0890656249999999E+01    -1.8121320479336481E-01
 2.0940693750000001E+01    -1.8509335758040318E-01
 2.0990731250000000E+01    -1.8886053014445514E-01
 2.1040768750000002E+01    -1.9251654300708221E-01
 2.1090806250000000E+01    -1.9606375619739652E-01
 2.1140843750000002E+01    -1.9950507267043993E-01
 2.1190881250000000E+01    -2.0284393678657744E-01
 2.1240918749999999E+01    -2.0608432755491790E-01
 2.1290956250000001E+01    -2.0923074641371256E-01
 2.1340993749999999E+01    -2.1228819940031612E-01
 2.1391031250000001E+01    -2.1526217365138989E-01
 2.1441068749999999E+01    -2.1815860826851011E-01
 2.1491106250000001E+01    -2.2098385968343620E-01
 2.1541143750000000E+01    -2.2374466175832924E-01
 2.1591181250000002E+01    -2.2644808095702768E-01
 2.1641218750000000E+01    -2.2910146702125803E-01
 2.1691256250000002E+01    -2.3171239967787946E-01
 2.1741293750000001E+01    -2.3428863198738187E-01
 2.1791331249999999E+01    -2.3683803101737044E-01
 2.1841368750000001E+01    -2.3936851504009707E-01
 2.1891406249999999E+01    -2.4188710448739992E-01
 2.1941443750000001E+01    -2.4439837239993034E-01
 2.1991481250000000E+01    -2.4690636262685101E-01
 2.2041518750000002E+01    -2.4941491999166743E-01
 2.2091556250000000E+01    -2.5192763156388293E-01
 2.2141593750000002E+01    -2.5444777246153860E-01
 2.2191631250000000E+01    -2.5697825666332669E-01
 2.2241668749999999E+01    -2.5952159320353269E-01
 2.2291706250000001E+01    -2.6207984801451267E-01
 2.2341743749999999E+01    -2.6465461157269371E-01
 2.2391781250000001E+01    -2.6724697239754314E-01
 2.2441818749999999E+01    -2.6985749635082074E-01
 2.2491856250000001E+01    -2.7248621158789521E-01
 2.2541893750000000E+01    -2.7513259892521064E-01
 2.2591931250000002E+01    -2.7779558730991238E-01
 2.2641968750000000E+01    -2.8047355400974622E-01
 2.2692006249999999E+01    -2.8316432908457123E-01
 2.2742043750000001E+01    -2.8586520365535384E-01
 2.2792081249999999E+01    -2.8857294145237566E-01
 2.2842118750000001E+01    -2.9128379310159985E-01
 2.2892156249999999E+01    -2.9399351259600937E-01
 2.2942193750000001E+01    -2.9669737539698504E-01
 2.2992231250000000E+01    -2.9939019761841235E-01
 2.3042268750000002E+01    -3.0206635576283408E-01
 2.3092306250000000E+01    -3.0471980650331909E-01
 2.3142343750000002E+01    -3.0734410603640566E-01
 2.3192381250000000E+01    -3.0993242856928127E-01
 2.3242418749999999E+01    -3.1247758354793870E-01
 2.3292456250000001E+01    -3.1497203128129070E-01
 2.3342493749999999E+01    -3.1740789666879154E-01
 2.3392531250000001E+01    -3.1977698079533717E-01
 2.3442568750000000E+01    -3.2207077021656394E-01
 2.3492606250000001E+01    -3.2428044381991472E-01
 2.3542643750000000E+01    -3.2639687721132593E-01
 2.3592681250000002E+01    -3.2841064464418246E-01
 2.3642718750000000E+01    -3.3031201857559800E-01
 2.3692756249999999E+01    -3.3209096700516771E-01
 2.3742793750000001E+01    -3.3373714882249150E-01
 2.3792831249999999E+01    -3.3523990746168952E-01
 2.3842868750000001E+01    -3.3658826323350183E-01
 2.3892906249999999E+01    -3.3777090477731342E-01
 2.3942943750000001E+01    -3.3877618014633482E-01
 2.3992981250000000E+01    -3.3959208810761432E-01
 2.4043018750000002E+01    -3.4020627030365314E-01
 2.4093056250000000E+01    -3.4060600498227273E-01
 2.4143093750000002E+01    -3.4077820305419770E-01
 2.4193131250000000E+01    -3.4070940728111493E-01
 2.4243168749999999E+01    -3.4038579542796554E-01
 2.4293206250000001E+01    -3.3979318822890642E-01
 2.4343243749999999E+01    -3.3891706301285818E-01
 2.4393281250000001E+01    -3.3774257380861633E-01
 2.4443318750000000E+01    -3.3625457869663217E-01
 2.4493356250000001E+01    -3.3443767509174033E-01
 2.4543393750000000E+01    -3.3227624352436719E-01
 2.4593431250000002E+01    -3.2975450033514142E-01
 2.4643468750000000E+01    -3.2685655950798609E-01
 2.4693506249999999E+01    -3.2356650364008810E-01
 2.4743543750000001E+01    -3.1986846378686762E-01
 2.4793581249999999E+01    -3.1574670763124957E-01
 2.4843618750000001E+01    -3.1118573511811426E-01
 2.4893656249999999E+01    -3.0617038037827260E-01
 2.4943693750000001E+01    -3.0068591845648568E-01
 2.4993731250000000E+01    -2.9471817507198506E-01
 2.5043768750000002E+01    -2.8825363739670284E-01
 2.5093806250000000E+01    -2.8127956365500634E-01
 2.5143843750000002E+01    -2.7378408924715958E-01
 2.5193881250000000E+01    -2.6575632709194480E-01
 2.5243918749999999E+01    -2.5718645998197032E-01
 2.5293956250000001E+01    -2.4806582295164142E-01
 2.5343993749999999E+01    -2.3838697396852937E-01
 2.5394031250000001E+01    -2.2814375166150286E-01
 2.5444068750000000E+01    -2.1733131927298616E-01
 2.5494106250000002E+01    -2.0594638243003377E-01
 2.5544143750000000E+01    -1.9399394389802793E-01
 2.5594181250000002E+01    -1.8148916344255897E-01
 2.5644218750000000E+01    -1.6844912440158133E-01
 2.5694256249999999E+01    -1.5489224241342817E-01
 2.5744293750000001E+01    -1.4083823462433784E-01
 2.5794331249999999E+01    -1.2630808571700661E-01
 2.5844368750000001E+01    -1.1132401302205729E-01
 2.5894406249999999E+01    -9.5909432667604599E-02
 2.5944443750000001E+01    -8.0088928291202982E-02
 2.5994481250000000E+01    -6.3888223307331210E-02
 2.6044518750000002E+01    -4.7334157119298122E-02
 2.6094556250000000E+01    -3.0454665015515647E-02
 2.6144593749999999E+01    -1.3278760823987623E-02
 2.6194631250000000E+01     4.1634792582792273E-03
 2.6244668749999999E+01     2.1840933868818205E-02
 2.6294706250000001E+01     3.9721457494025107E-02
 2.6344743749999999E+01     5.7771908566340735E-02
 2.6394781250000001E+01     7.5958188313604472E-02
 2.6444818750000000E+01     9.4245294306884386E-02
 2.6494856250000002E+01     1.1259739278461445E-01
 2.6544893750000000E+01     1.3097791378875814E-01
 2.6594931250000002E+01     1.4934967290385651E-01
 2.6644968750000000E+01     1.6767502291376227E-01
 2.6695006249999999E+01     1.8591603796028405E-01
 2.6745043750000001E+01     2.0403473178914414E-01
 2.6795081249999999E+01     2.2199331040327935E-01
 2.6845118750000001E+01     2.3975445793420158E-01
 2.6895156249999999E+01     2.5728165283601845E-01
 2.6945193750000001E+01     2.7453950967888013E-01
 2.6995231250000000E+01     2.9149413996884360E-01
 2.7045268750000002E+01     3.0811352367135064E-01
 2.7095306250000000E+01     3.2436788159828545E-01
 2.7145343749999999E+01     3.4023003766727650E-01
 2.7195381250000001E+01     3.5567575937415447E-01
 2.7245418749999999E+01     3.7068406472441912E-01
 2.7295456250000001E+01     3.8523748439419658E-01
 2.7345493749999999E+01     3.9932226903239182E-01
 2.7395531250000001E+01     4.1292853331790347E-01
 2.7445568750000000E+01     4.2605033054336894E-01
 2.7495606250000002E+01     4.3868565396612164E-01
 2.7545643750000000E+01     4.5083636377821756E-01
 2.7595681250000002E+01     4.6250804112488658E-01
 2.7645718750000000E+01     4.7370977297840722E-01
 2.7695756249999999E+01     4.8445387371321713E-01
 2.7745793750000001E+01     4.9475555082683575E-01
 2.7795831249999999E+01     5.0463252335325415E-01
 2.7845868750000001E+01     5.1410460211092945E-01
 2.7895906249999999E+01     5.2319324104786513E-01
 2.7945943750000001E+01     5.3192106865883992E-01
 2.7995981250000000E+01     5.4031140784520593E-01
 2.8046018750000002E+01     5.4838779177162100E-01
 2.8096056250000000E+01     5.5617348235323527E-01
 2.8146093749999999E+01     5.6369099708275283E-01
 2.8196131250000001E+01     5.7096164906464431E-01
 2.8246168749999999E+01     5.7800510443031716E-01
 2.8296206250000001E+01     5.8483896080567188E-01
 2.8346243749999999E+01     5.9147835020960859E-01
 2.8396281250000001E+01     5.9793556967369244E-01
 2.8446318750000000E+01     6.0421974296180625E-01
 2.8496356250000002E+01     6.1033651698964164E-01
 2.8546393750000000E+01     6.1628779683735058E-01
 2.8596431250000002E+01     6.2207152354652584E-01
 2.8646468750000000E+01     6.2768149912255433E-01
 2.8696506249999999E+01     6.3310726325506173E-01
 2.8746543750000001E+01     6.3833402615997392E-01
 2.8796581249999999E+01     6.4334266158711051E-01
 2.8846618750000001E+01     6.4810976339471504E-01
 2.8896656249999999E+01     6.5260776815566823E-01
 2.8946693750000001E+01     6.5680514504090703E-01
 2.8996731250000000E+01     6.6066665275788705E-01
 2.9046768750000002E+01     6.6415366166157486E-01
 2.9096806250000000E+01     6.6722453737558884E-01
 2.9146843749999999E+01     6.6983655220742810E-01
 2.9196881250000001E+01     6.7196110368011142E-01
 2.9246918749999999E+01     6.7357808191982804E-01
 2.9296956250000001E+01     6.7466654803173987E-01
 2.9346993749999999E+01     6.7520517043403583E-01
 2.9397031250000001E+01     6.7517281683620001E-01
 2.9447068750000000E+01     6.7454913992247445E-01
 2.9497106250000002E+01     6.7331514450725360E-01
 2.9547143750000000E+01     6.7145372441720219E-01
 2.9597181249999998E+01     6.6895015819808668E-01
 2.9647218750000000E+01     6.6579255389940861E-01
 2.9697256249999999E+01     6.6197223460367549E-01
 2.9747293750000001E+01     6.5748405798016041E-01
 2.9797331249999999E+01     6.5232666489176649E-01
 2.9847368750000001E+01     6.4650265390582196E-01
 2.9897406250000000E+01     6.4001868039348631E-01
 2.9947443750000001E+01     6.3288548069158546E-01
 2.9997481250000000E+01     6.2511782349319445E-01
 3.0047518750000002E+01     6.1673439218439019E-01
 3.0097556250000000E+01     6.0775760321657279E-01
 3.0147593749999999E+01     5.9821336676765569E-01
 3.0197631250000001E+01     5.8813079688015635E-01
 3.0247668749999999E+01     5.7754187895819853E-01
 3.0297706250000001E+01     5.6648110295573417E-01
 3.0347743749999999E+01     5.5498507079990367E-01
 3.0397781250000001E+01     5.4309208658030694E-01
 3.0447818750000000E+01     5.3084173781578103E-01
 3.0497856250000002E+01     5.1827447571155794E-01
 3.0547893750000000E+01     5.0543120176935463E-01
 3.0597931249999998E+01     4.9235286744337242E-01
 3.0647968750000000E+01     4.7908009277796115E-01
 3.0698006249999999E+01     4.6565280914937435E-01
 3.0748043750000001E+01     4.5210993039422553E-01
 3.0798081249999999E+01     4.3848905576695552E-01
 3.0848118750000001E+01     4.2482620735058496E-01
 3.0898156250000000E+01     4.1115560376752319E-01
 3.0948193750000002E+01     3.9750947131394743E-01
 3.0998231250000000E+01     3.8391789298203799E-01
 3.1048268750000002E+01     3.7040869524445968E-01
 3.1098306250000000E+01     3.5700737195700827E-01
 3.1148343749999999E+01     3.4373704428699514E-01
 3.1198381250000001E+01     3.3061845519363808E-01
 3.1248418749999999E+01     3.1766999666656670E-01
 3.1298456250000001E+01     3.0490776766387295E-01
 3.1348493749999999E+01     2.9234566047413929E-01
 3.1398531250000001E+01     2.7999547305111039E-01
 3.1448568750000000E+01     2.6786704472781686E-01
 3.1498606250000002E+01     2.5596841260329228E-01
 3.1548643750000000E+01     2.4430598580409812E-01
 3.1598681249999998E+01     2.3288473475097055E-01
 3.1648718750000000E+01     2.2170839250506602E-01
 3.1698756249999999E+01     2.1077966522730973E-01
 3.1748793750000001E+01     2.0010044875810118E-01
 3.1798831249999999E+01     1.8967204831435627E-01
 3.1848868750000001E+01     1.7949539830875860E-01
 3.1898906250000000E+01     1.6957127932559227E-01
 3.1948943750000002E+01     1.5990052934225710E-01
 3.1998981250000000E+01     1.5048424637016661E-01
 3.2049018750000002E+01     1.4132397980717620E-01
 3.2099056249999997E+01     1.3242190795042896E-01
 3.2149093749999999E+01     1.2378099931659026E-01
 3.2199131250000001E+01     1.1540515565845708E-01
 3.2249168750000003E+01     1.0729933485370674E-01
 3.2299206249999997E+01     9.9469652172305356E-02
 3.2349243749999999E+01     9.1923458801288563E-02
 3.2399281250000001E+01     8.4669396914232642E-02
 3.2449318750000003E+01     7.7717431010927485E-02
 3.2499356249999998E+01     7.1078855711436587E-02
 3.2549393750000000E+01     6.4766280656899100E-02
 3.2599431250000002E+01     5.8793593634614102E-02
 3.2649468749999997E+01     5.3175903493430772E-02
 3.2699506249999999E+01     4.7929464833174541E-02
 3.2749543750000001E+01     4.3071586824561997E-02
 3.2799581250000003E+01     3.8617036440418799E-02
 3.2849618749999998E+01     3.4565403567913322E-02
 3.2899656250000000E+01     3.0912409071756262E-02
 3.2949693750000002E+01     2.7654373111108365E-02
 3.2999731250000004E+01     2.4788098900577760E-02
 3.3049768749999998E+01     2.2310759332490937E-02
 3.3099806250000000E+01     2.0219788904455641E-02
 3.3149843750000002E+01     1.8512782732790018E-02
 3.3199881249999997E+01     1.7187404115911104E-02
 3.3249918749999999E+01     1.6241301777058213E-02
 3.3299956250000001E+01     1.5672037574603507E-02
 3.3349993750000003E+01     1.5477025132064184E-02
 3.3400031249999998E+01     1.5653479519181418E-02
 3.3450068750000000E+01     1.6198377819158893E-02
 3.3500106250000002E+01     1.7108430152737775E-02
 3.3550143749999997E+01     1.8380060502918138E-02
 3.3600181249999999E+01     2.0009396498401454E-02
 3.3650218750000001E+01     2.1992267171140598E-02
 3.3700256250000002E+01     2.4324207603731475E-02
 3.3750293749999997E+01     2.7000469324208236E-02
 3.3800331249999999E+01     3.0016035286270913E-02
 3.3850368750000001E+01     3.3365638288041601E-02
 3.3900406250000003E+01     3.7043781727453581E-02
 3.3950443749999998E+01     4.1044761661990913E-02
 3.4000481250000000E+01     4.5362689229356795E-02
 3.4050518750000002E+01     4.9991512588216588E-02
 3.4100556249999997E+01     5.4925037649379185E-02
 3.4150593749999999E+01     6.0156946982696594E-02
 3.4200631250000001E+01     6.5680816399443745E-02
 3.4250668750000003E+01     7.1490128820312082E-02
 3.4300706249999998E+01     7.7578285142403836E-02
 3.4350743749999999E+01     8.3938611912552780E-02
 3.4400781250000001E+01     9.0564365697196100E-02
 3.4450818750000003E+01     9.7448734110108945E-02
 3.4500856249999998E+01     1.0458483351800558E-01
 3.4550893750000000E+01     1.1196570349070650E-01
 3.4600931250000002E+01     1.1958429809773448E-01
 3.4650968749999997E+01     1.2743347417810588E-01
 3.4701006249999999E+01     1.3550597672587686E-01
 3.4751043750000001E+01     1.4379442154256494E-01
 3.4801081250000003E+01     1.5229127531066011E-01
 3.4851118749999998E+01     1.6098883324208829E-01
 3.4901156250000000E+01     1.6987919445382055E-01
 3.4951193750000002E+01     1.7895423522186824E-01
 3.5001231250000004E+01     1.8820558026697559E-01
 3.5051268749999998E+01     1.9762457223213006E-01
 3.5101306250000000E+01     2.0720223952578265E-01
 3.5151343750000002E+01     2.1692926272684931E-01
 3.5201381249999997E+01     2.2679593977985885E-01
 3.5251418749999999E+01     2.3679215025200875E-01
 3.5301456250000001E+01     2.4690731897935325E-01
 3.5351493750000003E+01     2.5713037949727729E-01
 3.5401531249999998E+01     2.6744973773060227E-01
 3.5451568750000000E+01     2.7785323651071864E-01
 3.5501606250000002E+01     2.8832812158935495E-01
 3.5551643749999997E+01     2.9886100992953257E-01
 3.5601681249999999E+01     3.0943786117052374E-01
 3.5651718750000001E+01     3.2004395328210017E-01
 3.5701756250000003E+01     3.3066386353925670E-01
 3.5751793749999997E+01     3.4128145605661658E-01
 3.5801831249999999E+01     3.5187987721574499E-01
 3.5851868750000001E+01     3.6244156039123548E-01
 3.5901906250000003E+01     3.7294824142565985E-01
 3.5951943749999998E+01     3.8338098631032380E-01
 3.6001981250000000E+01     3.9372023249085281E-01
 3.6052018750000002E+01     4.0394584512498616E-01
 3.6102056249999997E+01     4.1403718946796614E-01
 3.6152093749999999E+01     4.2397322034156798E-01
 3.6202131250000001E+01     4.3373258935208436E-01
 3.6252168750000003E+01     4.4329377015805110E-01
 3.6302206249999998E+01     4.5263520165113119E-01
 3.6352243750000000E+01     4.6173544840771574E-01
 3.6402281250000001E+01     4.7057337720272097E-01
 3.6452318750000003E+01     4.7912834776411406E-01
 3.6502356249999998E+01     4.8738041530327986E-01
 3.6552393750000000E+01     4.9531054170506711E-01
 3.6602431250000002E+01     5.0290081162656741E-01
 3.6652468749999997E+01     5.1013464916467488E-01
 3.6702506249999999E+01     5.1699703023868571E-01
 3.6752543750000001E+01     5.2347468542648701E-01
 3.6802581250000003E+01     5.2955628772037677E-01
 3.6852618749999998E+01     5.3523261955680534E-01
 3.6902656250000000E+01     5.4049671354443884E-01
 3.6952693750000002E+01     5.4534396158021003E-01
 3.7002731249999997E+01     5.4977218750975987E-01
 3.7052768749999998E+01     5.5378167915226595E-01
 3.7102806250000000E+01     5.5737517635728084E-01
 3.7152843750000002E+01     5.6055781276937744E-01
 3.7202881249999997E+01     5.6333701011359349E-01
 3.7252918749999999E+01     5.6572232504192965E-01
 3.7302956250000001E+01     5.6772524985384509E-01
 3.7352993750000003E+01     5.6935896967581545E-01
 3.7403031249999998E+01     5.7063807990797577E-01
 3.7453068750000000E+01     5.7157826887613727E-01
 3.7503106250000002E+01     5.7219597162344982E-01
 3.7553143749999997E+01     5.7250800160515625E-01
 3.7603181249999999E+01     5.7253116768559986E-01
 3.7653218750000001E+01     5.7228188426265825E-01
 3.7703256250000003E+01     5.7177578255290951E-01
 3.7753293749999997E+01     5.7102733106182080E-01
 3.7803331249999999E+01     5.7004947304563036E-01
 3.7853368750000001E+01     5.6885328835966509E-01
 3.7903406250000003E+01     5.6744768650229660E-01
 3.7953443749999998E+01     5.6583913692668308E-01
 3.8003481250000000E+01     5.6403144183023046E-01
 3.8053518750000002E+01     5.6202555566928991E-01
 3.8103556249999997E+01     5.5981945461087279E-01
 3.8153593749999999E+01     5.5740805804791760E-01
 3.8203631250000001E+01     5.5478320319464236E-01
 3.8253668750000003E+01     5.5193367266517834E-01
 3.8303706249999998E+01     5.4884527384409831E-01
 3.8353743750000000E+01     5.4550096780114521E-01
 3.8403781250000002E+01     5.4188104450408980E-01
 3.8453818749999996E+01     5.3796334016286385E-01
 3.8503856249999998E+01     5.3372349171266642E-01
 3.8553893750000000E+01     5.2913522273257518E-01
 3.8603931250000002E+01     5.2417065451624223E-01
 3.8653968749999997E+01     5.1880063557856271E-01
 3.8704006249999999E+01     5.1299508261057081E-01
 3.8754043750000001E+01     5.0672332579441304E-01
 3.8804081250000003E+01     4.9995445146828621E-01
 3.8854118749999998E+01     4.9265763538828716E-01
 3.8904156250000000E+01     4.8480246026657514E-01
 3.8954193750000002E+01     4.7635921186173880E-01
 3.9004231249999997E+01     4.6729914864092370E-01
 3.9054268749999999E+01     4.5750774742512634E-01
 3.9104306250000000E+01     4.4631119943884207E-01
 3.9154343750000002E+01     4.3337746450018905E-01
 3.9204381249999997E+01     4.1853488605050354E-01
 3.9254418749999999E+01     4.0170051991655054E-01
 3.9304456250000001E+01     3.8288552149645438E-01
 3.9354493750000003E+01     3.6219097915273646E-01
 3.9404531249999998E+01     3.3979488576959155E-01
 3.9454568750000000E+01     3.1593195498161231E-01
 3.9504606250000002E+01     2.9086877610451978E-01
 3.9554643749999997E+01     2.6487728218272416E-01
 3.9604681249999999E+01     2.3820963421742855E-01
 3.9654718750000001E+01     2.1107739401293721E-01
 3.9704756250000003E+01     1.8363729755006264E-01
 3.9754793749999997E+01     1.5598511467200699E-01
 3.9804831249999999E+01     1.2815808356901198E-01
 3.9854868750000001E+01     1.0014535586146686E-01
 3.9904906250000003E+01     7.1904904286916843E-02
 3.9954943749999998E+01     4.3384547129221893E-02
 4.0004981250000000E+01     1.4544225450052998E-02
