#                  time                       real
 2.5018749999999999E-02    -2.1977321809888792E-03
 7.5056249999999991E-02    -6.7203777160864163E-03
 1.2509375000000000E-01    -1.1410169193558582E-02
 1.7513124999999999E-01    -1.6264191867263269E-02
 2.2516875000000000E-01    -2.1279530991058407E-02
 2.7520624999999999E-01    -2.6453271818801877E-02
 3.2524374999999994E-01    -3.1782499604351595E-02
 3.7528124999999996E-01    -3.7264299601565472E-02
 4.2531874999999997E-01    -4.2895757064301425E-02
 4.7535624999999998E-01    -4.8673957246417321E-02
 5.2539374999999999E-01    -5.4595985401771130E-02
 5.7543124999999995E-01    -6.0658926784220669E-02
 6.2546874999999991E-01    -6.6859866647623931E-02
 6.7550624999999997E-01    -7.3195890245838766E-02
 7.2554374999999993E-01    -7.9664082832723068E-02
 7.7558125000000000E-01    -8.6261529662134823E-02
 8.2561874999999996E-01    -9.2985315987931874E-02
 8.7565624999999991E-01    -9.9832527063972124E-02
 9.2569374999999998E-01    -1.0680024814411351E-01
 9.7573124999999994E-01    -1.1388556448221393E-01
 1.0257687500000001E+00    -1.2108556133213128E-01
 1.0758062500000001E+00    -1.2839732394772344E-01
 1.1258437500000000E+00    -1.3581793758284835E-01
 1.1758812500000000E+00    -1.4334448749136397E-01
 1.2259187499999999E+00    -1.5097405892712806E-01
 1.2759562500000001E+00    -1.5870373714399869E-01
 1.3259937500000001E+00    -1.6653060739583361E-01
 1.3760312500000000E+00    -1.7445175493649084E-01
 1.4260687500000000E+00    -1.8246426501982829E-01
 1.4761062500000000E+00    -1.9056522289970371E-01
 1.5261437500000001E+00    -1.9875171382997528E-01
 1.5761812500000001E+00    -2.0702082306450068E-01
 1.6262187500000000E+00    -2.1536963585713786E-01
 1.6762562500000000E+00    -2.2379523746174476E-01
 1.7262937500000000E+00    -2.3229471313217923E-01
 1.7763312500000001E+00    -2.4086514812229928E-01
 1.8263687500000001E+00    -2.4950362768596274E-01
 1.8764062500000001E+00    -2.5820723707702753E-01
 1.9264437500000000E+00    -2.6697306154935163E-01
 1.9764812500000000E+00    -2.7579818635679276E-01
 2.0265187500000001E+00    -2.8467969675320898E-01
 2.0765562499999999E+00    -2.9361467799245822E-01
 2.1265937500000001E+00    -3.0260021532839820E-01
 2.1766312500000002E+00    -3.1163339401488710E-01
 2.2266687500000000E+00    -3.2071129930578257E-01
 2.2767062500000002E+00    -3.2983101645494267E-01
 2.3267437499999999E+00    -3.3898963071622523E-01
 2.3767812500000001E+00    -3.4818422734348825E-01
 2.4268187499999998E+00    -3.5741189159058945E-01
 2.4768562500000000E+00    -3.6666970871138693E-01
 2.5268937500000002E+00    -3.7595476395973854E-01
 2.5769312499999999E+00    -3.8526414258950203E-01
 2.6269687500000001E+00    -3.9459492985453559E-01
 2.6770062499999998E+00    -4.0394421100869687E-01
 2.7270437500000000E+00    -4.1330907130584388E-01
 2.7770812500000002E+00    -4.2268659599983471E-01
 2.8271187499999999E+00    -4.3207387034452693E-01
 2.8771562500000001E+00    -4.4146797959377859E-01
 2.9271937499999998E+00    -4.5086600900144769E-01
 2.9772312500000000E+00    -4.6026504382139199E-01
 3.0272687500000002E+00    -4.6966216930746962E-01
 3.0773062499999999E+00    -4.7905447071353813E-01
 3.1273437500000001E+00    -4.8843903329345567E-01
 3.1773812499999998E+00    -4.9781294230108014E-01
 3.2274187500000000E+00    -5.0717328299026943E-01
 3.2774562500000002E+00    -5.1651714061488141E-01
 3.3274937499999999E+00    -5.2584160042877381E-01
 3.3775312500000001E+00    -5.3514374768580486E-01
 3.4275687499999998E+00    -5.4442066763983232E-01
 3.4776062500000000E+00    -5.5366944554471420E-01
 3.5276437500000002E+00    -5.6288716665430816E-01
 3.5776812499999999E+00    -5.7207091622247241E-01
 3.6277187500000001E+00    -5.8121777950306475E-01
 3.6777562499999998E+00    -5.9032484174994271E-01
 3.7277937500000000E+00    -5.9938918821696474E-01
 3.7778312500000002E+00    -6.0840790415798840E-01
 3.8278687499999999E+00    -6.1737807482687190E-01
 3.8779062500000001E+00    -6.2629678547747281E-01
 3.9279437499999998E+00    -6.3516112136364933E-01
 3.9779812500000000E+00    -6.4396816773925936E-01
 4.0280187500000002E+00    -6.5271500985816033E-01
 4.0780562500000004E+00    -6.6139873297421070E-01
 4.1280937499999997E+00    -6.7001642234126813E-01
 4.1781312499999999E+00    -6.7856516321319060E-01
 4.2281687500000000E+00    -6.8704204084383580E-01
 4.2782062500000002E+00    -6.9544414048706227E-01
 4.3282437500000004E+00    -7.0376854739672712E-01
 4.3782812499999997E+00    -7.1201234682668846E-01
 4.4283187499999999E+00    -7.2017262403080451E-01
 4.4783562500000000E+00    -7.2824646426293316E-01
 4.5283937500000002E+00    -7.3623095277693196E-01
 4.5784312500000004E+00    -7.4412317482665924E-01
 4.6284687499999997E+00    -7.5192021566597234E-01
 4.6785062499999999E+00    -7.5961916054872969E-01
 4.7285437500000000E+00    -7.6721709472878896E-01
 4.7785812500000002E+00    -7.7471110346000827E-01
 4.8286187499999995E+00    -7.8209827199624515E-01
 4.8786562499999997E+00    -7.8937568559135785E-01
 4.9286937499999999E+00    -7.9654042949920389E-01
 4.9787312500000001E+00    -8.0358958897364174E-01
 5.0287687500000002E+00    -8.1052024926852906E-01
 5.0788062499999995E+00    -8.1732949563772339E-01
 5.1288437499999997E+00    -8.2401441333508285E-01
 5.1788812499999999E+00    -8.3057208761446577E-01
 5.2289187500000001E+00    -8.3699960372972970E-01
 5.2789562500000002E+00    -8.4329404693473253E-01
 5.3289937499999995E+00    -8.4945250248333215E-01
 5.3790312499999997E+00    -8.5547205562938644E-01
 5.4290687499999999E+00    -8.6134979162675340E-01
 5.4791062500000001E+00    -8.6708279572929126E-01
 5.5291437500000002E+00    -8.7266815319085722E-01
 5.5791812499999995E+00    -8.7810294926530963E-01
 5.6292187499999997E+00    -8.8338426920650637E-01
 5.6792562499999999E+00    -8.8850919826830510E-01
 5.7292937500000001E+00    -8.9347482170456427E-01
 5.7793312500000003E+00    -8.9827822476914121E-01
 5.8293687499999995E+00    -9.0291649271589403E-01
 5.8794062499999997E+00    -9.0738671079868050E-01
 5.9294437499999999E+00    -9.1168596427135917E-01
 5.9794812500000001E+00    -9.1581133838778706E-01
 6.0295187500000003E+00    -9.1975991840182270E-01
 6.0795562499999996E+00    -9.2352878956732376E-01
 6.1295937499999997E+00    -9.2711503713814825E-01
 6.1796312499999999E+00    -9.3051574636815348E-01
 6.2296687500000001E+00    -9.3372800251119825E-01
 6.2797062500000003E+00    -9.3674889082114010E-01
 6.3297437499999996E+00    -9.3957549655183659E-01
 6.3797812499999997E+00    -9.4220490495714659E-01
 6.4298187499999999E+00    -9.4463420129092668E-01
 6.4798562500000001E+00    -9.4686047080703584E-01
 6.5298937500000003E+00    -9.4888079875933129E-01
 6.5799312499999996E+00    -9.5069227040167159E-01
 6.6299687499999997E+00    -9.5229197098791396E-01
 6.6800062499999999E+00    -9.5367698577191673E-01
 6.7300437500000001E+00    -9.5484440000753801E-01
 6.7800812500000003E+00    -9.5579129894863513E-01
 6.8301187499999996E+00    -9.5651476784906619E-01
 6.8801562499999998E+00    -9.5701189196268910E-01
 6.9301937499999999E+00    -9.5727975654336195E-01
 6.9802312500000001E+00    -9.5731544684494274E-01
 7.0302687500000003E+00    -9.5711604812128903E-01
 7.0803062499999996E+00    -9.5667864562625882E-01
 7.1303437499999998E+00    -9.5600032461371021E-01
 7.1803812499999999E+00    -9.5507817033750109E-01
 7.2304187500000001E+00    -9.5390926805148879E-01
 7.2804562500000003E+00    -9.5249070312050210E-01
 7.3304937499999996E+00    -9.5082091064135987E-01
 7.3805312499999998E+00    -9.4890303784353802E-01
 7.4305687499999999E+00    -9.4674125965263711E-01
 7.4806062500000001E+00    -9.4433975099425860E-01
 7.5306437500000003E+00    -9.4170268679400282E-01
 7.5806812499999996E+00    -9.3883424197747056E-01
 7.6307187499999998E+00    -9.3573859147026273E-01
 7.6807562500000000E+00    -9.3241991019798054E-01
 7.7307937500000001E+00    -9.2888237308622434E-01
 7.7808312500000003E+00    -9.2513015506059515E-01
 7.8308687499999996E+00    -9.2116743104669363E-01
 7.8809062499999998E+00    -9.1699837597012090E-01
 7.9309437500000000E+00    -9.1262716475647720E-01
 7.9809812500000001E+00    -9.0805797233136420E-01
 8.0310187499999994E+00    -9.0329497362038225E-01
 8.0810562499999996E+00    -8.9834234354913189E-01
 8.1310937499999998E+00    -8.9320425704321449E-01
 8.1811312499999982E+00    -8.8788488902823037E-01
 8.2311687499999984E+00    -8.8238841442978089E-01
 8.2812062499999985E+00    -8.7671900817346615E-01
 8.3312437499999987E+00    -8.7088084518488773E-01
 8.3812812499999989E+00    -8.6487810038964585E-01
 8.4313187499999991E+00    -8.5871494871334197E-01
 8.4813562499999993E+00    -8.5239556508157643E-01
 8.5313937499999994E+00    -8.4592412441994957E-01
 8.5814312499999996E+00    -8.3930480165406374E-01
 8.6314687499999998E+00    -8.3254177170951815E-01
 8.6815062499999982E+00    -8.2563920951191483E-01
 8.7315437499999984E+00    -8.1860128998685378E-01
 8.7815812499999986E+00    -8.1143218805993600E-01
 8.8316187499999987E+00    -8.0413607865676240E-01
 8.8816562499999989E+00    -7.9671713670293387E-01
 8.9316937499999991E+00    -7.8917953712405142E-01
 8.9817312499999993E+00    -7.8152745484571529E-01
 9.0317687499999995E+00    -7.7376506479352669E-01
 9.0818062499999996E+00    -7.6589654189308642E-01
 9.1318437499999998E+00    -7.5792606106999527E-01
 9.1818812499999982E+00    -7.4985779724985424E-01
 9.2319187499999984E+00    -7.4169592535826401E-01
 9.2819562499999986E+00    -7.3344462032082491E-01
 9.3319937499999988E+00    -7.2510805706313852E-01
 9.3820312499999989E+00    -7.1669041051080518E-01
 9.4320687499999991E+00    -7.0819585558942599E-01
 9.4821062499999993E+00    -6.9962856722460165E-01
 9.5321437499999995E+00    -6.9099272034193304E-01
 9.5821812499999997E+00    -6.8229248986702073E-01
 9.6322187499999981E+00    -6.7353205072546629E-01
 9.6822562499999982E+00    -6.6471557784286972E-01
 9.7322937499999984E+00    -6.5584724614483170E-01
 9.7823312499999986E+00    -6.4693123055695401E-01
 9.8323687499999988E+00    -6.3797170600483644E-01
 9.8824062499999989E+00    -6.2897284741408044E-01
 9.9324437499999991E+00    -6.1993882971028691E-01
 9.9824812499999993E+00    -6.1087382781905619E-01
 1.0032518749999999E+01    -6.0178201666598941E-01
 1.0082556250000000E+01    -5.9266757117668734E-01
 1.0132593749999998E+01    -5.8353466627675110E-01
 1.0182631249999998E+01    -5.7438747689178093E-01
 1.0232668749999998E+01    -5.6523017794737795E-01
 1.0282706249999999E+01    -5.5606694436914306E-01
 1.0332743749999999E+01    -5.4690195108267681E-01
 1.0382781249999999E+01    -5.3773937301358021E-01
 1.0432818749999999E+01    -5.2858338508745406E-01
 1.0482856249999999E+01    -5.1943816222989936E-01
 1.0532893749999999E+01    -5.1030787936651645E-01
 1.0582931250000000E+01    -5.0119671142290667E-01
 1.0632968749999998E+01    -4.9210883332467092E-01
 1.0683006249999998E+01    -4.8304841999740938E-01
 1.0733043749999998E+01    -4.7401964636672306E-01
 1.0783081249999999E+01    -4.6502668735821306E-01
 1.0833118749999999E+01    -4.5607371789748019E-01
 1.0883156249999999E+01    -4.4716491291012511E-01
 1.0933193749999999E+01    -4.3830444049627271E-01
 1.0983231249999999E+01    -4.2949601073278654E-01
 1.1033268750000000E+01    -4.2074259437610445E-01
 1.1083306250000000E+01    -4.1204709502236958E-01
 1.1133343749999998E+01    -4.0341241626772528E-01
 1.1183381249999998E+01    -3.9484146170831397E-01
 1.1233418749999998E+01    -3.8633713494027894E-01
 1.1283456249999999E+01    -3.7790233955976332E-01
 1.1333493749999999E+01    -3.6953997916291004E-01
 1.1383531249999999E+01    -3.6125295734586232E-01
 1.1433568749999999E+01    -3.5304417770476310E-01
 1.1483606249999999E+01    -3.4491654383575537E-01
 1.1533643750000000E+01    -3.3687295933498229E-01
 1.1583681250000000E+01    -3.2891632779858682E-01
 1.1633718749999998E+01    -3.2104955282271241E-01
 1.1683756249999998E+01    -3.1327553800350139E-01
 1.1733793749999998E+01    -3.0559718693709714E-01
 1.1783831249999999E+01    -2.9801740321964276E-01
 1.1833868749999999E+01    -2.9053909044728127E-01
 1.1883906249999999E+01    -2.8316515221615574E-01
 1.1933943749999999E+01    -2.7589849212240908E-01
 1.1983981249999999E+01    -2.6874201376218460E-01
 1.2034018750000000E+01    -2.6169862073162509E-01
 1.2084056250000000E+01    -2.5477121662687358E-01
 1.2134093749999998E+01    -2.4796270504407364E-01
 1.2184131249999998E+01    -2.4127598957936763E-01
 1.2234168749999998E+01    -2.3471397382889889E-01
 1.2284206249999999E+01    -2.2827956138881036E-01
 1.2334243749999999E+01    -2.2197565585524520E-01
 1.2384281249999999E+01    -2.1580516082434642E-01
 1.2434318749999999E+01    -2.0977097989225713E-01
 1.2484356249999999E+01    -2.0387601665512034E-01
 1.2534393750000000E+01    -1.9812317470907900E-01
 1.2584431250000000E+01    -1.9251535765027622E-01
 1.2634468749999998E+01    -1.8705546907485537E-01
 1.2684506249999998E+01    -1.8174641257895890E-01
 1.2734543749999998E+01    -1.7659109175873017E-01
 1.2784581249999999E+01    -1.7159241021031219E-01
 1.2834618749999999E+01    -1.6675327152984806E-01
 1.2884656249999999E+01    -1.6207657931348077E-01
 1.2934693749999999E+01    -1.5756523715735335E-01
 1.2984731249999999E+01    -1.5322214865760889E-01
 1.3034768750000000E+01    -1.4905021741039043E-01
 1.3084806249999998E+01    -1.4505234701184111E-01
 1.3134843749999998E+01    -1.4123144105810376E-01
 1.3184881249999998E+01    -1.3759040314532156E-01
 1.3234918749999999E+01    -1.3413213686963751E-01
 1.3284956249999999E+01    -1.3085954582719470E-01
 1.3334993749999999E+01    -1.2777553361413616E-01
 1.3385031249999999E+01    -1.2488300382660487E-01
 1.3435068749999999E+01    -1.2218486006074405E-01
 1.3485106249999999E+01    -1.1968400591269659E-01
 1.3535143750000000E+01    -1.1738334497860556E-01
 1.3585181249999998E+01    -1.1528578085461416E-01
 1.3635218749999998E+01    -1.1339421713686518E-01
 1.3685256249999998E+01    -1.1171155742150179E-01
 1.3735293749999999E+01    -1.1024070530466706E-01
 1.3785331249999999E+01    -1.0898456438250402E-01
 1.3835368749999999E+01    -1.0794603825115572E-01
 1.3885406249999999E+01    -1.0712803050676520E-01
 1.3935443749999999E+01    -1.0653344474547549E-01
 1.3985481249999999E+01    -1.0616518456342962E-01
 1.4035518750000000E+01    -1.0602615355677071E-01
 1.4085556249999998E+01    -1.0611925532164172E-01
 1.4135593749999998E+01    -1.0644739345418580E-01
 1.4185631249999998E+01    -1.0701347155054591E-01
 1.4235668749999999E+01    -1.0782039320686512E-01
 1.4285706249999999E+01    -1.0887106201928649E-01
 1.4335743749999999E+01    -1.1016838158395303E-01
 1.4385781249999999E+01    -1.1171525549700782E-01
 1.4435818749999999E+01    -1.1351458735459391E-01
 1.4485856249999999E+01    -1.1556928075285433E-01
 1.4535893750000000E+01    -1.1788223928793214E-01
 1.4585931249999998E+01    -1.2045591387638918E-01
 1.4635968749999998E+01    -1.2328573199879335E-01
 1.4686006249999998E+01    -1.2636158369204298E-01
 1.4736043749999999E+01    -1.2967320878665767E-01
 1.4786081249999999E+01    -1.3321034711315699E-01
 1.4836118749999999E+01    -1.3696273850206048E-01
 1.4886156249999999E+01    -1.4092012278388763E-01
 1.4936193749999999E+01    -1.4507223978915804E-01
 1.4986231249999999E+01    -1.4940882934839125E-01
 1.5036268750000000E+01    -1.5391963129210681E-01
 1.5086306249999998E+01    -1.5859438545082413E-01
 1.5136343749999998E+01    -1.6342283165506308E-01
 1.5186381249999998E+01    -1.6839470973534296E-01
 1.5236418749999999E+01    -1.7349975952218341E-01
 1.5286456249999999E+01    -1.7872772084610403E-01
 1.5336493749999999E+01    -1.8406833353762425E-01
 1.5386531249999999E+01    -1.8951133742726370E-01
 1.5436568749999999E+01    -1.9504647234554187E-01
 1.5486606249999999E+01    -2.0066347812297838E-01
 1.5536643750000000E+01    -2.0635209459009274E-01
 1.5586681249999998E+01    -2.1210206157740430E-01
 1.5636718749999998E+01    -2.1790311891543296E-01
 1.5686756249999998E+01    -2.2374500643469819E-01
 1.5736793749999999E+01    -2.2961746396571944E-01
 1.5786831249999999E+01    -2.3551023133901630E-01
 1.5836868749999999E+01    -2.4141304838510833E-01
 1.5886906249999999E+01    -2.4731565493451510E-01
 1.5936943749999999E+01    -2.5320779081775591E-01
 1.5986981249999999E+01    -2.5907919586535083E-01
 1.6037018750000001E+01    -2.6491960990781910E-01
 1.6087056250000000E+01    -2.7071877277567985E-01
 1.6137093750000002E+01    -2.7646642429945362E-01
 1.6187131250000000E+01    -2.8215230430965887E-01
 1.6237168750000002E+01    -2.8776615263681615E-01
 1.6287206250000001E+01    -2.9329770911144404E-01
 1.6337243749999999E+01    -2.9873671356406262E-01
 1.6387281250000001E+01    -3.0407290582519192E-01
 1.6437318749999999E+01    -3.0929602572535042E-01
 1.6487356250000001E+01    -3.1439581309505860E-01
 1.6537393750000000E+01    -3.1936200776483537E-01
 1.6587431250000002E+01    -3.2418434956520087E-01
 1.6637468750000000E+01    -3.2885257832667397E-01
 1.6687506250000002E+01    -3.3335643387977498E-01
 1.6737543750000000E+01    -3.3768565605502260E-01
 1.6787581249999999E+01    -3.4182998468293679E-01
 1.6837618750000001E+01    -3.4577915959403760E-01
 1.6887656249999999E+01    -3.4952292061884377E-01
 1.6937693750000001E+01    -3.5305100758787539E-01
 1.6987731250000000E+01    -3.5635316033165154E-01
 1.7037768750000001E+01    -3.5941911868069232E-01
 1.7087806250000000E+01    -3.6223862246551691E-01
 1.7137843750000002E+01    -3.6480141151664508E-01
 1.7187881250000000E+01    -3.6709722566459602E-01
 1.7237918750000002E+01    -3.6911580473988964E-01
 1.7287956250000001E+01    -3.7084688857304532E-01
 1.7337993749999999E+01    -3.7228021699458269E-01
 1.7388031250000001E+01    -3.7340552983502129E-01
 1.7438068749999999E+01    -3.7421256692488053E-01
 1.7488106250000001E+01    -3.7469106809468011E-01
 1.7538143750000000E+01    -3.7483077317493962E-01
 1.7588181250000002E+01    -3.7462142199617848E-01
 1.7638218750000000E+01    -3.7405275438891639E-01
 1.7688256250000002E+01    -3.7311451018367264E-01
 1.7738293750000000E+01    -3.7179642921096712E-01
 1.7788331249999999E+01    -3.7008825130131923E-01
 1.7838368750000001E+01    -3.6797971628524834E-01
 1.7888406249999999E+01    -3.6546056399327426E-01
 1.7938443750000001E+01    -3.6252053425591624E-01
 1.7988481250000000E+01    -3.5914936690369426E-01
 1.8038518750000001E+01    -3.5533680176712734E-01
 1.8088556250000000E+01    -3.5107257867673575E-01
 1.8138593750000002E+01    -3.4634643746303817E-01
 1.8188631250000000E+01    -3.4114811795655486E-01
 1.8238668750000002E+01    -3.3547024704035089E-01
 1.8288706250000001E+01    -3.2932291323546675E-01
 1.8338743749999999E+01    -3.2272273639321691E-01
 1.8388781250000001E+01    -3.1568634772960746E-01
 1.8438818749999999E+01    -3.0823037846064533E-01
 1.8488856250000001E+01    -3.0037145980233598E-01
 1.8538893750000000E+01    -2.9212622297068691E-01
 1.8588931250000002E+01    -2.8351129918170331E-01
 1.8638968750000000E+01    -2.7454331965139234E-01
 1.8689006250000002E+01    -2.6523891559575968E-01
 1.8739043750000000E+01    -2.5561471823081244E-01
 1.8789081249999999E+01    -2.4568735877255640E-01
 1.8839118750000001E+01    -2.3547346843699732E-01
 1.8889156249999999E+01    -2.2498967844014284E-01
 1.8939193750000001E+01    -2.1425261999799797E-01
 1.8989231250000000E+01    -2.0327892432657016E-01
 1.9039268750000002E+01    -1.9208522264186445E-01
 1.9089306250000000E+01    -1.8068814615988890E-01
 1.9139343750000002E+01    -1.6910432609664791E-01
 1.9189381250000000E+01    -1.5735039366814957E-01
 1.9239418749999999E+01    -1.4544298009039935E-01
 1.9289456250000001E+01    -1.3339871657940283E-01
 1.9339493749999999E+01    -1.2123423435116790E-01
 1.9389531250000001E+01    -1.0896616462169922E-01
 1.9439568749999999E+01    -9.6611138607004821E-02
 1.9489606250000001E+01    -8.4185787523089306E-02
 1.9539643750000000E+01    -7.1706742585960714E-02
 1.9589681250000002E+01    -5.9190635011623569E-02
 1.9639718750000000E+01    -4.6654096016086097E-02
 1.9689756250000002E+01    -3.4113756815352753E-02
 1.9739793750000000E+01    -2.1586248625431660E-02
 1.9789831249999999E+01    -9.0882026623282479E-03
 1.9839868750000001E+01     3.3637498579521391E-03
 1.9889906249999999E+01     1.5752977719401248E-02
 1.9939943750000001E+01     2.8062849706014657E-02
 1.9989981250000000E+01     4.0276734601784249E-02
 2.0040018750000002E+01     5.2378001190705362E-02
 2.0090056250000000E+01     6.4350018256770031E-02
 2.0140093750000002E+01     7.6176154583973699E-02
 2.0190131250000000E+01     8.7839778956308318E-02
 2.0240168749999999E+01     9.9324260157768254E-02
 2.0290206250000001E+01     1.1061296697234824E-01
 2.0340243749999999E+01     1.2168926818404016E-01
 2.0390281250000001E+01     1.3253653257683939E-01
 2.0440318749999999E+01     1.4313812893473787E-01
 2.0490356250000001E+01     1.5347742604173115E-01
 2.0540393750000000E+01     1.6353779268181118E-01
 2.0590431250000002E+01     1.7330259763897302E-01
 2.0640468750000000E+01     1.8275520969720899E-01
 2.0690506250000002E+01     1.9187899764051430E-01
 2.0740543750000001E+01     2.0065733025288127E-01
 2.0790581249999999E+01     2.0907357631830395E-01
 2.0840618750000001E+01     2.1711110462077698E-01
 2.0890656249999999E+01     2.2475328394429270E-01
 2.0940693750000001E+01     2.3198348307284578E-01
 2.0990731250000000E+01     2.3878507079042927E-01
 2.1040768750000002E+01     2.4514141588103727E-01
 2.1090806250000000E+01     2.5103588712866287E-01
 2.1140843750000002E+01     2.5645185331730058E-01
 2.1190881250000000E+01     2.6137268323094320E-01
 2.1240918749999999E+01     2.6578174565358498E-01
 2.1290956250000001E+01     2.6966240936921965E-01
 2.1340993749999999E+01     2.7299804316184045E-01
 2.1391031250000001E+01     2.7577201581544164E-01
 2.1441068749999999E+01     2.7796769611401645E-01
 2.1491106250000001E+01     2.7956845284155851E-01
 2.1541143750000000E+01     2.8055765478206179E-01
 2.1591181250000002E+01     2.8091867071951993E-01
 2.1641218750000000E+01     2.8063486943792648E-01
 2.1691256250000002E+01     2.7968961972127498E-01
 2.1741293750000001E+01     2.7806629035355962E-01
 2.1791331249999999E+01     2.7574825011877369E-01
 2.1841368750000001E+01     2.7271888260177246E-01
 2.1891406249999999E+01     2.6897007749750235E-01
 2.1941443750000001E+01     2.6451646575096294E-01
 2.1991481250000000E+01     2.5937643827423129E-01
 2.2041518750000002E+01     2.5356838597938197E-01
 2.2091556250000000E+01     2.4711069977849232E-01
 2.2141593750000002E+01     2.4002177058363650E-01
 2.2191631250000000E+01     2.3231998930689196E-01
 2.2241668749999999E+01     2.2402374686033399E-01
 2.2291706250000001E+01     2.1515143415603780E-01
 2.2341743749999999E+01     2.0572144210608057E-01
 2.2391781250000001E+01     1.9575216162253675E-01
 2.2441818749999999E+01     1.8526198361748381E-01
 2.2491856250000001E+01     1.7426929900299584E-01
 2.2541893750000000E+01     1.6279249869115067E-01
 2.2591931250000002E+01     1.5084997359402205E-01
 2.2641968750000000E+01     1.3846011462368807E-01
 2.2692006249999999E+01     1.2564131269222351E-01
 2.2742043750000001E+01     1.1241195871170338E-01
 2.2792081249999999E+01     9.8790443594205329E-02
 2.2842118750000001E+01     8.4795158251803462E-02
 2.2892156249999999E+01     7.0444493596575453E-02
 2.2942193750000001E+01     5.5756840540595563E-02
 2.2992231250000000E+01     4.0750589995941090E-02
 2.3042268750000002E+01     2.5444132874686241E-02
 2.3092306250000000E+01     9.8558600889091380E-03
 2.3142343750000002E+01    -5.9958374493167873E-03
 2.3192381250000000E+01    -2.2092568827913404E-02
 2.3242418749999999E+01    -3.8415943134805723E-02
 2.3292456250000001E+01    -5.4947569457919419E-02
 2.3342493749999999E+01    -7.1669056885175803E-02
 2.3392531250000001E+01    -8.8562014504501615E-02
 2.3442568750000000E+01    -1.0560805140381846E-01
 2.3492606250000001E+01    -1.2278877667105317E-01
 2.3542643750000000E+01    -1.4008579939412724E-01
 2.3592681250000002E+01    -1.5748072866096707E-01
 2.3642718750000000E+01    -1.7495517355949453E-01
 2.3692756249999999E+01    -1.9249074317763495E-01
 2.3742793750000001E+01    -2.1006904660331366E-01
 2.3792831249999999E+01    -2.2767169292445216E-01
 2.3842868750000001E+01    -2.4528029122897743E-01
 2.3892906249999999E+01    -2.6287645060481057E-01
 2.3942943750000001E+01    -2.8044178013987864E-01
 2.3992981250000000E+01    -2.9795788892210312E-01
 2.4043018750000002E+01    -3.1540638603941029E-01
 2.4093056250000000E+01    -3.3276888057972243E-01
 2.4143093750000002E+01    -3.5002698163096574E-01
 2.4193131250000000E+01    -3.6716229828106195E-01
 2.4243168749999999E+01    -3.8415643961793616E-01
 2.4293206250000001E+01    -4.0099101472951409E-01
 2.4343243749999999E+01    -4.1764763270371735E-01
 2.4393281250000001E+01    -4.3410790262847232E-01
 2.4443318750000000E+01    -4.5035343359170088E-01
 2.4493356250000001E+01    -4.6636583468132919E-01
 2.4543393750000000E+01    -4.8212671498527959E-01
 2.4593431250000002E+01    -4.9761768359147790E-01
 2.4643468750000000E+01    -5.1282034958784617E-01
 2.4693506249999999E+01    -5.2771632206231023E-01
 2.4743543750000001E+01    -5.4228721010279424E-01
 2.4793581249999999E+01    -5.5651462279722108E-01
 2.4843618750000001E+01    -5.7038016923351653E-01
 2.4893656249999999E+01    -5.8386545849960247E-01
 2.4943693750000001E+01    -5.9695209968340568E-01
 2.4993731250000000E+01    -6.0962170187284770E-01
 2.5043768750000002E+01    -6.2185587415585475E-01
 2.5093806250000000E+01    -6.3363622562034916E-01
 2.5143843750000002E+01    -6.4494436535425681E-01
 2.5193881250000000E+01    -6.5576190244550003E-01
 2.5243918749999999E+01    -6.6607044598200404E-01
 2.5293956250000001E+01    -6.7585160505169350E-01
 2.5343993749999999E+01    -6.8508698874249085E-01
 2.5394031250000001E+01    -6.9375820614232209E-01
 2.5444068750000000E+01    -7.0184686633910953E-01
 2.5494106250000002E+01    -7.0933494307233602E-01
 2.5544143750000000E+01    -7.1621785316872533E-01
 2.5594181250000002E+01    -7.2250806404160295E-01
 2.5644218750000000E+01    -7.2821914206104310E-01
 2.5694256249999999E+01    -7.3336465359712200E-01
 2.5744293750000001E+01    -7.3795816501991462E-01
 2.5794331249999999E+01    -7.4201324269949620E-01
 2.5844368750000001E+01    -7.4554345300594205E-01
 2.5894406249999999E+01    -7.4856236230932727E-01
 2.5944443750000001E+01    -7.5108353697972763E-01
 2.5994481250000000E+01    -7.5312054338721757E-01
 2.6044518750000002E+01    -7.5468694790187318E-01
 2.6094556250000000E+01    -7.5579631689376936E-01
 2.6144593749999999E+01    -7.5646221673298153E-01
 2.6194631250000000E+01    -7.5669821378958468E-01
 2.6244668749999999E+01    -7.5651787443365448E-01
 2.6294706250000001E+01    -7.5593476503526580E-01
 2.6344743749999999E+01    -7.5496245196449419E-01
 2.6394781250000001E+01    -7.5361450159141485E-01
 2.6444818750000000E+01    -7.5190448028610302E-01
 2.6494856250000002E+01    -7.4984595441863422E-01
 2.6544893750000000E+01    -7.4745249035908312E-01
 2.6594931250000002E+01    -7.4473765447752571E-01
 2.6644968750000000E+01    -7.4171501314403687E-01
 2.6695006249999999E+01    -7.3839813272869204E-01
 2.6745043750000001E+01    -7.3480057960156620E-01
 2.6795081249999999E+01    -7.3093592013273523E-01
 2.6845118750000001E+01    -7.2681772069227346E-01
 2.6895156249999999E+01    -7.2245954765025688E-01
 2.6945193750000001E+01    -7.1787496737676093E-01
 2.6995231250000000E+01    -7.1307754624186026E-01
 2.7045268750000002E+01    -7.0808085061563042E-01
 2.7095306250000000E+01    -7.0289844686814684E-01
 2.7145343749999999E+01    -6.9754390136948474E-01
 2.7195381250000001E+01    -6.9203078048971922E-01
 2.7245418749999999E+01    -6.8637265059892583E-01
 2.7295456250000001E+01    -6.8058307806717910E-01
 2.7345493749999999E+01    -6.7467562926455549E-01
 2.7395531250000001E+01    -6.6866387056112919E-01
 2.7445568750000000E+01    -6.6256136832697643E-01
 2.7495606250000002E+01    -6.5638168893217141E-01
 2.7545643750000000E+01    -6.5013839874679047E-01
 2.7595681250000002E+01    -6.4384506414090792E-01
 2.7645718750000000E+01    -6.3751525148460031E-01
 2.7695756249999999E+01    -6.3116252714794174E-01
 2.7745793750000001E+01    -6.2480045750100754E-01
 2.7795831249999999E+01    -6.1844260891387381E-01
 2.7845868750000001E+01    -6.1210254775661499E-01
 2.7895906249999999E+01    -6.0579384039930706E-01
 2.7945943750000001E+01    -5.9953005321202435E-01
 2.7995981250000000E+01    -5.9332475256484318E-01
 2.8046018750000002E+01    -5.8719150482783811E-01
 2.8096056250000000E+01    -5.8114387637108511E-01
 2.8146093749999999E+01    -5.7519543356465896E-01
 2.8196131250000001E+01    -5.6935974277863444E-01
 2.8246168749999999E+01    -5.6365037038308785E-01
 2.8296206250000001E+01    -5.5808088274809375E-01
 2.8346243749999999E+01    -5.5266484624372780E-01
 2.8396281250000001E+01    -5.4741582724006488E-01
 2.8446318750000000E+01    -5.4234739210718086E-01
 2.8496356250000002E+01    -5.3747310721515040E-01
 2.8546393750000000E+01    -5.3280653893404928E-01
 2.8596431250000002E+01    -5.2836125363395237E-01
 2.8646468750000000E+01    -5.2415081768493532E-01
 2.8696506249999999E+01    -5.2018879745707314E-01
 2.8746543750000001E+01    -5.1648875932044080E-01
 2.8796581249999999E+01    -5.1306426964511453E-01
 2.8846618750000001E+01    -5.0992889480116865E-01
 2.8896656249999999E+01    -5.0709620115867893E-01
 2.8946693750000001E+01    -5.0457975508772046E-01
 2.8996731250000000E+01    -5.0239312295836858E-01
 2.9046768750000002E+01    -5.0054987114069849E-01
 2.9096806250000000E+01    -4.9906356600478580E-01
 2.9146843749999999E+01    -4.9794646296002820E-01
 2.9196881250000001E+01    -4.9719638597225657E-01
 2.9246918749999999E+01    -4.9680221844969974E-01
 2.9296956250000001E+01    -4.9675271056813836E-01
 2.9346993749999999E+01    -4.9703661250335318E-01
 2.9397031250000001E+01    -4.9764267443112498E-01
 2.9447068750000000E+01    -4.9855964652723406E-01
 2.9497106250000002E+01    -4.9977627896746174E-01
 2.9547143750000000E+01    -5.0128132192758812E-01
 2.9597181249999998E+01    -5.0306352558339418E-01
 2.9647218750000000E+01    -5.0511164011066056E-01
 2.9697256249999999E+01    -5.0741441568516787E-01
 2.9747293750000001E+01    -5.0996060248269703E-01
 2.9797331249999999E+01    -5.1273895067902830E-01
 2.9847368750000001E+01    -5.1573821044994295E-01
 2.9897406250000000E+01    -5.1894713197122100E-01
 2.9947443750000001E+01    -5.2235446541864383E-01
 2.9997481250000000E+01    -5.2594896096799171E-01
 3.0047518750000002E+01    -5.2971936879504544E-01
 3.0097556250000000E+01    -5.3365443907558541E-01
 3.0147593749999999E+01    -5.3774292198539264E-01
 3.0197631250000001E+01    -5.4197356770024818E-01
 3.0247668749999999E+01    -5.4633512639593185E-01
 3.0297706250000001E+01    -5.5081634824822512E-01
 3.0347743749999999E+01    -5.5540598343290792E-01
 3.0397781250000001E+01    -5.6009278212576186E-01
 3.0447818750000000E+01    -5.6486549450256707E-01
 3.0497856250000002E+01    -5.6971287073910415E-01
 3.0547893750000000E+01    -5.7462366101115381E-01
 3.0597931249999998E+01    -5.7958661549449686E-01
 3.0647968750000000E+01    -5.8459048436491434E-01
 3.0698006249999999E+01    -5.8962401779818630E-01
 3.0748043750000001E+01    -5.9467596597009409E-01
 3.0798081249999999E+01    -5.9973507905641754E-01
 3.0848118750000001E+01    -6.0479010723293847E-01
 3.0898156250000000E+01    -6.0982980067543635E-01
 3.0948193750000002E+01    -6.1484290955969290E-01
 3.0998231250000000E+01    -6.1981818406148825E-01
 3.1048268750000002E+01    -6.2474437435660313E-01
 3.1098306250000000E+01    -6.2961023062081833E-01
 3.1148343749999999E+01    -6.3440450302991447E-01
 3.1198381250000001E+01    -6.3911594175967235E-01
 3.1248418749999999E+01    -6.4373329698587256E-01
 3.1298456250000001E+01    -6.4824531888429604E-01
 3.1348493749999999E+01    -6.5264075763072293E-01
 3.1398531250000001E+01    -6.5690836340093450E-01
 3.1448568750000000E+01    -6.6103688637071101E-01
 3.1498606250000002E+01    -6.6501507671583360E-01
 3.1548643750000000E+01    -6.6883168461208242E-01
 3.1598681249999998E+01    -6.7247546023523852E-01
 3.1648718750000000E+01    -6.7593515376108271E-01
 3.1698756249999999E+01    -6.7919951536539502E-01
 3.1748793750000001E+01    -6.8225729522395706E-01
 3.1798831249999999E+01    -6.8509724351254886E-01
 3.1848868750000001E+01    -6.8770811040695146E-01
 3.1898906250000000E+01    -6.9007864608294500E-01
 3.1948943750000002E+01    -6.9219760071631098E-01
 3.1998981250000000E+01    -6.9405372448282932E-01
 3.2049018750000002E+01    -6.9563576755828160E-01
 3.2099056249999997E+01    -6.9693248011844722E-01
 3.2149093749999999E+01    -6.9793261233910797E-01
 3.2199131250000001E+01    -6.9862491439604446E-01
 3.2249168750000003E+01    -6.9899813646503683E-01
 3.2299206249999997E+01    -6.9904102872186591E-01
 3.2349243749999999E+01    -6.9874234134231272E-01
 3.2399281250000001E+01    -6.9809082450215776E-01
 3.2449318750000003E+01    -6.9707522837718139E-01
 3.2499356249999998E+01    -6.9568430314316521E-01
 3.2549393750000000E+01    -6.9390679897588881E-01
 3.2599431250000002E+01    -6.9173146605113367E-01
 3.2649468749999997E+01    -6.8914705454468039E-01
 3.2699506249999999E+01    -6.8614231463230901E-01
 3.2749543750000001E+01    -6.8270599648980068E-01
 3.2799581250000003E+01    -6.7882976471282608E-01
 3.2849618749999998E+01    -6.7451864692607899E-01
 3.2899656250000000E+01    -6.6978149842827395E-01
 3.2949693750000002E+01    -6.6462717483282563E-01
 3.2999731250000004E+01    -6.5906453175314805E-01
 3.3049768749999998E+01    -6.5310242480265546E-01
 3.3099806250000000E+01    -6.4674970959476052E-01
 3.3149843750000002E+01    -6.4001524174287794E-01
 3.3199881249999997E+01    -6.3290787686042260E-01
 3.3249918749999999E+01    -6.2543647056080642E-01
 3.3299956250000001E+01    -6.1760987845744386E-01
 3.3349993750000003E+01    -6.0943695616374916E-01
 3.3400031249999998E+01    -6.0092655929313776E-01
 3.3450068750000000E+01    -5.9208754345902070E-01
 3.3500106250000002E+01    -5.8292876427481322E-01
 3.3550143749999997E+01    -5.7345907735393087E-01
 3.3600181249999999E+01    -5.6368733830978424E-01
 3.3650218750000001E+01    -5.5362240275578889E-01
 3.3700256250000002E+01    -5.4327312630535896E-01
 3.3750293749999997E+01    -5.3264836457190978E-01
 3.3800331249999999E+01    -5.2175697316885183E-01
 3.3850368750000001E+01    -5.1060780770960079E-01
 3.3900406250000003E+01    -4.9920972380757084E-01
 3.3950443749999998E+01    -4.8757157707617704E-01
 3.4000481250000000E+01    -4.7570222312883043E-01
 3.4050518750000002E+01    -4.6361051757894606E-01
 3.4100556249999997E+01    -4.5130531603994017E-01
 3.4150593749999999E+01    -4.3879547412522291E-01
 3.4200631250000001E+01    -4.2608984744820971E-01
 3.4250668750000003E+01    -4.1319729162231483E-01
 3.4300706249999998E+01    -4.0012666226095356E-01
 3.4350743749999999E+01    -3.8688681497753696E-01
 3.4400781250000001E+01    -3.7348660538547973E-01
 3.4450818750000003E+01    -3.5993488909819649E-01
 3.4500856249999998E+01    -3.4624052172910302E-01
 3.4550893750000000E+01    -3.3241235889160892E-01
 3.4600931250000002E+01    -3.1845925619913040E-01
 3.4650968749999997E+01    -3.0439006926508327E-01
 3.4701006249999999E+01    -2.9021365370287744E-01
 3.4751043750000001E+01    -2.7593886512592891E-01
 3.4801081250000003E+01    -2.6157455914765138E-01
 3.4851118749999998E+01    -2.4712959138146096E-01
 3.4901156250000000E+01    -2.3261281744076739E-01
 3.4951193750000002E+01    -2.1803309293898659E-01
 3.5001231250000004E+01    -2.0339927348953257E-01
 3.5051268749999998E+01    -1.8872021470582140E-01
 3.5101306250000000E+01    -1.7400477220126243E-01
 3.5151343750000002E+01    -1.5926180158927206E-01
 3.5201381249999997E+01    -1.4450015848326592E-01
 3.5251418749999999E+01    -1.2972869849665425E-01
 3.5301456250000001E+01    -1.1495627724285262E-01
 3.5351493750000003E+01    -1.0019175033527483E-01
 3.5401531249999998E+01    -8.5443973387337335E-02
 3.5451568750000000E+01    -7.0721802012449375E-02
 3.5501606250000002E+01    -5.6034091824027299E-02
 3.5551643749999997E+01    -4.1389698435487121E-02
 3.5601681249999999E+01    -2.6797477460238195E-02
 3.5651718750000001E+01    -1.2266284511696979E-02
 3.5701756250000003E+01     2.1950247967229553E-03
 3.5751793749999997E+01     1.6577594851605704E-02
 3.5801831249999999E+01     3.0872570039540914E-02
 3.5851868750000001E+01     4.5071094747113460E-02
 3.5901906250000003E+01     5.9164313360908771E-02
 3.5951943749999998E+01     7.3143370267511387E-02
 3.6001981250000000E+01     8.6999409853510956E-02
 3.6052018750000002E+01     1.0072357650549191E-01
 3.6102056249999997E+01     1.1430701461003823E-01
 3.6152093749999999E+01     1.2774086855374006E-01
 3.6202131250000001E+01     1.4101628272318134E-01
 3.6252168750000003E+01     1.5412440150494849E-01
 3.6302206249999998E+01     1.6705636928562545E-01
 3.6352243750000000E+01     1.7980333045180230E-01
 3.6402281250000001E+01     1.9235642939006281E-01
 3.6452318750000003E+01     2.0470681048699368E-01
 3.6502356249999998E+01     2.1684561812917880E-01
 3.6552393750000000E+01     2.2876399670320779E-01
 3.6602431250000002E+01     2.4045309059566522E-01
 3.6652468749999997E+01     2.5190404419313545E-01
 3.6702506249999999E+01     2.6310800188220801E-01
 3.6752543750000001E+01     2.7405610804946678E-01
 3.6802581250000003E+01     2.8473950708149853E-01
 3.6852618749999998E+01     2.9514934336488774E-01
 3.6902656250000000E+01     3.0527676128622316E-01
 3.6952693750000002E+01     3.1511290523208985E-01
 3.7002731249999997E+01     3.2464891958907205E-01
 3.7052768749999998E+01     3.3387594874375870E-01
 3.7102806250000000E+01     3.4278513708273500E-01
 3.7152843750000002E+01     3.5136762899258639E-01
 3.7202881249999997E+01     3.5961456885989845E-01
 3.7252918749999999E+01     3.6751710107125896E-01
 3.7302956250000001E+01     3.7506637001325327E-01
 3.7352993750000003E+01     3.8225352007246716E-01
 3.7403031249999998E+01     3.8906969563548616E-01
 3.7453068750000000E+01     3.9550604108889809E-01
 3.7503106250000002E+01     4.0155370081928804E-01
 3.7553143749999997E+01     4.0720381921324156E-01
 3.7603181249999999E+01     4.1244754065734573E-01
 3.7653218750000001E+01     4.1727600953818650E-01
 3.7703256250000003E+01     4.2168037024234972E-01
 3.7753293749999997E+01     4.2565176715642083E-01
 3.7803331249999999E+01     4.2918134466698721E-01
 3.7853368750000001E+01     4.3226024716063433E-01
 3.7903406250000003E+01     4.3487961902394834E-01
 3.7953443749999998E+01     4.3703060464351495E-01
 3.8003481250000000E+01     4.3870434840592082E-01
 3.8053518750000002E+01     4.3989199469775175E-01
 3.8103556249999997E+01     4.4058468790559402E-01
 3.8153593749999999E+01     4.4077357241603354E-01
 3.8203631250000001E+01     4.4044979261565653E-01
 3.8253668750000003E+01     4.3960449289104891E-01
 3.8303706249999998E+01     4.3822881762879706E-01
 3.8353743750000000E+01     4.3631391121548685E-01
 3.8403781250000002E+01     4.3385091803770454E-01
 3.8453818749999996E+01     4.3083098248203622E-01
 3.8503856249999998E+01     4.2724524893506782E-01
 3.8553893750000000E+01     4.2308486178338534E-01
 3.8603931250000002E+01     4.1834096541357491E-01
 3.8653968749999997E+01     4.1300470421222357E-01
 3.8704006249999999E+01     4.0706722256591593E-01
 3.8754043750000001E+01     4.0051966486123858E-01
 3.8804081250000003E+01     3.9335317548477799E-01
 3.8854118749999998E+01     3.8555889882312111E-01
 3.8904156250000000E+01     3.7712797926285180E-01
 3.8954193750000002E+01     3.6805156119055732E-01
 3.9004231249999997E+01     3.5832078899282516E-01
 3.9054268749999999E+01     3.4792680705623874E-01
 3.9104306250000000E+01     3.3686075976738555E-01
 3.9154343750000002E+01     3.2511379151285136E-01
 3.9204381249999997E+01     3.1267704667922436E-01
 3.9254418749999999E+01     2.9954166965308698E-01
 3.9304456250000001E+01     2.8569880482102716E-01
 3.9354493750000003E+01     2.7113959656963094E-01
 3.9404531249999998E+01     2.5585518928548651E-01
 3.9454568750000000E+01     2.3983672735517583E-01
 3.9504606250000002E+01     2.2307535516528701E-01
 3.9554643749999997E+01     2.0556221710240868E-01
 3.9604681249999999E+01     1.8728845755312196E-01
 3.9654718750000001E+01     1.6824522090401542E-01
 3.9704756250000003E+01     1.4842365154167511E-01
 3.9754793749999997E+01     1.2781489385269013E-01
 3.9804831249999999E+01     1.0641009222364074E-01
 3.9854868750000001E+01     8.4200391041115916E-02
 3.9904906250000003E+01     6.1176934691701670E-02
 3.9954943749999998E+01     3.7330867561987613E-02
 4.0004981250000000E+01     1.2653334038553064E-02
