#                  time                       real
 2.5018749999999999E-02     1.6154137472227683E-02
 7.5056249999999991E-02     4.7585569018462427E-02
 1.2509375000000000E-01     7.7859115734065870E-02
 1.7513124999999999E-01     1.0698826525943325E-01
 2.2516875000000000E-01     1.3498650523496011E-01
 2.7520624999999999E-01     1.6186732330104173E-01
 3.2524374999999994E-01     1.8764420709807342E-01
 3.7528124999999996E-01     2.1233064426645071E-01
 4.2531874999999997E-01     2.3594012244656887E-01
 4.7535624999999998E-01     2.5848612927882325E-01
 5.2539374999999999E-01     2.7998215240360952E-01
 5.7543124999999995E-01     3.0044167946132261E-01
 6.2546874999999991E-01     3.1987819809235807E-01
 6.7550624999999997E-01     3.3830519593711145E-01
 7.2554374999999993E-01     3.5573616063597768E-01
 7.7558125000000000E-01     3.7218457982935260E-01
 8.2561874999999996E-01     3.8766394115763136E-01
 8.7565624999999991E-01     4.0218773226120941E-01
 9.2569374999999998E-01     4.1576944078048217E-01
 9.7573124999999994E-01     4.2842255435584486E-01
 1.0257687500000001E+00     4.4016056062769288E-01
 1.0758062500000001E+00     4.5099694723642181E-01
 1.1258437500000000E+00     4.6094520182242676E-01
 1.1758812500000000E+00     4.7001881202610318E-01
 1.2259187499999999E+00     4.7823126548784656E-01
 1.2759562500000001E+00     4.8559604984805221E-01
 1.3259937500000001E+00     4.9212665274711542E-01
 1.3760312500000000E+00     4.9783656182543168E-01
 1.4260687500000000E+00     5.0273926472339603E-01
 1.4761062500000000E+00     5.0684824908140447E-01
 1.5261437500000001E+00     5.1017700253985199E-01
 1.5761812500000001E+00     5.1273901273913414E-01
 1.6262187500000000E+00     5.1454776731964580E-01
 1.6762562500000000E+00     5.1561675392178274E-01
 1.7262937500000000E+00     5.1595946018594052E-01
 1.7763312500000001E+00     5.1558937375251435E-01
 1.8263687500000001E+00     5.1451998226189921E-01
 1.8764062500000001E+00     5.1276477335449100E-01
 1.9264437500000000E+00     5.1033723467068492E-01
 1.9764812500000000E+00     5.0725085385087632E-01
 2.0265187500000001E+00     5.0351911853546039E-01
 2.0765562499999999E+00     4.9915551636483302E-01
 2.1265937500000001E+00     4.9417353497938898E-01
 2.1766312500000002E+00     4.8858666201952400E-01
 2.2266687500000000E+00     4.8240838512563344E-01
 2.2767062500000002E+00     4.7565219193811259E-01
 2.3267437499999999E+00     4.6833157009735693E-01
 2.3767812500000001E+00     4.6046000724376157E-01
 2.4268187499999998E+00     4.5205099101772228E-01
 2.4768562500000000E+00     4.4311800905963372E-01
 2.5268937500000002E+00     4.3367454900989222E-01
 2.5769312499999999E+00     4.2373409850889254E-01
 2.6269687500000001E+00     4.1331014519703024E-01
 2.6770062499999998E+00     4.0241617671470065E-01
 2.7270437500000000E+00     3.9106568070229908E-01
 2.7770812500000002E+00     3.7927214480022092E-01
 2.8271187499999999E+00     3.6704905664886184E-01
 2.8771562500000001E+00     3.5440990388861715E-01
 2.9271937499999998E+00     3.4136817415988152E-01
 2.9772312500000000E+00     3.2793735510305094E-01
 3.0272687500000002E+00     3.1413093435852102E-01
 3.0773062499999999E+00     2.9996239956668669E-01
 3.1273437500000001E+00     2.8544523836794344E-01
 3.1773812499999998E+00     2.7059293840268639E-01
 3.2274187500000000E+00     2.5541898731131130E-01
 3.2774562500000002E+00     2.3993687273421346E-01
 3.3274937499999999E+00     2.2416008231178847E-01
 3.3775312500000001E+00     2.0810210368443080E-01
 3.4275687499999998E+00     1.9177642449253723E-01
 3.4776062500000000E+00     1.7519653237650171E-01
 3.5276437500000002E+00     1.5837591497672041E-01
 3.5776812499999999E+00     1.4132805993358893E-01
 3.6277187500000001E+00     1.2406645488750209E-01
 3.6777562499999998E+00     1.0660458747885523E-01
 3.7277937500000000E+00     8.8955945348044088E-02
 3.7778312500000002E+00     7.1134016135463912E-02
 3.8278687499999999E+00     5.3152287481509887E-02
 3.8779062500000001E+00     3.5024247026577748E-02
 3.9279437499999998E+00     1.6763382411062792E-02
 3.9779812500000000E+00    -1.6168187246402425E-03
 4.0280187500000002E+00    -2.0102868740135144E-02
 4.0780562500000004E+00    -3.8681279995026879E-02
 4.1280937499999997E+00    -5.7338564848919964E-02
 4.1781312499999999E+00    -7.6061235661419133E-02
 4.2281687500000000E+00    -9.4835804792129025E-02
 4.2782062500000002E+00    -1.1364878460065414E-01
 4.3282437500000004E+00    -1.3248668744659958E-01
 4.3782812499999997E+00    -1.5133602568956891E-01
 4.4283187499999999E+00    -1.7018331168916787E-01
 4.4783562500000000E+00    -1.8901505780500100E-01
 4.5283937500000002E+00    -2.0781777639667198E-01
 4.5784312500000004E+00    -2.2657797982378652E-01
 4.6284687499999997E+00    -2.4528218044594824E-01
 4.6785062499999999E+00    -2.6391689062276258E-01
 4.7285437500000000E+00    -2.8246862271383399E-01
 4.7785812500000002E+00    -3.0092388907876705E-01
 4.8286187499999995E+00    -3.1926920207716569E-01
 4.8786562499999997E+00    -3.3749107406863554E-01
 4.9286937499999999E+00    -3.5557601741278100E-01
 4.9787312500000001E+00    -3.7351054446920651E-01
 5.0287687500000002E+00    -3.9128116759751697E-01
 5.0788062499999995E+00    -4.0887439915731605E-01
 5.1288437499999997E+00    -4.2627675150820937E-01
 5.1788812499999999E+00    -4.4347473700980178E-01
 5.2289187500000001E+00    -4.6045486802169711E-01
 5.2789562500000002E+00    -4.7720365690350008E-01
 5.3289937499999995E+00    -4.9370761601481578E-01
 5.3790312499999997E+00    -5.0995325771524824E-01
 5.4290687499999999E+00    -5.2592709436440277E-01
 5.4791062500000001E+00    -5.4161563832188397E-01
 5.5291437500000002E+00    -5.5700540194729498E-01
 5.5791812499999995E+00    -5.7208289760024245E-01
 5.6292187499999997E+00    -5.8683463764032995E-01
 5.6792562499999999E+00    -6.0124713442716238E-01
 5.7292937500000001E+00    -6.1530690032034430E-01
 5.7793312500000003E+00    -6.2900044767948038E-01
 5.8293687499999995E+00    -6.4231428886417485E-01
 5.8794062499999997E+00    -6.5523493623403284E-01
 5.9294437499999999E+00    -6.6774890214865912E-01
 5.9794812500000001E+00    -6.7984269896765759E-01
 6.0295187500000003E+00    -6.9150283905063392E-01
 6.0795562499999996E+00    -7.0271583475719168E-01
 6.1295937499999997E+00    -7.1346819844693599E-01
 6.1796312499999999E+00    -7.2374644247947084E-01
 6.2296687500000001E+00    -7.3353707921440181E-01
 6.2797062500000003E+00    -7.4282662101133390E-01
 6.3297437499999996E+00    -7.5160158022986978E-01
 6.3797812499999997E+00    -7.5984846922961669E-01
 6.4298187499999999E+00    -7.6755380037017662E-01
 6.4798562500000001E+00    -7.7470408601115559E-01
 6.5298937500000003E+00    -7.8128583851215816E-01
 6.5799312499999996E+00    -7.8728557023278922E-01
 6.6299687499999997E+00    -7.9268979353265256E-01
 6.6800062499999999E+00    -7.9748502077135341E-01
 6.7300437500000001E+00    -8.0165776430849667E-01
 6.7800812500000003E+00    -8.0519453650368578E-01
 6.8301187499999996E+00    -8.0808184971652697E-01
 6.8801562499999998E+00    -8.1030621630662358E-01
 6.9301937499999999E+00    -8.1185414863358041E-01
 6.9802312500000001E+00    -8.1271215905700300E-01
 7.0302687500000003E+00    -8.1286675993649471E-01
 7.0803062499999996E+00    -8.1230446363166176E-01
 7.1303437499999998E+00    -8.1101178250210704E-01
 7.1803812499999999E+00    -8.0897522890743623E-01
 7.2304187500000001E+00    -8.0618131520725334E-01
 7.2804562500000003E+00    -8.0261655425659661E-01
 7.3304937499999996E+00    -7.9827348485886374E-01
 7.3805312499999998E+00    -7.9316568337770010E-01
 7.4305687499999999E+00    -7.8731131437931201E-01
 7.4806062500000001E+00    -7.8072854242990808E-01
 7.5306437500000003E+00    -7.7343553209569460E-01
 7.5806812499999996E+00    -7.6545044794287964E-01
 7.6307187499999998E+00    -7.5679145453767049E-01
 7.6807562500000000E+00    -7.4747671644627511E-01
 7.7307937500000001E+00    -7.3752439823489946E-01
 7.7808312500000003E+00    -7.2695266446975260E-01
 7.8308687499999996E+00    -7.1577967971704104E-01
 7.8809062499999998E+00    -7.0402360854297241E-01
 7.9309437500000000E+00    -6.9170261551375412E-01
 7.9809812500000001E+00    -6.7883486519559322E-01
 8.0310187499999994E+00    -6.6543852215469834E-01
 8.0810562499999996E+00    -6.5153175095727567E-01
 8.1310937499999998E+00    -6.3713271616953271E-01
 8.1811312499999982E+00    -6.2225958235767831E-01
 8.2311687499999984E+00    -6.0693051408791776E-01
 8.2812062499999985E+00    -5.9116367592645991E-01
 8.3312437499999987E+00    -5.7497723243951171E-01
 8.3812812499999989E+00    -5.5838934819328045E-01
 8.4313187499999991E+00    -5.4141818775397432E-01
 8.4813562499999993E+00    -5.2408191568779949E-01
 8.5313937499999994E+00    -5.0639869656096437E-01
 8.5814312499999996E+00    -4.8838669493967646E-01
 8.6314687499999998E+00    -4.7006407539014233E-01
 8.6815062499999982E+00    -4.5144900247857084E-01
 8.7315437499999984E+00    -4.3255964077116760E-01
 8.7815812499999986E+00    -4.1341415483414118E-01
 8.8316187499999987E+00    -3.9403070923369860E-01
 8.8816562499999989E+00    -3.7442746853604753E-01
 8.9316937499999991E+00    -3.5462259730739509E-01
 8.9817312499999993E+00    -3.3463426011394892E-01
 9.0317687499999995E+00    -3.1448062152191669E-01
 9.0818062499999996E+00    -2.9417984609750525E-01
 9.1318437499999998E+00    -2.7375009840692249E-01
 9.1818812499999982E+00    -2.5320954301637622E-01
 9.2319187499999984E+00    -2.3257634449207271E-01
 9.2819562499999986E+00    -2.1186866740021998E-01
 9.3319937499999988E+00    -1.9110467630702571E-01
 9.3820312499999989E+00    -1.7030253577869656E-01
 9.4320687499999991E+00    -1.4948041038144080E-01
 9.4821062499999993E+00    -1.2865646468146522E-01
 9.5321437499999995E+00    -1.0784886324497783E-01
 9.5821812499999997E+00    -8.7075770638185751E-02
 9.6322187499999981E+00    -6.6355351427297093E-02
 9.6822562499999982E+00    -4.5705770178517804E-02
 9.7322937499999984E+00    -2.5145191458056187E-02
 9.7823312499999986E+00    -4.6917798321193700E-03
 9.8323687499999988E+00     1.5636300133084632E-02
 9.8824062499999989E+00     3.5820883871349005E-02
 9.9324437499999991E+00     5.5843806816466175E-02
 9.9824812499999993E+00     7.5686904402228444E-02
 1.0032518749999999E+01     9.5332012062428542E-02
 1.0082556250000000E+01     1.1476096523085927E-01
 1.0132593749999998E+01     1.3395559934131218E-01
 1.0182631249999998E+01     1.5289774982758148E-01
 1.0232668749999998E+01     1.7156925212345894E-01
 1.0282706249999999E+01     1.8995194166273732E-01
 1.0332743749999999E+01     2.0802765387920863E-01
 1.0382781249999999E+01     2.2577822420666616E-01
 1.0432818749999999E+01     2.4318548807890206E-01
 1.0482856249999999E+01     2.6023128092970904E-01
 1.0532893749999999E+01     2.7689743819287954E-01
 1.0582931250000000E+01     2.9316579530220638E-01
 1.0632968749999998E+01     3.0901818769148148E-01
 1.0683006249999998E+01     3.2443645079449851E-01
 1.0733043749999998E+01     3.3940242004504934E-01
 1.0783081249999999E+01     3.5389793087692684E-01
 1.0833118749999999E+01     3.6790481872392339E-01
 1.0883156249999999E+01     3.8140491901983153E-01
 1.0933193749999999E+01     3.9438021056044037E-01
 1.0983231249999999E+01     4.0682229244202195E-01
 1.1033268750000000E+01     4.1873829241462113E-01
 1.1083306250000000E+01     4.3013674886016962E-01
 1.1133343749999998E+01     4.4102620016059824E-01
 1.1183381249999998E+01     4.5141518469783898E-01
 1.1233418749999998E+01     4.6131224085382272E-01
 1.1283456249999999E+01     4.7072590701048089E-01
 1.1333493749999999E+01     4.7966472154974488E-01
 1.1383531249999999E+01     4.8813722285354599E-01
 1.1433568749999999E+01     4.9615194930381545E-01
 1.1483606249999999E+01     5.0371743928248491E-01
 1.1533643750000000E+01     5.1084223117148531E-01
 1.1583681250000000E+01     5.1753486335274812E-01
 1.1633718749999998E+01     5.2380387420820473E-01
 1.1683756249999998E+01     5.2965780211978664E-01
 1.1733793749999998E+01     5.3510518546942476E-01
 1.1783831249999999E+01     5.4015456263905071E-01
 1.1833868749999999E+01     5.4481447201059574E-01
 1.1883906249999999E+01     5.4909345196599157E-01
 1.1933943749999999E+01     5.5300004088716881E-01
 1.1983981249999999E+01     5.5654277715605960E-01
 1.2034018750000000E+01     5.5973019915459454E-01
 1.2084056250000000E+01     5.6257084526470513E-01
 1.2134093749999998E+01     5.6507325386832330E-01
 1.2184131249999998E+01     5.6724596334737964E-01
 1.2234168749999998E+01     5.6909751208380599E-01
 1.2284206249999999E+01     5.7063643845953349E-01
 1.2334243749999999E+01     5.7187128085649319E-01
 1.2384281249999999E+01     5.7281057765661680E-01
 1.2434318749999999E+01     5.7346286724183571E-01
 1.2484356249999999E+01     5.7383668799408105E-01
 1.2534393750000000E+01     5.7394057829528400E-01
 1.2584431250000000E+01     5.7378307652737626E-01
 1.2634468749999998E+01     5.7337272107228909E-01
 1.2684506249999998E+01     5.7271805031195366E-01
 1.2734543749999998E+01     5.7182760262830135E-01
 1.2784581249999999E+01     5.7070991640326341E-01
 1.2834618749999999E+01     5.6937353001877145E-01
 1.2884656249999999E+01     5.6782698185675684E-01
 1.2934693749999999E+01     5.6607881029915030E-01
 1.2984731249999999E+01     5.6413755372788388E-01
 1.3034768750000000E+01     5.6201175052488872E-01
 1.3084806249999998E+01     5.5970993907209587E-01
 1.3134843749999998E+01     5.5724065775143683E-01
 1.3184881249999998E+01     5.5461244494484285E-01
 1.3234918749999999E+01     5.5183383903424588E-01
 1.3284956249999999E+01     5.4891337840157650E-01
 1.3334993749999999E+01     5.4585960142876599E-01
 1.3385031249999999E+01     5.4268104649774607E-01
 1.3435068749999999E+01     5.3938625199044821E-01
 1.3485106249999999E+01     5.3598375628880357E-01
 1.3535143750000000E+01     5.3248209777474331E-01
 1.3585181249999998E+01     5.2888981483019915E-01
 1.3635218749999998E+01     5.2521544583710178E-01
 1.3685256249999998E+01     5.2146752917738304E-01
 1.3735293749999999E+01     5.1765460323297430E-01
 1.3785331249999999E+01     5.1378520638580671E-01
 1.3835368749999999E+01     5.0986787701781155E-01
 1.3885406249999999E+01     5.0591115351092031E-01
 1.3935443749999999E+01     5.0192357424706424E-01
 1.3985481249999999E+01     4.9791367760817473E-01
 1.4035518750000000E+01     4.9389000197618305E-01
 1.4085556249999998E+01     4.8986108573302062E-01
 1.4135593749999998E+01     4.8583546726061888E-01
 1.4185631249999998E+01     4.8182168494090860E-01
 1.4235668749999999E+01     4.7782827715582188E-01
 1.4285706249999999E+01     4.7386378228728954E-01
 1.4335743749999999E+01     4.6993673871724306E-01
 1.4385781249999999E+01     4.6605568482761395E-01
 1.4435818749999999E+01     4.6222915900033318E-01
 1.4485856249999999E+01     4.5846569961733241E-01
 1.4535893750000000E+01     4.5477384506054286E-01
 1.4585931249999998E+01     4.5116163554364108E-01
 1.4635968749999998E+01     4.4762938207625136E-01
 1.4686006249999998E+01     4.4417130178003772E-01
 1.4736043749999999E+01     4.4078144647641060E-01
 1.4786081249999999E+01     4.3745386798678021E-01
 1.4836118749999999E+01     4.3418261813255671E-01
 1.4886156249999999E+01     4.3096174873515036E-01
 1.4936193749999999E+01     4.2778531161597155E-01
 1.4986231249999999E+01     4.2464735859643032E-01
 1.5036268750000000E+01     4.2154194149793689E-01
 1.5086306249999998E+01     4.1846311214190179E-01
 1.5136343749999998E+01     4.1540492234973503E-01
 1.5186381249999998E+01     4.1236142394284681E-01
 1.5236418749999999E+01     4.0932666874264734E-01
 1.5286456249999999E+01     4.0629470857054717E-01
 1.5336493749999999E+01     4.0325959524795640E-01
 1.5386531249999999E+01     4.0021538059628503E-01
 1.5436568749999999E+01     3.9715611643694371E-01
 1.5486606249999999E+01     3.9407585459134226E-01
 1.5536643750000000E+01     3.9096864688089134E-01
 1.5586681249999998E+01     3.8782854512700093E-01
 1.5636718749999998E+01     3.8464960115108116E-01
 1.5686756249999998E+01     3.8142586677454249E-01
 1.5736793749999999E+01     3.7815139381879515E-01
 1.5786831249999999E+01     3.7482023410524934E-01
 1.5836868749999999E+01     3.7142643945531512E-01
 1.5886906249999999E+01     3.6796406169040308E-01
 1.5936943749999999E+01     3.6442715263192316E-01
 1.5986981249999999E+01     3.6080976410128596E-01
 1.6037018750000001E+01     3.5710594791990125E-01
 1.6087056250000000E+01     3.5330975590917957E-01
 1.6137093750000002E+01     3.4941523989053108E-01
 1.6187131250000000E+01     3.4541645168536639E-01
 1.6237168750000002E+01     3.4130744311509481E-01
 1.6287206250000001E+01     3.3708226600112767E-01
 1.6337243749999999E+01     3.3273497216487463E-01
 1.6387281250000001E+01     3.2825961342774596E-01
 1.6437318749999999E+01     3.2365024161115197E-01
 1.6487356250000001E+01     3.1890090853650271E-01
 1.6537393750000000E+01     3.1400566602520885E-01
 1.6587431250000002E+01     3.0895856589868004E-01
 1.6637468750000000E+01     3.0375365997832721E-01
 1.6687506250000002E+01     2.9838500008556007E-01
 1.6737543750000000E+01     2.9284663804178912E-01
 1.6787581249999999E+01     2.8713262566842468E-01
 1.6837618750000001E+01     2.8123701478687657E-01
 1.6887656249999999E+01     2.7515385721855551E-01
 1.6937693750000001E+01     2.6887720478487120E-01
 1.6987731250000000E+01     2.6240110930723454E-01
 1.7037768750000001E+01     2.5571962260705505E-01
 1.7087806250000000E+01     2.4882679650574396E-01
 1.7137843750000002E+01     2.4171668282471032E-01
 1.7187881250000000E+01     2.3438333338536549E-01
 1.7237918750000002E+01     2.2682080000911858E-01
 1.7287956250000001E+01     2.1902313451738123E-01
 1.7337993749999999E+01     2.1098438873156269E-01
 1.7388031250000001E+01     2.0269861447307291E-01
 1.7438068749999999E+01     1.9415986356332315E-01
 1.7488106250000001E+01     1.8536218782372252E-01
 1.7538143750000000E+01     1.7629963907568255E-01
 1.7588181250000002E+01     1.6696626914061216E-01
 1.7638218750000000E+01     1.5735612983992295E-01
 1.7688256250000002E+01     1.4746327299502360E-01
 1.7738293750000000E+01     1.3728175042732604E-01
 1.7788331249999999E+01     1.2680561395823964E-01
 1.7838368750000001E+01     1.1602891540917393E-01
 1.7888406249999999E+01     1.0494570660154062E-01
 1.7938443750000001E+01     9.3550039356748493E-02
 1.7988481250000000E+01     8.1835965496209320E-02
 1.8038518750000001E+01     6.9797536841331637E-02
 1.8088556250000000E+01     5.7428805213527528E-02
 1.8138593750000002E+01     4.4723822434205363E-02
 1.8188631250000000E+01     3.1676640324777190E-02
 1.8238668750000002E+01     1.8283819648589019E-02
 1.8288706250000001E+01     4.5570958965409540E-03
 1.8338743749999999E+01    -9.4861195034459233E-03
 1.8388781250000001E+01    -2.3828405247166798E-02
 1.8438818749999999E+01    -3.8452340030413749E-02
 1.8488856250000001E+01    -5.3340502548983072E-02
 1.8538893750000000E+01    -6.8475471498666687E-02
 1.8588931250000002E+01    -8.3839825575260818E-02
 1.8638968750000000E+01    -9.9416143474557808E-02
 1.8689006250000002E+01    -1.1518700389235349E-01
 1.8739043750000000E+01    -1.3113498552444003E-01
 1.8789081249999999E+01    -1.4724266706661282E-01
 1.8839118750000001E+01    -1.6349262721466673E-01
 1.8889156249999999E+01    -1.7986744466439408E-01
 1.8939193750000001E+01    -1.9634969811159081E-01
 1.8989231250000000E+01    -2.1292196625204934E-01
 1.9039268750000002E+01    -2.2956682778156562E-01
 1.9089306250000000E+01    -2.4626686139593162E-01
 1.9139343750000002E+01    -2.6300464579094412E-01
 1.9189381250000000E+01    -2.7976275966239439E-01
 1.9239418749999999E+01    -2.9652378170607796E-01
 1.9289456250000001E+01    -3.1327029061779021E-01
 1.9339493749999999E+01    -3.2998486509332281E-01
 1.9389531250000001E+01    -3.4665008382847246E-01
 1.9439568749999999E+01    -3.6324852551903081E-01
 1.9489606250000001E+01    -3.7976276886079413E-01
 1.9539643750000000E+01    -3.9617539254955469E-01
 1.9589681250000002E+01    -4.1246897528110860E-01
 1.9639718750000000E+01    -4.2862609575124766E-01
 1.9689756250000002E+01    -4.4462933265576843E-01
 1.9739793750000000E+01    -4.6046126469046289E-01
 1.9789831249999999E+01    -4.7610447055112609E-01
 1.9839868750000001E+01    -4.9154152893355324E-01
 1.9889906249999999E+01    -5.0675501853353666E-01
 1.9939943750000001E+01    -5.2172751804687212E-01
 1.9989981250000000E+01    -5.3644160616935221E-01
 2.0040018750000002E+01    -5.5087986159677271E-01
 2.0090056250000000E+01    -5.6502486302492561E-01
 2.0140093750000002E+01    -5.7885918914960754E-01
 2.0190131250000000E+01    -5.9236541866661052E-01
 2.0240168749999999E+01    -6.0552613027172963E-01
 2.0290206250000001E+01    -6.1832390266075954E-01
 2.0340243749999999E+01    -6.3074131452949289E-01
 2.0390281250000001E+01    -6.4276094457372590E-01
 2.0440318749999999E+01    -6.5436537148925000E-01
 2.0490356250000001E+01    -6.6553717397186263E-01
 2.0540393750000000E+01    -6.7625893071735477E-01
 2.0590431250000002E+01    -6.8651322042152274E-01
 2.0640468750000000E+01    -6.9628262178015865E-01
 2.0690506250000002E+01    -7.0554971348905937E-01
 2.0740543750000001E+01    -7.1429707424401667E-01
 2.0790581249999999E+01    -7.2250728274082521E-01
 2.0840618750000001E+01    -7.3016291767528041E-01
 2.0890656249999999E+01    -7.3724655774317460E-01
 2.0940693750000001E+01    -7.4374078164030311E-01
 2.0990731250000000E+01    -7.4962816806245980E-01
 2.1040768750000002E+01    -7.5489129570543878E-01
 2.1090806250000000E+01    -7.5951274326503404E-01
 2.1140843750000002E+01    -7.6347508943704001E-01
 2.1190881250000000E+01    -7.6676091291725013E-01
 2.1240918749999999E+01    -7.6935279240145960E-01
 2.1290956250000001E+01    -7.7123330658546152E-01
 2.1340993749999999E+01    -7.7238503416505089E-01
 2.1391031250000001E+01    -7.7279055383602135E-01
 2.1441068749999999E+01    -7.7243244429416746E-01
 2.1491106250000001E+01    -7.7129328423528221E-01
 2.1541143750000000E+01    -7.6935565235516123E-01
 2.1591181250000002E+01    -7.6660212734959821E-01
 2.1641218750000000E+01    -7.6301528791438689E-01
 2.1691256250000002E+01    -7.5857771274532082E-01
 2.1741293750000001E+01    -7.5327198053819600E-01
 2.1791331249999999E+01    -7.4708066998880529E-01
 2.1841368750000001E+01    -7.3998637869624717E-01
 2.1891406249999999E+01    -7.3198256805882311E-01
 2.1941443750000001E+01    -7.2309174405238563E-01
 2.1991481250000000E+01    -7.1334121479229640E-01
 2.2041518750000002E+01    -7.0275828839391352E-01
 2.2091556250000000E+01    -6.9137027297259901E-01
 2.2141593750000002E+01    -6.7920447664371131E-01
 2.2191631250000000E+01    -6.6628820752261175E-01
 2.2241668749999999E+01    -6.5264877372466079E-01
 2.2291706250000001E+01    -6.3831348336521609E-01
 2.2341743749999999E+01    -6.2330964455964100E-01
 2.2391781250000001E+01    -6.0766456542329250E-01
 2.2441818749999999E+01    -5.9140555407153383E-01
 2.2491856250000001E+01    -5.7455991861972200E-01
 2.2541893750000000E+01    -5.5715496718322022E-01
 2.2591931250000002E+01    -5.3921800787738561E-01
 2.2641968750000000E+01    -5.2077634881758095E-01
 2.2692006249999999E+01    -5.0185729811916513E-01
 2.2742043750000001E+01    -4.8248816389749705E-01
 2.2792081249999999E+01    -4.6269625426793942E-01
 2.2842118750000001E+01    -4.4250887734584965E-01
 2.2892156249999999E+01    -4.2195334124659012E-01
 2.2942193750000001E+01    -4.0105695408551917E-01
 2.2992231250000000E+01    -3.7984702397799858E-01
 2.3042268750000002E+01    -3.5835085903938674E-01
 2.3092306250000000E+01    -3.3659576738504565E-01
 2.3142343750000002E+01    -3.1460905713033310E-01
 2.3192381250000000E+01    -2.9241803639061209E-01
 2.3242418749999999E+01    -2.7005001328124134E-01
 2.3292456250000001E+01    -2.4753229591757869E-01
 2.3342493749999999E+01    -2.2489219241498842E-01
 2.3392531250000001E+01    -2.0215701088882676E-01
 2.3442568750000000E+01    -1.7935405945445748E-01
 2.3492606250000001E+01    -1.5651064622723693E-01
 2.3542643750000000E+01    -1.3365407932252876E-01
 2.3592681250000002E+01    -1.1081166685569008E-01
 2.3642718750000000E+01    -8.8010716942083705E-02
 2.3692756249999999E+01    -6.5278537697068623E-02
 2.3742793750000001E+01    -4.2642437236003111E-02
 2.3792831249999999E+01    -2.0129723674250678E-02
 2.3842868750000001E+01     2.2322948728320724E-03
 2.3892906249999999E+01     2.4416310289881699E-02
 2.3942943750000001E+01     4.6395014461541206E-02
 2.3992981250000000E+01     6.8141099272447395E-02
 2.4043018750000002E+01     8.9627256607242939E-02
 2.4093056250000000E+01     1.1082617835056544E-01
 2.4143093750000002E+01     1.3171055638705700E-01
 2.4193131250000000E+01     1.5225308260135512E-01
 2.4243168749999999E+01     1.7242644887810057E-01
 2.4293206250000001E+01     1.9220334710193510E-01
 2.4343243749999999E+01     2.1155646915749587E-01
 2.4393281250000001E+01     2.3045850692942510E-01
 2.4443318750000000E+01     2.4888215230236024E-01
 2.4493356250000001E+01     2.6680009716094377E-01
 2.4543393750000000E+01     2.8418503338981310E-01
 2.4593431250000002E+01     3.0100965287361037E-01
 2.4643468750000000E+01     3.1724664749697323E-01
 2.4693506249999999E+01     3.3286870914454286E-01
 2.4743543750000001E+01     3.4784852970096003E-01
 2.4793581249999999E+01     3.6215880105086240E-01
 2.4843618750000001E+01     3.7577221507889230E-01
 2.4893656249999999E+01     3.8866146366968723E-01
 2.4943693750000001E+01     4.0079923870788925E-01
 2.4993731250000000E+01     4.1215823207813662E-01
 2.5043768750000002E+01     4.2271113566507035E-01
 2.5093806250000000E+01     4.3243064135332898E-01
 2.5143843750000002E+01     4.4128944102755407E-01
 2.5193881250000000E+01     4.4926022657238401E-01
 2.5243918749999999E+01     4.5631568987245952E-01
 2.5293956250000001E+01     4.6242852281242053E-01
 2.5343993749999999E+01     4.6757141727690626E-01
 2.5394031250000001E+01     4.7171706515055761E-01
 2.5444068750000000E+01     4.7483815831801351E-01
 2.5494106250000002E+01     4.7690799895064218E-01
 2.5544143750000000E+01     4.7792238778744867E-01
 2.5594181250000002E+01     4.7790566170418525E-01
 2.5644218750000000E+01     4.7688399680834692E-01
 2.5694256249999999E+01     4.7488356920742963E-01
 2.5744293750000001E+01     4.7193055500892789E-01
 2.5794331249999999E+01     4.6805113032033779E-01
 2.5844368750000001E+01     4.6327147124915369E-01
 2.5894406249999999E+01     4.5761775390287224E-01
 2.5944443750000001E+01     4.5111615438898744E-01
 2.5994481250000000E+01     4.4379284881499548E-01
 2.6044518750000002E+01     4.3567401328839150E-01
 2.6094556250000000E+01     4.2678582391667097E-01
 2.6144593749999999E+01     4.1715445680732899E-01
 2.6194631250000000E+01     4.0680608806786034E-01
 2.6244668749999999E+01     3.9576689380576158E-01
 2.6294706250000001E+01     3.8406305012852643E-01
 2.6344743749999999E+01     3.7172073314365212E-01
 2.6394781250000001E+01     3.5876611895863186E-01
 2.6444818750000000E+01     3.4522538368096334E-01
 2.6494856250000002E+01     3.3112470341813960E-01
 2.6544893750000000E+01     3.1649025427765787E-01
 2.6594931250000002E+01     3.0134821236701159E-01
 2.6644968750000000E+01     2.8572475379369833E-01
 2.6695006249999999E+01     2.6964605466521202E-01
 2.6745043750000001E+01     2.5313829108904712E-01
 2.6795081249999999E+01     2.3622763917270131E-01
 2.6845118750000001E+01     2.1894027502366714E-01
 2.6895156249999999E+01     2.0130237474944260E-01
 2.6945193750000001E+01     1.8334011445752066E-01
 2.6995231250000000E+01     1.6507967025539888E-01
 2.7045268750000002E+01     1.4654721825057054E-01
 2.7095306250000000E+01     1.2776893455053298E-01
 2.7145343749999999E+01     1.0877099526278050E-01
 2.7195381250000001E+01     8.9579576494807023E-02
 2.7245418749999999E+01     7.0220854354110712E-02
 2.7295456250000001E+01     5.0721004948183795E-02
 2.7345493749999999E+01     3.1106204384524657E-02
 2.7395531250000001E+01     1.1402628770625882E-02
 2.7445568750000000E+01    -8.3635457860145070E-03
 2.7495606250000002E+01    -2.8166143177904019E-02
 2.7545643750000000E+01    -4.7978987297544441E-02
 2.7595681250000002E+01    -6.7775902037443339E-02
 2.7645718750000000E+01    -8.7530711290102758E-02
 2.7695756249999999E+01    -1.0721723894802832E-01
 2.7745793750000001E+01    -1.2680930890372660E-01
 2.7795831249999999E+01    -1.4628074504969898E-01
 2.7845868750000001E+01    -1.6560537127845323E-01
 2.7895906249999999E+01    -1.8475701148249135E-01
 2.7945943750000001E+01    -2.0370948955432044E-01
 2.7995981250000000E+01    -2.2243662938644276E-01
 2.8046018750000002E+01    -2.4091225487136558E-01
 2.8096056250000000E+01    -2.5911018990159063E-01
 2.8146093749999999E+01    -2.7700425836962450E-01
 2.8196131250000001E+01    -2.9456828416797248E-01
 2.8246168749999999E+01    -3.1177609118913741E-01
 2.8296206250000001E+01    -3.2860150332562565E-01
 2.8346243749999999E+01    -3.4501834446994040E-01
 2.8396281250000001E+01    -3.6100043851458774E-01
 2.8446318750000000E+01    -3.7652160935207057E-01
 2.8496356250000002E+01    -3.9155568087489578E-01
 2.8546393750000000E+01    -4.0607647697556576E-01
 2.8596431250000002E+01    -4.2005782154658727E-01
 2.8646468750000000E+01    -4.3347353848046322E-01
 2.8696506249999999E+01    -4.4629745166969892E-01
 2.8746543750000001E+01    -4.5850338500680021E-01
 2.8796581249999999E+01    -4.7006516238427004E-01
 2.8846618750000001E+01    -4.8095660769461457E-01
 2.8896656249999999E+01    -4.9115154483033702E-01
 2.8946693750000001E+01    -5.0062379768394294E-01
 2.8996731250000000E+01    -5.0934719014793672E-01
 2.9046768750000002E+01    -5.1729554611482342E-01
 2.9096806250000000E+01    -5.2444268947710704E-01
 2.9146843749999999E+01    -5.3076468013977596E-01
 2.9196881250000001E+01    -5.3626219269575248E-01
 2.9246918749999999E+01    -5.4095115101183155E-01
 2.9296956250000001E+01    -5.4484770619992962E-01
 2.9346993749999999E+01    -5.4796800937196211E-01
 2.9397031250000001E+01    -5.5032821163984547E-01
 2.9447068750000000E+01    -5.5194446411549425E-01
 2.9497106250000002E+01    -5.5283291791082589E-01
 2.9547143750000000E+01    -5.5300972413775518E-01
 2.9597181249999998E+01    -5.5249103390819843E-01
 2.9647218750000000E+01    -5.5129299833407130E-01
 2.9697256249999999E+01    -5.4943176852729003E-01
 2.9747293750000001E+01    -5.4692349559976949E-01
 2.9797331249999999E+01    -5.4378433066342646E-01
 2.9847368750000001E+01    -5.4003042483017671E-01
 2.9897406250000000E+01    -5.3567792921193591E-01
 2.9947443750000001E+01    -5.3074299492061949E-01
 2.9997481250000000E+01    -5.2524177306814424E-01
 3.0047518750000002E+01    -5.1919041476642502E-01
 3.0097556250000000E+01    -5.1260507112737863E-01
 3.0147593749999999E+01    -5.0550189326292028E-01
 3.0197631250000001E+01    -4.9789703228496579E-01
 3.0247668749999999E+01    -4.8980663930543133E-01
 3.0297706250000001E+01    -4.8124686543623230E-01
 3.0347743749999999E+01    -4.7223386178928528E-01
 3.0397781250000001E+01    -4.6278377947650512E-01
 3.0447818750000000E+01    -4.5291276960980942E-01
 3.0497856250000002E+01    -4.4263698330111156E-01
 3.0547893750000000E+01    -4.3197257166232989E-01
 3.0597931249999998E+01    -4.2093568580537860E-01
 3.0647968750000000E+01    -4.0954247684217349E-01
 3.0698006249999999E+01    -3.9780909588463170E-01
 3.0748043750000001E+01    -3.8575169404466764E-01
 3.0798081249999999E+01    -3.7338642243419856E-01
 3.0848118750000001E+01    -3.6072943216513870E-01
 3.0898156250000000E+01    -3.4779687434940598E-01
 3.0948193750000002E+01    -3.3460490009891375E-01
 3.0998231250000000E+01    -3.2116966052558038E-01
 3.1048268750000002E+01    -3.0750730674131943E-01
 3.1098306250000000E+01    -2.9363398985804884E-01
 3.1148343749999999E+01    -2.7956586098768355E-01
 3.1198381250000001E+01    -2.6531907124213849E-01
 3.1248418749999999E+01    -2.5090977173333101E-01
 3.1298456250000001E+01    -2.3635411357317548E-01
 3.1348493749999999E+01    -2.2166824787358957E-01
 3.1398531250000001E+01    -2.0686832574648714E-01
 3.1448568750000000E+01    -1.9197049830378596E-01
 3.1498606250000002E+01    -1.7699091665739994E-01
 3.1548643750000000E+01    -1.6194573191924713E-01
 3.1598681249999998E+01    -1.4685109520124198E-01
 3.1648718750000000E+01    -1.3172315761529982E-01
 3.1698756249999999E+01    -1.1657807027333823E-01
 3.1748793750000001E+01    -1.0143198428727083E-01
 3.1798831249999999E+01    -8.6301050769015855E-02
 3.1848868750000001E+01    -7.1201420830486875E-02
 3.1898906250000000E+01    -5.6149245583602236E-02
 3.1948943750000002E+01    -4.1160676140275083E-02
 3.1998981250000000E+01    -2.6251863612423893E-02
 3.2049018750000002E+01    -1.1438959111962167E-02
 3.2099056249999997E+01     3.2618862491913692E-03
 3.2149093749999999E+01     1.7834521359124479E-02
 3.2199131250000001E+01     3.2262795105919569E-02
 3.2249168750000003E+01     4.6530556377660535E-02
 3.2299206249999997E+01     6.0621654062429670E-02
 3.2349243749999999E+01     7.4519937048315540E-02
 3.2399281250000001E+01     8.8209254223399591E-02
 3.2449318750000003E+01     1.0167345447576623E-01
 3.2499356249999998E+01     1.1489638669349803E-01
 3.2549393750000000E+01     1.2786189976468240E-01
 3.2599431250000002E+01     1.4055384257740200E-01
 3.2649468749999997E+01     1.5295606401973902E-01
 3.2699506249999999E+01     1.6505241297978110E-01
 3.2749543750000001E+01     1.7682673834561097E-01
 3.2799581250000003E+01     1.8826571678576026E-01
 3.2849618749999998E+01     1.9936899074364056E-01
 3.2899656250000000E+01     2.1013991654816472E-01
 3.2949693750000002E+01     2.2058185083358400E-01
 3.2999731250000004E+01     2.3069815023415119E-01
 3.3049768749999998E+01     2.4049217138411749E-01
 3.3099806250000000E+01     2.4996727091773860E-01
 3.3149843750000002E+01     2.5912680546926592E-01
 3.3199881249999997E+01     2.6797413167295114E-01
 3.3249918749999999E+01     2.7651260616304929E-01
 3.3299956250000001E+01     2.8474558557381197E-01
 3.3349993750000003E+01     2.9267642653949189E-01
 3.3400031249999998E+01     3.0030848569434088E-01
 3.3450068750000000E+01     3.0764511967261393E-01
 3.3500106250000002E+01     3.1468968510856266E-01
 3.3550143749999997E+01     3.2144553863643899E-01
 3.3600181249999999E+01     3.2791603689049720E-01
 3.3650218750000001E+01     3.3410453650498961E-01
 3.3700256250000002E+01     3.4001439411416895E-01
 3.3750293749999997E+01     3.4564896635228681E-01
 3.3800331249999999E+01     3.5101160985359797E-01
 3.3850368750000001E+01     3.5610568125235426E-01
 3.3900406250000003E+01     3.6093453718280843E-01
 3.3950443749999998E+01     3.6550153427921267E-01
 3.4000481250000000E+01     3.6981002917582095E-01
 3.4050518750000002E+01     3.7386337850688567E-01
 3.4100556249999997E+01     3.7766493890665892E-01
 3.4150593749999999E+01     3.8121806700939431E-01
 3.4200631250000001E+01     3.8452611944934462E-01
 3.4250668750000003E+01     3.8759245286076205E-01
 3.4300706249999998E+01     3.9042042387789921E-01
 3.4350743749999999E+01     3.9301338913500994E-01
 3.4400781250000001E+01     3.9537470526634622E-01
 3.4450818750000003E+01     3.9750772890616126E-01
 3.4500856249999998E+01     3.9941581668870690E-01
 3.4550893750000000E+01     4.0110232524823730E-01
 3.4600931250000002E+01     4.0257061121900434E-01
 3.4650968749999997E+01     4.0382403123526101E-01
 3.4701006249999999E+01     4.0486594193126019E-01
 3.4751043750000001E+01     4.0569969994125465E-01
 3.4801081250000003E+01     4.0632866189949690E-01
 3.4851118749999998E+01     4.0675618444023998E-01
 3.4901156250000000E+01     4.0698562419773660E-01
 3.4951193750000002E+01     4.0702033780623958E-01
 3.5001231250000004E+01     4.0686368190000177E-01
 3.5051268749999998E+01     4.0651901311327582E-01
 3.5101306250000000E+01     4.0598968808031444E-01
 3.5151343750000002E+01     4.0527906343537062E-01
 3.5201381249999997E+01     4.0439049581269704E-01
 3.5251418749999999E+01     4.0332734184654645E-01
 3.5301456250000001E+01     4.0209295817117163E-01
 3.5351493750000003E+01     4.0069070142082525E-01
 3.5401531249999998E+01     3.9912392822976062E-01
 3.5451568750000000E+01     3.9739599523222985E-01
 3.5501606250000002E+01     3.9551025906248588E-01
 3.5551643749999997E+01     3.9347007635478204E-01
 3.5601681249999999E+01     3.9127880374337037E-01
 3.5651718750000001E+01     3.8893979786250404E-01
 3.5701756250000003E+01     3.8645641534643554E-01
 3.5751793749999997E+01     3.8383201282941837E-01
 3.5801831249999999E+01     3.8106994694570451E-01
 3.5851868750000001E+01     3.7817357432954690E-01
 3.5901906250000003E+01     3.7514625161519838E-01
 3.5951943749999998E+01     3.7199133543691243E-01
 3.6001981250000000E+01     3.6871218242894066E-01
 3.6052018750000002E+01     3.6531214922553651E-01
 3.6102056249999997E+01     3.6179459246095308E-01
 3.6152093749999999E+01     3.5816286876944226E-01
 3.6202131250000001E+01     3.5442033478525725E-01
 3.6252168750000003E+01     3.5057034714265090E-01
 3.6302206249999998E+01     3.4661626247587640E-01
 3.6352243750000000E+01     3.4256143741918571E-01
 3.6402281250000001E+01     3.3840922860683187E-01
 3.6452318750000003E+01     3.3416299267306804E-01
 3.6502356249999998E+01     3.2982608625214704E-01
 3.6552393750000000E+01     3.2540186597832105E-01
 3.6602431250000002E+01     3.2089368848584299E-01
 3.6652468749999997E+01     3.1630491040896630E-01
 3.6702506249999999E+01     3.1163888838194292E-01
 3.6752543750000001E+01     3.0689897903902574E-01
 3.6802581250000003E+01     3.0208853901446797E-01
 3.6852618749999998E+01     2.9721092494252277E-01
 3.6902656250000000E+01     2.9226949345744185E-01
 3.6952693750000002E+01     2.8726760119347844E-01
 3.7002731249999997E+01     2.8220860478488596E-01
 3.7052768749999998E+01     2.7709586086591598E-01
 3.7102806250000000E+01     2.7193272607082197E-01
 3.7152843750000002E+01     2.6672255703385661E-01
 3.7202881249999997E+01     2.6146871038927350E-01
 3.7252918749999999E+01     2.5617454277132390E-01
 3.7302956250000001E+01     2.5084341081426120E-01
 3.7352993750000003E+01     2.4547867115233846E-01
 3.7403031249999998E+01     2.4008368041980904E-01
 3.7453068750000000E+01     2.3466179525092426E-01
 3.7503106250000002E+01     2.2921637227993766E-01
 3.7553143749999997E+01     2.2375076814110273E-01
 3.7603181249999999E+01     2.1826833946867080E-01
 3.7653218750000001E+01     2.1277244289689529E-01
 3.7703256250000003E+01     2.0726643506002917E-01
 3.7753293749999997E+01     2.0175367259232582E-01
 3.7803331249999999E+01     1.9623751212803658E-01
 3.7853368750000001E+01     1.9072131030141495E-01
 3.7903406250000003E+01     1.8520842374671381E-01
 3.7953443749999998E+01     1.7970220909818654E-01
 3.8003481250000000E+01     1.7420602299008456E-01
 3.8053518750000002E+01     1.6872322205666127E-01
 3.8103556249999997E+01     1.6325716293217027E-01
 3.8153593749999999E+01     1.5781120225086284E-01
 3.8203631250000001E+01     1.5238869664699251E-01
 3.8253668750000003E+01     1.4699300275481209E-01
 3.8303706249999998E+01     1.4162747720857499E-01
 3.8353743750000000E+01     1.3629547664253264E-01
 3.8403781250000002E+01     1.3100035769093854E-01
 3.8453818749999996E+01     1.2574547698804617E-01
 3.8503856249999998E+01     1.2053419116810687E-01
 3.8553893750000000E+01     1.1536985686537410E-01
 3.8603931250000002E+01     1.1025583071410068E-01
 3.8653968749999997E+01     1.0519546934854007E-01
 3.8704006249999999E+01     1.0019212940294368E-01
 3.8754043750000001E+01     9.5249167511565008E-02
 3.8804081250000003E+01     9.0369940308656790E-02
 3.8854118749999998E+01     8.5557804428472523E-02
 3.8904156250000000E+01     8.0816116505263574E-02
 3.8954193750000002E+01     7.6148233173283453E-02
 3.9004231249999997E+01     7.1557511066785609E-02
 3.9054268749999999E+01     6.7047306820021441E-02
 3.9104306250000000E+01     6.2620977067244482E-02
 3.9154343750000002E+01     5.8281878442707415E-02
 3.9204381249999997E+01     5.4033367580663703E-02
 3.9254418749999999E+01     4.9878801115364885E-02
 3.9304456250000001E+01     4.5821535681064354E-02
 3.9354493750000003E+01     4.1864927912014877E-02
 3.9404531249999998E+01     3.8012334442469792E-02
 3.9454568750000000E+01     3.4267111906680789E-02
 3.9504606250000002E+01     3.0632616938901201E-02
 3.9554643749999997E+01     2.7112206173384296E-02
 3.9604681249999999E+01     2.3709236244381853E-02
 3.9654718750000001E+01     2.0427063786147170E-02
 3.9704756250000003E+01     1.7269045432933026E-02
 3.9754793749999997E+01     1.4238537818992619E-02
 3.9804831249999999E+01     1.1338897578577870E-02
 3.9854868750000001E+01     8.5734813459420051E-03
 3.9904906250000003E+01     5.9456457553377995E-03
 3.9954943749999998E+01     3.4587474410183814E-03
 4.0004981250000000E+01     1.1161430372358251E-03
