# n_row: 16 n_col: 16
# row  col                       real                       imag
    0   15    -5.9993045787050536E-01     8.0005215187466727E-01
    1   14    -8.5184321319690259E-01     5.2379685005770749E-01
    2   13     8.5808615526795173E-01    -5.1350574498973700E-01
    3   12     9.8671479851688815E-01    -1.6246201521517781E-01
    4   11    -1.9505048994412916E-01     9.8079320265413505E-01
    5   10    -5.4164179183573369E-01     8.4060940355017189E-01
    6    9     5.5172050081405510E-01    -8.3402906962616619E-01
    7    8     8.1948152941237318E-01    -5.7310559494037194E-01
    8    7     8.1948152941237318E-01     5.7310559494037194E-01
    9    6     5.5172050081405510E-01     8.3402906962616619E-01
   10    5    -5.4164179183573369E-01    -8.4060940355017189E-01
   11    4    -1.9505048994412916E-01    -9.8079320265413505E-01
   12    3     9.8671479851688815E-01     1.6246201521517781E-01
   13    2     8.5808615526795173E-01     5.1350574498973700E-01
   14    1    -8.5184321319690259E-01    -5.2379685005770749E-01
   15    0    -5.9993045787050536E-01    -8.0005215187466727E-01
