# n_row: 16
# col                       real                       imag
    0     4.1472907320717978E-03     1.1471294468845361E-03
    1    -1.2429780522074233E-05    -3.3981579198853783E-04
    2    -1.1649293275428520E-04     5.2433513292410141E-03
    3    -2.0076660371699077E-03     3.9264506053182317E-02
    4    -6.9694185426441113E-01    -2.2573470179596863E-01
    5     1.1312792386879893E-03    -2.5347963898109864E-04
    6     3.9936653355706151E-03     1.5709243388080856E-03
    7    -1.6357335212350221E-02    -2.7133450031639977E-04
    8     1.5564157202673545E-02     8.2859593207380705E-03
    9    -1.3885888974270598E-03     3.8219091957480975E-03
   10    -2.4249296958683275E-03    -6.3061295325871295E-03
   11     2.0881872628100082E-01    -6.4598689401599685E-01
   12     1.0722154757764365E-02    -2.0373423569688384E-04
   13    -4.5804614929535383E-03    -3.0965383438581468E-04
   14    -7.1783860273480531E-05     1.5747710712584956E-04
   15    -1.0462159745131909E-03     4.6916148539948152E-03
