#                  time                       real
 1.8749999999999999E-02     9.1813922494592207E-03
 5.6249999999999994E-02     2.6169757613790097E-02
 9.3750000000000000E-02     4.1393678494973871E-02
 1.3124999999999998E-01     5.4944194011870943E-02
 1.6874999999999998E-01     6.6919994024263185E-02
 2.0624999999999999E-01     7.7423540618344985E-02
 2.4374999999999997E-01     8.6556841187403144E-02
 2.8125000000000000E-01     9.4417182212650774E-02
 3.1874999999999998E-01     1.0109313297378061E-01
 3.5624999999999996E-01     1.0666110870655315E-01
 3.9374999999999999E-01     1.1118274437943844E-01
 4.3124999999999997E-01     1.1470327566594739E-01
 4.6874999999999994E-01     1.1725105627365150E-01
 5.0624999999999998E-01     1.1883826484395441E-01
 5.4375000000000007E-01     1.1946277506617980E-01
 5.8125000000000004E-01     1.1911108469257729E-01
 6.1875000000000002E-01     1.1776212803306188E-01
 6.5625000000000000E-01     1.1539173712640548E-01
 6.9374999999999998E-01     1.1197747328294533E-01
 7.3125000000000007E-01     1.0750352616833675E-01
 7.6875000000000004E-01     1.0196537380681160E-01
 8.0625000000000002E-01     9.5373914063223805E-02
 8.4375000000000000E-01     8.7758814971723054E-02
 8.8124999999999998E-01     7.9170884870646094E-02
 9.1874999999999996E-01     6.9683329556612217E-02
 9.5625000000000004E-01     5.9391837537152499E-02
 9.9375000000000002E-01     4.8413510404965901E-02
 1.0312500000000000E+00     3.7061850352807443E-02
 1.0687500000000001E+00     2.5772537216990746E-02
 1.1062500000000000E+00     1.4633809267706374E-02
 1.1437500000000000E+00     3.7265241679208731E-03
 1.1812499999999999E+00    -6.8684338308406950E-03
 1.2187500000000000E+00    -1.7070161274754164E-02
 1.2562500000000001E+00    -2.6797744523122675E-02
 1.2937500000000000E+00    -3.5970270610043181E-02
 1.3312500000000000E+00    -4.4506840128704858E-02
 1.3687499999999999E+00    -5.2326582265570312E-02
 1.4062500000000000E+00    -5.9348672055290708E-02
 1.4437500000000001E+00    -6.5492349865147750E-02
 1.4812500000000000E+00    -7.0676943052193117E-02
 1.5187500000000000E+00    -7.4821889669483083E-02
 1.5562499999999999E+00    -7.7846764032641513E-02
 1.5937500000000000E+00    -7.9671303897366541E-02
 1.6312500000000001E+00    -8.0215438945282394E-02
 1.6687500000000000E+00    -7.9399320232436177E-02
 1.7062500000000000E+00    -7.7143350223801616E-02
 1.7437499999999999E+00    -7.3368213019688225E-02
 1.7812500000000000E+00    -6.7994904375973594E-02
 1.8187499999999999E+00    -6.0944761128056732E-02
 1.8562500000000000E+00    -5.2139489644917311E-02
 1.8937500000000000E+00    -4.1501192958863467E-02
 1.9312499999999999E+00    -2.8952396230062280E-02
 1.9687500000000000E+00    -1.4416070201412282E-02
 2.0062499999999996E+00     2.1841824483314620E-03
 2.0437499999999997E+00     2.0868241752189501E-02
 2.0812499999999998E+00     4.1518144249553912E-02
 2.1187499999999999E+00     6.3994810144284056E-02
 2.1562499999999996E+00     8.8158772809293753E-02
 2.1937499999999996E+00     1.1387025833725309E-01
 2.2312499999999997E+00     1.4098927289845167E-01
 2.2687499999999998E+00     1.6937569856875759E-01
 2.3062499999999999E+00     1.9888939845458065E-01
 2.3437499999999996E+00     2.2939033198920203E-01
 2.3812499999999996E+00     2.6073868116162102E-01
 2.4187499999999997E+00     2.9279498812941529E-01
 2.4562499999999998E+00     3.2542030413749978E-01
 2.4937499999999999E+00     3.5847634890764341E-01
 2.5312499999999996E+00     3.9182567869183327E-01
 2.5687499999999996E+00     4.2533186003259993E-01
 2.6062499999999997E+00     4.5885964500800186E-01
 2.6437499999999998E+00     4.9227514244797166E-01
 2.6812499999999999E+00     5.2544597840655882E-01
 2.7187499999999996E+00     5.5824143819406058E-01
 2.7562499999999996E+00     5.9053258165501410E-01
 2.7937499999999997E+00     6.2219232325608054E-01
 2.8312499999999998E+00     6.5309546903017113E-01
 2.8687499999999999E+00     6.8311870357135152E-01
 2.9062499999999996E+00     7.1214052208431866E-01
 2.9437499999999996E+00     7.4004110487503805E-01
 2.9812499999999997E+00     7.6670213444559310E-01
 3.0187499999999998E+00     7.9200884444079134E-01
 3.0562499999999999E+00     8.1590002909560722E-01
 3.0937499999999996E+00     8.3836769916208709E-01
 3.1312499999999996E+00     8.5940638953639281E-01
 3.1687499999999997E+00     8.7901046485673162E-01
 3.2062499999999998E+00     8.9717372513871885E-01
 3.2437499999999999E+00     9.1388902538629446E-01
 3.2812499999999996E+00     9.2914790515022350E-01
 3.3187499999999996E+00     9.4294022178544767E-01
 3.3562499999999997E+00     9.5525378039272235E-01
 3.3937499999999998E+00     9.6607395440942045E-01
 3.4312499999999999E+00     9.7538329366727794E-01
 3.4687499999999996E+00     9.8316112140026946E-01
 3.5062499999999996E+00     9.8938312789592819E-01
 3.5437499999999997E+00     9.9402097575441739E-01
 3.5812499999999998E+00     9.9704193935820551E-01
 3.6187499999999995E+00     9.9840860828354672E-01
 3.6562499999999996E+00     9.9807868999208449E-01
 3.6937499999999996E+00     9.9600495016534696E-01
 3.7312499999999997E+00     9.9213532848978681E-01
 3.7687499999999998E+00     9.8641326277735786E-01
 3.8062499999999995E+00     9.7877824459658480E-01
 3.8437499999999996E+00     9.6916661519318437E-01
 3.8812499999999996E+00     9.5751259213681572E-01
 3.9187499999999997E+00     9.4374949626405713E-01
 3.9562499999999998E+00     9.2781112714733727E-01
 3.9937499999999995E+00     9.0963321600516356E-01
 4.0312500000000000E+00     8.8918031078361437E-01
 4.0687499999999996E+00     8.6659079629559421E-01
 4.1062499999999993E+00     8.4207781040782204E-01
 4.1437499999999998E+00     8.1586109897719450E-01
 4.1812499999999995E+00     7.8816707281667420E-01
 4.2187500000000000E+00     7.5922872071593905E-01
 4.2562499999999996E+00     7.2928521543734703E-01
 4.2937499999999993E+00     6.9858127190487995E-01
 4.3312499999999998E+00     6.6736632772185944E-01
 4.3687499999999995E+00     6.3589361919082488E-01
 4.4062500000000000E+00     6.0441922216679855E-01
 4.4437499999999996E+00     5.7320111798680562E-01
 4.4812499999999993E+00     5.4249833230141431E-01
 4.5187499999999998E+00     5.1257018077900507E-01
 4.5562499999999995E+00     4.8367564198846169E-01
 4.5937500000000000E+00     4.5607286551816123E-01
 4.6312499999999996E+00     4.3001881333741354E-01
 4.6687499999999993E+00     4.0576902490815092E-01
 4.7062499999999998E+00     3.8357749162182508E-01
 4.7437499999999995E+00     3.6369662353376087E-01
 4.7812500000000000E+00     3.4637729071263801E-01
 4.8187499999999996E+00     3.3186892237518345E-01
 4.8562499999999993E+00     3.2041964890107499E-01
 4.8937499999999998E+00     3.1227647443633222E-01
 4.9312499999999995E+00     3.0768547078249397E-01
 4.9687500000000000E+00     3.0689198639597526E-01
 5.0062499999999996E+00     3.1014038605443517E-01
 5.0437499999999993E+00     3.1751158387964501E-01
 5.0812499999999998E+00     3.2868645885487235E-01
 5.1187499999999995E+00     3.4328593971726507E-01
 5.1562500000000000E+00     3.6093139858627199E-01
 5.1937499999999996E+00     3.8124484841774953E-01
 5.2312499999999993E+00     4.0384911437465509E-01
 5.2687499999999998E+00     4.2836797621551886E-01
 5.3062499999999995E+00     4.5442627571646055E-01
 5.3437500000000000E+00     4.8164998040377177E-01
 5.3812499999999996E+00     5.0966619267819335E-01
 5.4187499999999993E+00     5.3810309200310591E-01
 5.4562499999999998E+00     5.6658979749467231E-01
 5.4937499999999995E+00     5.9475613930470872E-01
 5.5312500000000000E+00     6.2223232992558009E-01
 5.5687499999999996E+00     6.4864853120450039E-01
 5.6062499999999993E+00     6.7363431953164821E-01
 5.6437499999999998E+00     6.9681806025293203E-01
 5.6812499999999995E+00     7.1782621246459444E-01
 5.7187500000000000E+00     7.3628259625196069E-01
 5.7562499999999996E+00     7.5180766507600727E-01
 5.7937499999999993E+00     7.6401783503118414E-01
 5.8312499999999998E+00     7.7252492856319732E-01
 5.8687499999999995E+00     7.7693579143303881E-01
 5.9062500000000000E+00     7.7685213700467715E-01
 5.9437499999999996E+00     7.7187066064010479E-01
 5.9812499999999993E+00     7.6158344924705124E-01
 6.0187499999999998E+00     7.4559770699150252E-01
 6.0562499999999995E+00     7.2395515444856151E-01
 6.0937500000000000E+00     6.9713325095299394E-01
 6.1312499999999996E+00     6.6562813880742877E-01
 6.1687499999999993E+00     6.2993695243036063E-01
 6.2062499999999998E+00     5.9055898629840287E-01
 6.2437499999999995E+00     5.4799664070719167E-01
 6.2812500000000000E+00     5.0275611118150443E-01
 6.3187499999999996E+00     4.5534781313907241E-01
 6.3562499999999993E+00     4.0628655577030665E-01
 6.3937499999999998E+00     3.5609149610254276E-01
 6.4312499999999995E+00     3.0528591500654612E-01
 6.4687500000000000E+00     2.5439686157296254E-01
 6.5062499999999996E+00     2.0395471167008022E-01
 6.5437499999999993E+00     1.5449268187164056E-01
 6.5812499999999998E+00     1.0654633276366869E-01
 6.6187499999999995E+00     6.0653087290230931E-02
 6.6562500000000000E+00     1.7351781451159159E-02
 6.6937499999999996E+00    -2.2817742806774087E-02
 6.7312499999999993E+00    -5.9314998703399950E-02
 6.7687499999999998E+00    -9.1599170282683176E-02
 6.8062499999999995E+00    -1.1912938576965880E-01
 6.8437500000000000E+00    -1.4136495282872319E-01
 6.8812499999999996E+00    -1.5776555968555095E-01
 6.9187499999999993E+00    -1.6779144491596515E-01
 6.9562499999999998E+00    -1.7090353704250952E-01
 6.9937499999999995E+00    -1.6656356335099279E-01
 7.0312500000000000E+00    -1.5434949246212612E-01
 7.0687499999999996E+00    -1.3460716232170108E-01
 7.1062499999999993E+00    -1.0799618012849699E-01
 7.1437499999999998E+00    -7.5177903849986252E-02
 7.1812499999999995E+00    -3.6814434089920384E-02
 7.2187499999999991E+00     6.4314699926364093E-03
 7.2562499999999996E+00     5.3896462425192665E-02
 7.2937499999999993E+00     1.0491665850585150E-01
 7.3312499999999998E+00     1.5882764867224797E-01
 7.3687499999999995E+00     2.1496446937561725E-01
 7.4062499999999991E+00     2.7266152502613478E-01
 7.4437499999999996E+00     3.3125245895762662E-01
 7.4812499999999993E+00     3.9006997614939320E-01
 7.5187499999999998E+00     4.4844562589932052E-01
 7.5562499999999995E+00     5.0570955839918952E-01
 7.5937499999999991E+00     5.6119027472429284E-01
 7.6312499999999996E+00     6.1421439450304827E-01
 7.6687499999999993E+00     6.6410646879266677E-01
 7.7062499999999998E+00     7.1018886676512460E-01
 7.7437499999999995E+00     7.5178176311430001E-01
 7.7812499999999991E+00     7.8820324826153998E-01
 7.8187499999999996E+00     8.1876957543673901E-01
 7.8562499999999993E+00     8.4279554795900524E-01
 7.8937499999999998E+00     8.5959503742879539E-01
 7.9312499999999995E+00     8.6848161040617888E-01
 7.9687499999999991E+00     8.6876922912757926E-01
 8.0062499999999996E+00     8.5977399919600839E-01
 8.0437500000000011E+00     8.4115848298381923E-01
 8.0812500000000007E+00     8.1343248264552503E-01
 8.1187500000000004E+00     7.7723579624401939E-01
 8.1562500000000000E+00     7.3321137779809065E-01
 8.1937499999999996E+00     6.8200537274085227E-01
 8.2312500000000011E+00     6.2426698877765985E-01
 8.2687500000000007E+00     5.6064824026329940E-01
 8.3062500000000004E+00     4.9180360896539160E-01
 8.3437500000000000E+00     4.1838966304623104E-01
 8.3812499999999996E+00     3.4106467054380191E-01
 8.4187500000000011E+00     2.6048823514481984E-01
 8.4562500000000007E+00     1.7732097219211990E-01
 8.4937500000000004E+00     9.2224232998261810E-02
 8.5312500000000000E+00     5.8598766466135110E-03
 8.5687499999999996E+00    -8.1109918807231438E-02
 8.6062500000000011E+00    -1.6802281912079492E-01
 8.6437500000000007E+00    -2.5421648721480000E-01
 8.6812500000000004E+00    -3.3902874471837030E-01
 8.7187500000000000E+00    -4.2179775826837546E-01
 8.7562499999999996E+00    -5.0186226396196865E-01
 8.7937500000000011E+00    -5.7856183818761786E-01
 8.8312500000000007E+00    -6.5123721605073981E-01
 8.8687500000000004E+00    -7.1923065012976928E-01
 8.9062500000000000E+00    -7.8188629297899859E-01
 8.9437499999999996E+00    -8.3855057758031371E-01
 8.9812500000000011E+00    -8.8857256206903568E-01
 9.0187500000000007E+00    -9.3132570657836444E-01
 9.0562500000000004E+00    -9.6668117432007483E-01
 9.0937500000000000E+00    -9.9500781349108147E-01
 9.1312499999999996E+00    -1.0166987963956848E+00
 9.1687500000000011E+00    -1.0321497534380419E+00
 9.2062500000000007E+00    -1.0417583206771570E+00
 9.2437500000000004E+00    -1.0459236237004892E+00
 9.2812500000000000E+00    -1.0450457308037133E+00
 9.3187499999999996E+00    -1.0395251095887219E+00
 9.3562500000000011E+00    -1.0297621186850148E+00
 9.3937500000000007E+00    -1.0161565609855379E+00
 9.4312500000000004E+00    -9.9910731748581139E-01
 9.4687500000000000E+00    -9.7901207257352574E-01
 9.5062499999999996E+00    -9.5626713344397596E-01
 9.5437500000000011E+00    -9.3126733905734438E-01
 9.5812500000000007E+00    -9.0440604829871862E-01
 9.6187500000000004E+00    -8.7607519306170500E-01
 9.6562500000000000E+00    -8.4666537990030222E-01
 9.6937499999999996E+00    -8.1656602351464114E-01
 9.7312500000000011E+00    -7.8616549634247979E-01
 9.7687500000000007E+00    -7.5585128053195827E-01
 9.8062500000000004E+00    -7.2601011117024306E-01
 9.8437500000000000E+00    -6.9702810247142566E-01
 9.8812499999999996E+00    -6.6929085138361288E-01
 9.9187500000000011E+00    -6.4318351553921271E-01
 9.9562500000000007E+00    -6.1909086450519568E-01
 9.9937500000000004E+00    -5.9739730482785003E-01
 1.0031250000000000E+01    -5.7844013180205411E-01
 1.0068750000000000E+01    -5.6224546723108093E-01
 1.0106250000000001E+01    -5.4871218541799327E-01
 1.0143750000000001E+01    -5.3773819061785888E-01
 1.0181250000000000E+01    -5.2922063698849342E-01
 1.0218750000000000E+01    -5.2305576794681841E-01
 1.0256250000000000E+01    -5.1913875512376206E-01
 1.0293750000000001E+01    -5.1736354326613698E-01
 1.0331250000000001E+01    -5.1762270765001206E-01
 1.0368750000000000E+01    -5.1980733076086372E-01
 1.0406250000000000E+01    -5.2380690509250749E-01
 1.0443750000000000E+01    -5.2950926884927108E-01
 1.0481250000000001E+01    -5.3680058103733408E-01
 1.0518750000000001E+01    -5.4556534184275929E-01
 1.0556250000000000E+01    -5.5568646326864779E-01
 1.0593750000000000E+01    -5.6704539371395590E-01
 1.0631250000000000E+01    -5.7952229851625670E-01
 1.0668750000000001E+01    -5.9299629647262053E-01
 1.0706250000000001E+01    -6.0734575005040115E-01
 1.0743750000000000E+01    -6.2244860448889328E-01
 1.0781250000000000E+01    -6.3818276839107424E-01
 1.0818750000000000E+01    -6.5442652585657557E-01
 1.0856250000000001E+01    -6.7105896787667252E-01
 1.0893750000000001E+01    -6.8796042877327435E-01
 1.0931250000000000E+01    -7.0501291208502814E-01
 1.0968750000000000E+01    -7.2210048963439077E-01
 1.1006250000000000E+01    -7.3910961089463001E-01
 1.1043750000000001E+01    -7.5591359313139606E-01
 1.1081250000000001E+01    -7.7234983170188043E-01
 1.1118750000000000E+01    -7.8825293629762949E-01
 1.1156250000000000E+01    -8.0346058834962175E-01
 1.1193750000000000E+01    -8.1781346259469623E-01
 1.1231250000000001E+01    -8.3115506768793590E-01
 1.1268750000000001E+01    -8.4333151556943298E-01
 1.1306250000000000E+01    -8.5419123169353839E-01
 1.1343750000000000E+01    -8.6358461980583312E-01
 1.1381250000000000E+01    -8.7136369568867666E-01
 1.1418750000000001E+01    -8.7738170423301798E-01
 1.1456250000000001E+01    -8.8149273342675216E-01
 1.1493750000000000E+01    -8.8355133750945947E-01
 1.1531250000000000E+01    -8.8341217978436903E-01
 1.1568750000000000E+01    -8.8092970356118894E-01
 1.1606250000000001E+01    -8.7595783758109236E-01
 1.1643750000000001E+01    -8.6834974018284816E-01
 1.1681250000000000E+01    -8.5795758451433723E-01
 1.1718750000000000E+01    -8.4463238535480678E-01
 1.1756250000000000E+01    -8.2822386663633174E-01
 1.1793750000000001E+01    -8.0858036755584783E-01
 1.1831250000000001E+01    -7.8554878424610086E-01
 1.1868750000000000E+01    -7.5897454330120251E-01
 1.1906250000000000E+01    -7.2870160299748710E-01
 1.1943750000000000E+01    -6.9457247777706776E-01
 1.1981250000000001E+01    -6.5642828143860388E-01
 1.2018750000000001E+01    -6.1412123575772526E-01
 1.2056250000000000E+01    -5.6778866608463885E-01
 1.2093750000000000E+01    -5.1785308770990335E-01
 1.2131250000000000E+01    -4.6474839072154883E-01
 1.2168750000000001E+01    -4.0890751218927457E-01
 1.2206250000000001E+01    -3.5076255568290665E-01
 1.2243750000000000E+01    -2.9074490583116674E-01
 1.2281250000000000E+01    -2.2928533863681666E-01
 1.2318750000000000E+01    -1.6681412938133283E-01
 1.2356250000000001E+01    -1.0376116089921789E-01
 1.2393750000000001E+01    -4.0556035677590571E-02
 1.2431250000000000E+01     2.2371804456729566E-02
 1.2468750000000000E+01     8.4592947453401263E-02
 1.2506250000000000E+01     1.4567786604126406E-01
 1.2543750000000001E+01     2.0519675698948631E-01
 1.2581250000000001E+01     2.6271936490280101E-01
 1.2618750000000000E+01     3.1781479330500262E-01
 1.2656250000000000E+01     3.7005130869765890E-01
 1.2693750000000000E+01     4.1899614645033323E-01
 1.2731250000000001E+01     4.6421533046158209E-01
 1.2768750000000001E+01     5.0527352111085921E-01
 1.2806250000000000E+01     5.4173390762447482E-01
 1.2843750000000000E+01     5.7315816112932250E-01
 1.2881250000000000E+01     5.9910646297533365E-01
 1.2918750000000001E+01     6.1913761915919463E-01
 1.2956250000000001E+01     6.3280926593509501E-01
 1.2993750000000000E+01     6.3967816434071800E-01
 1.3031250000000000E+01     6.3938595294838607E-01
 1.3068750000000000E+01     6.3214180458297342E-01
 1.3106250000000001E+01     6.1838682149594471E-01
 1.3143750000000001E+01     5.9856358236619744E-01
 1.3181250000000000E+01     5.7311580211919777E-01
 1.3218750000000000E+01     5.4248858836823333E-01
 1.3256250000000000E+01     5.0712860525086356E-01
 1.3293750000000001E+01     4.6748414699332552E-01
 1.3331250000000001E+01     4.2400513060307043E-01
 1.3368750000000000E+01     3.7714302206629730E-01
 1.3406250000000000E+01     3.2735071306081631E-01
 1.3443750000000000E+01     2.7508236557533566E-01
 1.3481250000000001E+01     2.2079324030507078E-01
 1.3518750000000001E+01     1.6493952177741911E-01
 1.3556250000000000E+01     1.0797814941236772E-01
 1.3593750000000000E+01     5.0366659679026739E-02
 1.3631250000000000E+01    -7.4369593658571900E-03
 1.3668750000000001E+01    -6.4974403215185050E-02
 1.3706250000000001E+01    -1.2178718033001693E-01
 1.3743750000000000E+01    -1.7741674201906982E-01
 1.3781250000000000E+01    -2.3140461945342511E-01
 1.3818750000000000E+01    -2.8329257385914897E-01
 1.3856250000000001E+01    -3.3262276418436443E-01
 1.3893750000000001E+01    -3.7893793375677370E-01
 1.3931250000000000E+01    -4.2178161379867873E-01
 1.3968750000000000E+01    -4.6069833742225491E-01
 1.4006250000000000E+01    -4.9523434315711545E-01
 1.4043750000000001E+01    -5.2510335115379703E-01
 1.4081250000000001E+01    -5.5042774046050491E-01
 1.4118750000000000E+01    -5.7139278633230028E-01
 1.4156250000000000E+01    -5.8818544640897619E-01
 1.4193750000000000E+01    -6.0099432615246706E-01
 1.4231250000000001E+01    -6.1000958866599309E-01
 1.4268750000000001E+01    -6.1542280930578896E-01
 1.4306250000000000E+01    -6.1742677916765520E-01
 1.4343750000000000E+01    -6.1621526493089296E-01
 1.4381250000000000E+01    -6.1198273538191084E-01
 1.4418749999999999E+01    -6.0492406699140888E-01
 1.4456250000000001E+01    -5.9523424203852948E-01
 1.4493750000000000E+01    -5.8310805291059820E-01
 1.4531250000000000E+01    -5.6873982539919110E-01
 1.4568750000000000E+01    -5.5232317218494886E-01
 1.4606249999999999E+01    -5.3405078544047280E-01
 1.4643750000000001E+01    -5.1411427480751648E-01
 1.4681250000000000E+01    -4.9270405416007179E-01
 1.4718750000000000E+01    -4.7000927777565921E-01
 1.4756250000000000E+01    -4.4621782400067606E-01
 1.4793749999999999E+01    -4.2151632236284542E-01
 1.4831250000000001E+01    -3.9609021845395970E-01
 1.4868750000000000E+01    -3.7012386982397472E-01
 1.4906250000000000E+01    -3.4380066558757105E-01
 1.4943750000000000E+01    -3.1730316240036122E-01
 1.4981249999999999E+01    -2.9081322983623309E-01
 1.5018750000000001E+01    -2.6450806701920676E-01
 1.5056250000000000E+01    -2.3846944727833391E-01
 1.5093750000000000E+01    -2.1268384843702565E-01
 1.5131250000000000E+01    -1.8713345680912921E-01
 1.5168749999999999E+01    -1.6180038000984512E-01
 1.5206250000000001E+01    -1.3666671365190625E-01
 1.5243750000000000E+01    -1.1171459400005189E-01
 1.5281250000000000E+01    -8.6926236961401476E-02
 1.5318750000000000E+01    -6.2283964219402924E-02
 1.5356249999999999E+01    -3.7770217637391294E-02
 1.5393750000000001E+01    -1.3367563276949337E-02
 1.5431250000000000E+01     1.0941313489647676E-02
 1.5468750000000000E+01     3.5173620229891039E-02
 1.5506250000000000E+01     5.9346475513556166E-02
 1.5543749999999999E+01     8.3476931271514343E-02
 1.5581250000000001E+01     1.0758199800112125E-01
 1.5618750000000000E+01     1.3167867145522522E-01
 1.5656250000000000E+01     1.5578395955002133E-01
 1.5693750000000000E+01     1.7991490832787510E-01
 1.5731249999999999E+01     2.0408862590634891E-01
 1.5768750000000001E+01     2.2832230342447629E-01
 1.5806250000000000E+01     2.5263323205141497E-01
 1.5843750000000000E+01     2.7703881513846368E-01
 1.5881250000000000E+01     3.0155657455859808E-01
 1.5918749999999999E+01     3.2620415017178006E-01
 1.5956250000000001E+01     3.5099929116099210E-01
 1.5993750000000000E+01     3.7595983768462415E-01
 1.6031250000000000E+01     4.0108859885246123E-01
 1.6068750000000001E+01     4.2628806664826380E-01
 1.6106249999999999E+01     4.5141973832648158E-01
 1.6143750000000001E+01     4.7634480720226480E-01
 1.6181249999999999E+01     5.0092414099829297E-01
 1.6218750000000000E+01     5.2501812015283222E-01
 1.6256250000000001E+01     5.4848645679355679E-01
 1.6293749999999999E+01     5.7118799576058155E-01
 1.6331250000000001E+01     5.9298050095752797E-01
 1.6368749999999999E+01     6.1372043261200904E-01
 1.6406250000000000E+01     6.3326272362216485E-01
 1.6443750000000001E+01     6.5146056587159762E-01
 1.6481249999999999E+01     6.6816521996041933E-01
 1.6518750000000001E+01     6.8322586391244300E-01
 1.6556249999999999E+01     6.9648949772228586E-01
 1.6593750000000000E+01     7.0780092073556100E-01
 1.6631250000000001E+01     7.1700279748036522E-01
 1.6668749999999999E+01     7.2393582444936522E-01
 1.6706250000000001E+01     7.2843900538144246E-01
 1.6743749999999999E+01     7.3035003592723269E-01
 1.6781250000000000E+01     7.2950579056470555E-01
 1.6818750000000001E+01     7.2574289587161511E-01
 1.6856249999999999E+01     7.1889836559430043E-01
 1.6893750000000001E+01     7.0881026535810066E-01
 1.6931249999999999E+01     6.9531836935659308E-01
 1.6968750000000000E+01     6.7826476883793330E-01
 1.7006250000000001E+01     6.5749472558170130E-01
 1.7043749999999999E+01     6.3296937615160909E-01
 1.7081250000000001E+01     6.0492943847927383E-01
 1.7118749999999999E+01     5.7366063857037608E-01
 1.7156250000000000E+01     5.3945196073367363E-01
 1.7193750000000001E+01     5.0259528354646577E-01
 1.7231249999999999E+01     4.6338491892692202E-01
 1.7268750000000001E+01     4.2211709946479814E-01
 1.7306249999999999E+01     3.7908945602640431E-01
 1.7343750000000000E+01     3.3460052116033390E-01
 1.7381250000000001E+01     2.8894928533481468E-01
 1.7418749999999999E+01     2.4243482382515885E-01
 1.7456250000000001E+01     1.9535600321228908E-01
 1.7493749999999999E+01     1.4801126871221190E-01
 1.7531250000000000E+01     1.0069850736872969E-01
 1.7568750000000001E+01     5.3714977657095375E-02
 1.7606249999999999E+01     7.3572931930327582E-03
 1.7643750000000001E+01    -3.8078553188607221E-02
 1.7681249999999999E+01    -8.2297139001189179E-02
 1.7718750000000000E+01    -1.2500354873959071E-01
 1.7756250000000001E+01    -1.6590330976498796E-01
 1.7793749999999999E+01    -2.0470233793541970E-01
 1.7831250000000001E+01    -2.4110690145201719E-01
 1.7868749999999999E+01    -2.7482360911518178E-01
 1.7906250000000000E+01    -3.0555942671876801E-01
 1.7943750000000001E+01    -3.3302172271821651E-01
 1.7981249999999999E+01    -3.5691834168269904E-01
 1.8018750000000001E+01    -3.7696955414513411E-01
 1.8056249999999999E+01    -3.9316892792051222E-01
 1.8093750000000000E+01    -4.0578341995046258E-01
 1.8131250000000001E+01    -4.1509264956925068E-01
 1.8168749999999999E+01    -4.2137703481602717E-01
 1.8206250000000001E+01    -4.2491776385746427E-01
 1.8243749999999999E+01    -4.2599674877374266E-01
 1.8281250000000000E+01    -4.2489656239734608E-01
 1.8318750000000001E+01    -4.2190036046492807E-01
 1.8356249999999999E+01    -4.1729179238897252E-01
 1.8393750000000001E+01    -4.1135490449525447E-01
 1.8431249999999999E+01    -4.0437403966214036E-01
 1.8468750000000000E+01    -3.9663373702573523E-01
 1.8506250000000001E+01    -3.8841863488373307E-01
 1.8543749999999999E+01    -3.8001337924523482E-01
 1.8581250000000001E+01    -3.7170253973122175E-01
 1.8618749999999999E+01    -3.6377053381149821E-01
 1.8656250000000000E+01    -3.5650155972968389E-01
 1.8693750000000001E+01    -3.5017953795766399E-01
 1.8731249999999999E+01    -3.4508806065307135E-01
 1.8768750000000001E+01    -3.4151034836926786E-01
 1.8806249999999999E+01    -3.3972921317337201E-01
 1.8843750000000000E+01    -3.4002702734141477E-01
 1.8881250000000001E+01    -3.4268569689298195E-01
 1.8918749999999999E+01    -3.4798663937219210E-01
 1.8956250000000001E+01    -3.5621076545474389E-01
 1.8993749999999999E+01    -3.6763846414852935E-01
 1.9031250000000000E+01    -3.8249115295476083E-01
 1.9068750000000001E+01    -4.0060121341713661E-01
 1.9106249999999999E+01    -4.2164203823260127E-01
 1.9143750000000001E+01    -4.4528612307766807E-01
 1.9181249999999999E+01    -4.7120561962913332E-01
 1.9218750000000000E+01    -4.9907242228080823E-01
 1.9256250000000001E+01    -5.2855825778208720E-01
 1.9293749999999999E+01    -5.5933477985581970E-01
 1.9331250000000001E+01    -5.9107367104850506E-01
 1.9368749999999999E+01    -6.2344675405331684E-01
 1.9406250000000000E+01    -6.5612611443020752E-01
 1.9443750000000001E+01    -6.8878423594462068E-01
 1.9481249999999999E+01    -7.2109414859925802E-01
 1.9518750000000001E+01    -7.5272958782242250E-01
 1.9556249999999999E+01    -7.8336516123496591E-01
 1.9593750000000000E+01    -8.1267651704541988E-01
 1.9631250000000001E+01    -8.4034050559658924E-01
 1.9668749999999999E+01    -8.6603532316303666E-01
 1.9706250000000001E+01    -8.8944062510689936E-01
 1.9743749999999999E+01    -9.1023759431572671E-01
 1.9781250000000000E+01    -9.2810895085484502E-01
 1.9818750000000001E+01    -9.4273889030115265E-01
 1.9856249999999999E+01    -9.5381294149714302E-01
 1.9893750000000001E+01    -9.6101773949482761E-01
 1.9931249999999999E+01    -9.6404071601892305E-01
 1.9968750000000000E+01    -9.6256971735863006E-01
 2.0006250000000001E+01    -9.5629299450857164E-01
 2.0043749999999999E+01    -9.4504309080078264E-01
 2.0081250000000001E+01    -9.2900650791873851E-01
 2.0118749999999999E+01    -9.0842178904254434E-01
 2.0156250000000000E+01    -8.8352584116992061E-01
 2.0193750000000001E+01    -8.5455375187413485E-01
 2.0231249999999999E+01    -8.2173871625138517E-01
 2.0268750000000001E+01    -7.8531206822709243E-01
 2.0306249999999999E+01    -7.4550340294129891E-01
 2.0343750000000000E+01    -7.0254077158256045E-01
 2.0381250000000001E+01    -6.5665092706637807E-01
 2.0418749999999999E+01    -6.0805959830712464E-01
 2.0456250000000001E+01    -5.5699177219852369E-01
 2.0493749999999999E+01    -5.0367196530832947E-01
 2.0531250000000000E+01    -4.4832447114267193E-01
 2.0568750000000001E+01    -3.9117357309047657E-01
 2.0606249999999999E+01    -3.3244371733711015E-01
 2.0643750000000001E+01    -2.7235964377607180E-01
 2.0681249999999999E+01    -2.1114647601268832E-01
 2.0718750000000000E+01    -1.4902977383394470E-01
 2.0756250000000001E+01    -8.6235553008079377E-02
 2.0793749999999999E+01    -2.2990278044595931E-02
 2.0831250000000001E+01     4.0479166291519805E-02
 2.0868749999999999E+01     1.0394551922085640E-01
 2.0906250000000000E+01     1.6718119908543383E-01
 2.0943750000000001E+01     2.2995836534821579E-01
 2.0981249999999999E+01     2.9204898434815446E-01
 2.1018750000000001E+01     3.5322523526218830E-01
 2.1056249999999999E+01     4.1326702779008251E-01
 2.1093750000000000E+01     4.7196207513205535E-01
 2.1131250000000001E+01     5.2909852526682788E-01
 2.1168749999999999E+01     5.8446470373903359E-01
 2.1206250000000001E+01     6.3784918881262598E-01
 2.1243749999999999E+01     6.8904087923452262E-01
 2.1281250000000000E+01     7.3782905311894309E-01
 2.1318750000000001E+01     7.8400341584000399E-01
 2.1356249999999999E+01     8.2735413426497595E-01
 2.1393750000000001E+01     8.6767185425240223E-01
 2.1431249999999999E+01     9.0474769816014189E-01
 2.1468750000000000E+01     9.3837323923550620E-01
 2.1506250000000001E+01     9.6834045025711091E-01
 2.1543749999999999E+01     9.9444162470584052E-01
 2.1581250000000001E+01     1.0164692700657239E+00
 2.1618749999999999E+01     1.0342159745550303E+00
 2.1656250000000000E+01     1.0474742505727501E+00
 2.1693750000000001E+01     1.0560363602735583E+00
 2.1731249999999999E+01     1.0596941307650511E+00
 2.1768750000000001E+01     1.0582387682336938E+00
 2.1806249999999999E+01     1.0514606816165810E+00
 2.1843750000000000E+01     1.0391493270286767E+00
 2.1881250000000001E+01     1.0210930838616616E+00
 2.1918749999999999E+01     9.9707917219836961E-01
 2.1956250000000001E+01     9.6689361894748349E-01
 2.1993749999999999E+01     9.3032127701847855E-01
 2.2031250000000000E+01     8.8722064361995046E-01
 2.2068750000000001E+01     8.3794614763406183E-01
 2.2106249999999999E+01     7.8305413247802125E-01
 2.2143750000000001E+01     7.2310096759618381E-01
 2.2181249999999999E+01     6.5864268397147885E-01
 2.2218750000000000E+01     5.9023519673771296E-01
 2.2256250000000001E+01     5.1843450419550796E-01
 2.2293749999999999E+01     4.4379685397925633E-01
 2.2331250000000001E+01     3.6687887082839510E-01
 2.2368749999999999E+01     2.8823764396239404E-01
 2.2406250000000000E+01     2.0843077514689162E-01
 2.2443750000000001E+01     1.2801639098759593E-01
 2.2481249999999999E+01     4.7553124726525273E-02
 2.2518750000000001E+01    -3.2399926135366436E-02
 2.2556249999999999E+01    -1.1128325962068507E-01
 2.2593750000000000E+01    -1.8853703973595623E-01
 2.2631250000000001E+01    -2.6360117128122729E-01
 2.2668749999999999E+01    -3.3591537332212046E-01
 2.2706250000000001E+01    -4.0491924642949939E-01
 2.2743749999999999E+01    -4.7005232967211447E-01
 2.2781250000000000E+01    -5.3075414428024958E-01
 2.2818750000000001E+01    -5.8646422186731240E-01
 2.2856249999999999E+01    -6.3662211609772701E-01
 2.2893750000000001E+01    -6.8066739771744500E-01
 2.2931249999999999E+01    -7.1803963390392156E-01
 2.2968750000000000E+01    -7.4817835391410714E-01
 2.3006250000000001E+01    -7.7052384167485966E-01
 2.3043749999999999E+01    -7.8480023098366380E-01
 2.3081250000000001E+01    -7.9142760827456438E-01
 2.3118749999999999E+01    -7.9093054423578191E-01
 2.3156250000000000E+01    -7.8383335115049757E-01
 2.3193750000000001E+01    -7.7066006569989853E-01
 2.3231249999999999E+01    -7.5193444311472823E-01
 2.3268750000000001E+01    -7.2817996253384976E-01
 2.3306249999999999E+01    -6.9991984253410389E-01
 2.3343750000000000E+01    -6.6767706510429625E-01
 2.3381250000000001E+01    -6.3197440586933429E-01
 2.3418749999999999E+01    -5.9333446812878954E-01
 2.3456250000000001E+01    -5.5227971824251743E-01
 2.3493749999999999E+01    -5.0933252004332263E-01
 2.3531250000000000E+01    -4.6501516624463757E-01
 2.3568750000000001E+01    -4.1984990519803478E-01
 2.3606249999999999E+01    -3.7435896179933309E-01
 2.3643750000000001E+01    -3.2906455180793781E-01
 2.3681249999999999E+01    -2.8448888930152116E-01
 2.3718750000000000E+01    -2.4115418741469299E-01
 2.3756250000000001E+01    -1.9958265289066998E-01
 2.3793749999999999E+01    -1.6029647529675078E-01
 2.3831250000000001E+01    -1.2381781201115732E-01
 2.3868749999999999E+01    -9.0668770273196739E-02
 2.3906250000000000E+01    -6.1371387694952345E-02
 2.3943750000000001E+01    -3.6447612655123217E-02
 2.3981249999999999E+01    -1.6419285927820961E-02
 2.4018750000000001E+01    -1.7898948037514332E-03
 2.4056249999999999E+01     7.3564979850281632E-03
 2.4093750000000000E+01     1.1355261117888175E-02
 2.4131250000000001E+01     1.0560135166707424E-02
 2.4168749999999999E+01     5.3249951575186395E-03
 2.4206250000000001E+01    -3.9961614109502788E-03
 2.4243749999999999E+01    -1.7049230249876035E-02
 2.4281250000000000E+01    -3.3480019060967092E-02
 2.4318750000000001E+01    -5.2934268985752493E-02
 2.4356249999999999E+01    -7.5057678510533049E-02
 2.4393750000000001E+01    -9.9495929846699388E-02
 2.4431249999999999E+01    -1.2589471802564284E-01
 2.4468750000000000E+01    -1.5389978312262245E-01
 2.4506250000000001E+01    -1.8315694612354852E-01
 2.4543749999999999E+01    -2.1331214894519279E-01
 2.4581250000000001E+01    -2.4401149899031388E-01
 2.4618749999999999E+01    -2.7490131835149811E-01
 2.4656250000000000E+01    -3.0562819737004182E-01
 2.4693750000000001E+01    -3.3583905172221423E-01
 2.4731249999999999E+01    -3.6518118157598162E-01
 2.4768750000000001E+01    -3.9330233068480286E-01
 2.4806249999999999E+01    -4.1985074262689148E-01
 2.4843750000000000E+01    -4.4447521083630870E-01
 2.4881250000000001E+01    -4.6682511869073440E-01
 2.4918749999999999E+01    -4.8655046580143280E-01
 2.4956250000000001E+01    -5.0330187686125272E-01
 2.4993749999999999E+01    -5.1673058998843424E-01
 2.5031250000000000E+01    -5.2654345769846533E-01
 2.5068750000000001E+01    -5.3281372704497443E-01
 2.5106249999999999E+01    -5.3576433182482353E-01
 2.5143750000000001E+01    -5.3561896463697867E-01
 2.5181249999999999E+01    -5.3260151781788623E-01
 2.5218750000000000E+01    -5.2693596799339870E-01
 2.5256250000000001E+01    -5.1884626888791840E-01
 2.5293749999999999E+01    -5.0855625639521307E-01
 2.5331250000000001E+01    -4.9628956880682745E-01
 2.5368749999999999E+01    -4.8226958390692487E-01
 2.5406250000000000E+01    -4.6671937348856030E-01
 2.5443750000000001E+01    -4.4986167481543793E-01
 2.5481249999999999E+01    -4.3191887770656012E-01
 2.5518750000000001E+01    -4.1311302529296229E-01
 2.5556249999999999E+01    -3.9366582609294337E-01
 2.5593750000000000E+01    -3.7379867486166501E-01
 2.5631250000000001E+01    -3.5373267966486566E-01
 2.5668749999999999E+01    -3.3368869276792845E-01
 2.5706250000000001E+01    -3.1388734318208361E-01
 2.5743749999999999E+01    -2.9454906903148148E-01
 2.5781250000000000E+01    -2.7589414826536168E-01
 2.5818750000000001E+01    -2.5814272661250925E-01
 2.5856249999999999E+01    -2.4151484203970450E-01
 2.5893750000000001E+01    -2.2623044531860054E-01
 2.5931249999999999E+01    -2.1250941661648079E-01
 2.5968750000000000E+01    -2.0057157830000788E-01
 2.6006250000000001E+01    -1.9063642630265309E-01
 2.6043749999999999E+01    -1.8282914867786876E-01
 2.6081250000000001E+01    -1.7704381826495419E-01
 2.6118749999999999E+01    -1.7313971040008755E-01
 2.6156250000000000E+01    -1.7097605759682880E-01
 2.6193750000000001E+01    -1.7041204445727254E-01
 2.6231249999999999E+01    -1.7130680267594767E-01
 2.6268750000000001E+01    -1.7351940658857479E-01
 2.6306249999999999E+01    -1.7690886956762705E-01
 2.6343750000000000E+01    -1.8133414143976767E-01
 2.6381250000000001E+01    -1.8665410699448523E-01
 2.6418749999999999E+01    -1.9272758556706882E-01
 2.6456250000000001E+01    -1.9941333161176200E-01
 2.6493749999999999E+01    -2.0657003613178659E-01
 2.6531250000000000E+01    -2.1405632880110301E-01
 2.6568750000000001E+01    -2.2173078059701634E-01
 2.6606249999999999E+01    -2.2945190676102986E-01
 2.6643750000000001E+01    -2.3707816991517383E-01
 2.6681249999999999E+01    -2.4446798317917584E-01
 2.6718750000000000E+01    -2.5147971315697332E-01
 2.6756250000000001E+01    -2.5797168268571280E-01
 2.6793749999999999E+01    -2.6380217326354721E-01
 2.6831250000000001E+01    -2.6882942709189322E-01
 2.6868749999999999E+01    -2.7291164868175505E-01
 2.6906250000000000E+01    -2.7590700598175899E-01
 2.6943750000000001E+01    -2.7767363098804854E-01
 2.6981249999999999E+01    -2.7806961979411915E-01
 2.7018750000000001E+01    -2.7695802765324273E-01
 2.7056249999999999E+01    -2.7431677151086886E-01
 2.7093750000000000E+01    -2.7023863120200592E-01
 2.7131250000000001E+01    -2.6482135207180346E-01
 2.7168749999999999E+01    -2.5816265793538035E-01
 2.7206250000000001E+01    -2.5036025910603171E-01
 2.7243749999999999E+01    -2.4151185972065375E-01
 2.7281250000000000E+01    -2.3171516434895029E-01
 2.7318750000000001E+01    -2.2106788388709808E-01
 2.7356249999999999E+01    -2.0966774074961048E-01
 2.7393750000000001E+01    -1.9761247338530774E-01
 2.7431249999999999E+01    -1.8499984015396037E-01
 2.7468750000000000E+01    -1.7192762260923886E-01
 2.7506250000000001E+01    -1.5849362824124216E-01
 2.7543749999999999E+01    -1.4479569273766210E-01
 2.7581250000000001E+01    -1.3093168182698081E-01
 2.7618749999999999E+01    -1.1699949276976709E-01
 2.7656250000000000E+01    -1.0309705556515020E-01
 2.7693750000000001E+01    -8.9322333939169982E-02
 2.7731249999999999E+01    -7.5773326179545783E-02
 2.7768750000000001E+01    -6.2548065877922110E-02
 2.7806249999999999E+01    -4.9744622635579466E-02
 2.7843750000000000E+01    -3.7461102782064062E-02
 2.7881250000000001E+01    -2.5795650148432402E-02
 2.7918749999999999E+01    -1.4846446927637015E-02
 2.7956250000000001E+01    -4.7117146444559284E-03
 2.7993749999999999E+01     4.5102847537488305E-03
 2.8031250000000000E+01     1.2734479946172262E-02
 2.8068750000000001E+01     1.9963724972816590E-02
 2.8106249999999999E+01     2.6236717763552877E-02
 2.8143750000000001E+01     3.1592222920683678E-02
 2.8181249999999999E+01     3.6068969087773781E-02
 2.8218750000000000E+01     3.9705651949292875E-02
 2.8256250000000001E+01     4.2540937044985717E-02
 2.8293749999999999E+01     4.4613462438813319E-02
 2.8331250000000001E+01     4.5961841277934914E-02
 2.8368749999999999E+01     4.6624664272743838E-02
 2.8406250000000000E+01     4.6640502124461976E-02
 2.8443750000000001E+01     4.6047907922286996E-02
 2.8481249999999999E+01     4.4885419527624870E-02
 2.8518750000000001E+01     4.3191561958555835E-02
 2.8556249999999999E+01     4.1004849783423558E-02
 2.8593750000000000E+01     3.8363789528296298E-02
 2.8631250000000001E+01     3.5306882099109094E-02
 2.8668749999999999E+01     3.1872625215500536E-02
 2.8706250000000001E+01     2.8099515849799424E-02
 2.8743749999999999E+01     2.4026052661262176E-02
 2.8781250000000000E+01     1.9690738412523955E-02
 2.8818749999999998E+01     1.5132082352373330E-02
 2.8856249999999999E+01     1.0388602546300054E-02
 2.8893750000000001E+01     5.4988281339410985E-03
 2.8931249999999999E+01     5.0130149044153515E-04
 2.8968750000000000E+01    -4.5654197330251322E-03
 2.9006249999999998E+01    -9.6613536421380278E-03
 2.9043749999999999E+01    -1.4679279379341204E-02
 2.9081250000000001E+01    -1.9532126205623217E-02
 2.9118749999999999E+01    -2.4170091445810133E-02
 2.9156250000000000E+01    -2.8547897860557944E-02
 2.9193749999999998E+01    -3.2625099051083573E-02
 2.9231249999999999E+01    -3.6366152866637073E-02
 2.9268750000000001E+01    -3.9740259088227307E-02
 2.9306249999999999E+01    -4.2720969534628811E-02
 2.9343750000000000E+01    -4.5285590390241090E-02
 2.9381249999999998E+01    -4.7414407616661457E-02
 2.9418749999999999E+01    -4.9089776363250487E-02
 2.9456250000000001E+01    -5.0295123852231505E-02
 2.9493749999999999E+01    -5.1013921729736733E-02
 2.9531250000000000E+01    -5.1228687754585639E-02
 2.9568749999999998E+01    -5.0920077367312758E-02
 2.9606249999999999E+01    -5.0066122668492301E-02
 2.9643750000000001E+01    -4.8641669359821560E-02
 2.9681249999999999E+01    -4.6618051276632877E-02
 2.9718750000000000E+01    -4.3963027640874799E-02
 2.9756249999999998E+01    -4.0640990852478930E-02
 2.9793749999999999E+01    -3.6613433638562516E-02
 2.9831250000000001E+01    -3.1839645092555206E-02
 2.9868749999999999E+01    -2.6277587096122997E-02
 2.9906250000000000E+01    -1.9884887337329880E-02
 2.9943749999999998E+01    -1.2619873938360164E-02
 2.9981249999999999E+01    -4.4425705721060030E-03
