#                  time                       real
 1.8749999999999999E-02     1.9874103464025654E-04
 5.6249999999999994E-02    -6.2532992856057911E-04
 9.3750000000000000E-02    -3.2840299535938644E-03
 1.3124999999999998E-01    -8.1047903172310025E-03
 1.6874999999999998E-01    -1.5498612357248556E-02
 2.0624999999999999E-01    -2.5938213808605792E-02
 2.4374999999999997E-01    -3.9920756488160451E-02
 2.8125000000000000E-01    -5.7914085473342161E-02
 3.1874999999999998E-01    -8.0286718021575831E-02
 3.5624999999999996E-01    -1.0722410746834242E-01
 3.9374999999999999E-01    -1.3863730379827677E-01
 4.3124999999999997E-01    -1.7407510293409983E-01
 4.6874999999999994E-01    -2.1265652421382852E-01
 5.0624999999999998E-01    -2.5304528854495800E-01
 5.4375000000000007E-01    -2.9348896150881637E-01
 5.8125000000000004E-01    -3.3193907690333568E-01
 6.1875000000000002E-01    -3.6625261451947322E-01
 6.5625000000000000E-01    -3.9445123363902274E-01
 6.9374999999999998E-01    -4.1498977204083431E-01
 7.3125000000000007E-01    -4.2697106833458026E-01
 7.6875000000000004E-01    -4.3025043003808972E-01
 8.0625000000000002E-01    -4.2540208582341338E-01
 8.4375000000000000E-01    -4.1356169693533607E-01
 8.8124999999999998E-01    -3.9619525504125752E-01
 9.1874999999999996E-01    -3.7485949858947987E-01
 9.5625000000000004E-01    -3.5100827372287124E-01
 9.9375000000000002E-01    -3.2587230610069617E-01
 1.0312500000000000E+00    -3.0160023054679092E-01
 1.0687500000000001E+00    -2.8050976823849610E-01
 1.1062500000000000E+00    -2.6216023397805865E-01
 1.1437500000000000E+00    -2.4614595982073617E-01
 1.1812499999999999E+00    -2.3213563673809506E-01
 1.2187500000000000E+00    -2.1985726962770324E-01
 1.2562500000000001E+00    -2.0908627893184495E-01
 1.2937500000000000E+00    -1.9963612508437767E-01
 1.3312500000000000E+00    -1.9135092308064480E-01
 1.3687499999999999E+00    -1.8409961152237853E-01
 1.4062500000000000E+00    -1.7777132947262692E-01
 1.4437500000000001E+00    -1.7227173017667413E-01
 1.4812500000000000E+00    -1.6752002239579383E-01
 1.5187500000000000E+00    -1.6344657898579576E-01
 1.5562499999999999E+00    -1.5999099037730660E-01
 1.5937500000000000E+00    -1.5710046981165215E-01
 1.6312500000000001E+00    -1.5472853939021355E-01
 1.6687500000000000E+00    -1.5283394274743167E-01
 1.7062500000000000E+00    -1.5137974269382462E-01
 1.7437499999999999E+00    -1.5033257145983275E-01
 1.7812500000000000E+00    -1.4966200794174558E-01
 1.8187499999999999E+00    -1.4934006116441259E-01
 1.8562500000000000E+00    -1.4934074245260051E-01
 1.8937500000000000E+00    -1.4963971085899333E-01
 1.9312499999999999E+00    -1.5021397747308829E-01
 1.9687500000000000E+00    -1.5104165451808640E-01
 2.0062499999999996E+00    -1.5210168724357018E-01
 2.0437499999999997E+00    -1.5335758127149943E-01
 2.0812499999999998E+00    -1.5473379097939347E-01
 2.1187499999999999E+00    -1.5614898451271975E-01
 2.1562499999999996E+00    -1.5752162907803141E-01
 2.1937499999999996E+00    -1.5876961195741510E-01
 2.2312499999999997E+00    -1.5980983976606208E-01
 2.2687499999999998E+00    -1.6055781279646097E-01
 2.3062499999999999E+00    -1.6092717545495938E-01
 2.3437499999999996E+00    -1.6082924879452298E-01
 2.3812499999999996E+00    -1.6017255651174650E-01
 2.4187499999999997E+00    -1.5886236115621694E-01
 2.4562499999999998E+00    -1.5680023239896365E-01
 2.4937499999999999E+00    -1.5388367375274398E-01
 2.5312499999999996E+00    -1.5000583785341998E-01
 2.5687499999999996E+00    -1.4505536301641717E-01
 2.6062499999999997E+00    -1.3891636497912102E-01
 2.6437499999999998E+00    -1.3146861723372946E-01
 2.6812499999999999E+00    -1.2258795086807334E-01
 2.7187499999999996E+00    -1.1214690012383835E-01
 2.7562499999999996E+00    -1.0001561278691244E-01
 2.7937499999999997E+00    -8.6063034973937080E-02
 2.8312499999999998E+00    -7.0158367938496696E-02
 2.8687499999999999E+00    -5.2172780404623247E-02
 2.9062499999999996E+00    -3.1981344025522496E-02
 2.9437499999999996E+00    -9.4651423971965180E-03
 2.9812499999999997E+00     1.5486513708715429E-02
 3.0187499999999998E+00     4.2966954318209988E-02
 3.0562499999999999E+00     7.2898295958068168E-02
 3.0937499999999996E+00     1.0502959459386518E-01
 3.1312499999999996E+00     1.3908731372343675E-01
 3.1687499999999997E+00     1.7478170871107657E-01
 3.2062499999999998E+00     2.1180701325145568E-01
 3.2437499999999999E+00     2.4984233404843795E-01
 3.2812499999999996E+00     2.8855324402339633E-01
 3.3187499999999996E+00     3.2759404479593746E-01
 3.3562499999999997E+00     3.6661065170795049E-01
 3.3937499999999998E+00     4.0524403681546711E-01
 3.4312499999999999E+00     4.4313414487752234E-01
 3.4687499999999996E+00     4.7992417272955873E-01
 3.5062499999999996E+00     5.1526507264158716E-01
 3.5437499999999997E+00     5.4882010560370997E-01
 3.5812499999999998E+00     5.8026923276964459E-01
 3.6187499999999995E+00     6.0931309611756390E-01
 3.6562499999999996E+00     6.3567630814946330E-01
 3.6937499999999996E+00     6.5910975202908517E-01
 3.7312499999999997E+00     6.7939159562885854E-01
 3.7687499999999998E+00     6.9632675289386170E-01
 3.8062499999999995E+00     7.0974458939780194E-01
 3.8437499999999996E+00     7.1949476837553572E-01
 3.8812499999999996E+00     7.2544126661591490E-01
 3.9187499999999997E+00     7.2745474851072589E-01
 3.9562499999999998E+00     7.2540365756947078E-01
 3.9937499999999995E+00     7.1914454904050740E-01
 4.0312500000000000E+00     7.0856798753879546E-01
 4.0687499999999996E+00     6.9390391245478589E-01
 4.1062499999999993E+00     6.7549576522161825E-01
 4.1437499999999998E+00     6.5364664452721477E-01
 4.1812499999999995E+00     6.2861878953574757E-01
 4.2187500000000000E+00     6.0063626945136872E-01
 4.2562499999999996E+00     5.6988995161531286E-01
 4.2937499999999993E+00     5.3654413541899415E-01
 4.3312499999999998E+00     5.0074417146708639E-01
 4.3687499999999995E+00     4.6262438514575865E-01
 4.4062500000000000E+00     4.2231568495600291E-01
 4.4437499999999996E+00     3.7995234525770405E-01
 4.4812499999999993E+00     3.3567759305633266E-01
 4.5187499999999998E+00     2.8964778090714810E-01
 4.5562499999999995E+00     2.4203507636996235E-01
 4.5937500000000000E+00     1.9302872965421480E-01
 4.6312499999999996E+00     1.4283508645553222E-01
 4.6687499999999993E+00     9.1676588245179033E-02
 4.7062499999999998E+00     3.9790047052255584E-02
 4.7437499999999995E+00    -1.2575501384654382E-02
 4.7812500000000000E+00    -6.5161068934591379E-02
 4.8187499999999996E+00    -1.1769983872851524E-01
 4.8562499999999993E+00    -1.6991890706565585E-01
 4.8937499999999998E+00    -2.2154045571841779E-01
 4.9312499999999995E+00    -2.7228221711725498E-01
 4.9687500000000000E+00    -3.2185714607059668E-01
 5.0062499999999996E+00    -3.6997246268173356E-01
 5.0437499999999993E+00    -4.1639577833615354E-01
 5.0812499999999998E+00    -4.6105183220354240E-01
 5.1187499999999995E+00    -5.0387840992382782E-01
 5.1562500000000000E+00    -5.4479985236782480E-01
 5.1937499999999996E+00    -5.8372562393600436E-01
 5.2312499999999993E+00    -6.2054892924335359E-01
 5.2687499999999998E+00    -6.5514563222363886E-01
 5.3062499999999995E+00    -6.8737367646249958E-01
 5.3437500000000000E+00    -7.1707316727352033E-01
 5.3812499999999996E+00    -7.4406724291774007E-01
 5.4187499999999993E+00    -7.6816382665167782E-01
 5.4562499999999998E+00    -7.8915830772959694E-01
 5.4937499999999995E+00    -8.0683714502169745E-01
 5.5312500000000000E+00    -8.2098232081024514E-01
 5.5687499999999996E+00    -8.3137649654851309E-01
 5.6062499999999993E+00    -8.3780864179025261E-01
 5.6437499999999998E+00    -8.4007982982320273E-01
 5.6812499999999995E+00    -8.3800882868290072E-01
 5.7187500000000000E+00    -8.3143707508637199E-01
 5.7562499999999996E+00    -8.2023261157242167E-01
 5.7937499999999993E+00    -8.0429260116241030E-01
 5.8312499999999998E+00    -7.8354411186620931E-01
 5.8687499999999995E+00    -7.5794298202025712E-01
 5.9062500000000000E+00    -7.2747072700759263E-01
 5.9437499999999996E+00    -6.9212961308076149E-01
 5.9812499999999993E+00    -6.5193618600698255E-01
 6.0187499999999998E+00    -6.0692395607890715E-01
 6.0562499999999995E+00    -5.5736125015811877E-01
 6.0937500000000000E+00    -5.0374297497502196E-01
 6.1312499999999996E+00    -4.4655708219820711E-01
 6.1687499999999993E+00    -3.8626844788754855E-01
 6.2062499999999998E+00    -3.2331515623809964E-01
 6.2437499999999995E+00    -2.5810698077704614E-01
 6.2812500000000000E+00    -1.9102592786068714E-01
 6.3187499999999996E+00    -1.2242857358799253E-01
 6.3562499999999993E+00    -5.2649854765885060E-02
 6.3937499999999998E+00     1.7992040689285931E-02
 6.4312499999999995E+00     8.9190011850670214E-02
 6.4687500000000000E+00     1.6064188651808470E-01
 6.5062499999999996E+00     2.3204397867095636E-01
 6.5437499999999993E+00     3.0308451448375401E-01
 6.5812499999999998E+00     3.7343703554352742E-01
 6.6187499999999995E+00     4.4275386644904591E-01
 6.6562500000000000E+00     5.1065973925999053E-01
 6.6937499999999996E+00     5.7674569949700205E-01
 6.7312499999999993E+00     6.4056347387683055E-01
 6.7687499999999998E+00     7.0162055106620713E-01
 6.8062499999999995E+00     7.5937630192038386E-01
 6.8437500000000000E+00     8.1323952986264869E-01
 6.8812499999999996E+00     8.6256787758498654E-01
 6.9187499999999993E+00     9.0666950461534601E-01
 6.9562499999999998E+00     9.4480737498537259E-01
 6.9937499999999995E+00     9.7620634440327292E-01
 7.0312500000000000E+00     1.0001568485613113E+00
 7.0687499999999996E+00     1.0165573726698791E+00
 7.1062499999999993E+00     1.0255605295859151E+00
 7.1437499999999998E+00     1.0273359746083655E+00
 7.1812499999999995E+00     1.0220844993236908E+00
 7.2187499999999991E+00     1.0100498392289483E+00
 7.2562499999999996E+00     9.9152705870766900E-01
 7.2937499999999993E+00     9.6686728098837471E-01
 7.3312499999999998E+00     9.3647875703637029E-01
 7.3687499999999995E+00     9.0082452278507086E-01
 7.4062499999999991E+00     8.6041713696291056E-01
 7.4437499999999996E+00     8.1581118798204721E-01
 7.4812499999999993E+00     7.6759438468658170E-01
 7.5187499999999998E+00     7.1637809130505770E-01
 7.5562499999999995E+00     6.6278813267837078E-01
 7.5937499999999991E+00     6.0745659230206794E-01
 7.6312499999999996E+00     5.5101516976019838E-01
 7.6687499999999993E+00     4.9409047531694550E-01
 7.7062499999999998E+00     4.3730143715107067E-01
 7.7437499999999995E+00     3.8125879822263775E-01
 7.7812499999999991E+00     3.2656649930964526E-01
 7.8187499999999996E+00     2.7382459358048200E-01
 7.8562499999999993E+00     2.2363322476589978E-01
 7.8937499999999998E+00     1.7659713188058196E-01
 7.9312499999999995E+00     1.3333012263869387E-01
 7.9687499999999991E+00     9.4458986807169701E-02
 8.0062499999999996E+00     6.0625677508761418E-02
 8.0437500000000011E+00     3.2245261951471871E-02
 8.0812500000000007E+00     9.1507211456489431E-03
 8.1187500000000004E+00    -8.9023313104588005E-03
 8.1562500000000000E+00    -2.2151961865095361E-02
 8.1937499999999996E+00    -3.0836251122360443E-02
 8.2312500000000011E+00    -3.5198926907028714E-02
 8.2687500000000007E+00    -3.5493975649748481E-02
 8.3062500000000004E+00    -3.1988980986354679E-02
 8.3437500000000000E+00    -2.4967041309003981E-02
 8.3812499999999996E+00    -1.4727230449721617E-02
 8.4187500000000011E+00    -1.5836710668478277E-03
 8.4562500000000007E+00     1.4136621242580532E-02
 8.4937500000000004E+00     3.2096897634708799E-02
 8.5312500000000000E+00     5.1954567319829309E-02
 8.5687499999999996E+00     7.3365519333602580E-02
 8.6062500000000011E+00     9.5988558539686131E-02
 8.6437500000000007E+00     1.1948963483081343E-01
 8.6812500000000004E+00     1.4354554787529569E-01
 8.7187500000000000E+00     1.6784682111741517E-01
 8.7562499999999996E+00     1.9209945988528773E-01
 8.7937500000000011E+00     2.1602534277464125E-01
 8.8312500000000007E+00     2.3936104713498890E-01
 8.8687500000000004E+00     2.6185498234776089E-01
 8.9062500000000000E+00     2.8326280096166545E-01
 8.9437499999999996E+00     3.0334117716381909E-01
 8.9812500000000011E+00     3.2184018024209715E-01
 9.0187500000000007E+00     3.3850556646889307E-01
 9.0562500000000004E+00     3.5331049726109565E-01
 9.0937500000000000E+00     3.6644747922280868E-01
 9.1312499999999996E+00     3.7808220066660664E-01
 9.1687500000000011E+00     3.8833978761454141E-01
 9.2062500000000007E+00     3.9730389621953555E-01
 9.2437500000000004E+00     4.0501776529712519E-01
 9.2812500000000000E+00     4.1148719539144618E-01
 9.3187499999999996E+00     4.1668528850592862E-01
 9.3562500000000011E+00     4.2055867169201644E-01
 9.3937500000000007E+00     4.2303484257509860E-01
 9.4312500000000004E+00     4.2403021825736631E-01
 9.4687500000000000E+00     4.2345844182584047E-01
 9.5062499999999996E+00     4.2123850229606785E-01
 9.5437500000000011E+00     4.1730225222355510E-01
 9.5812500000000007E+00     4.1160095913639472E-01
 9.6187500000000004E+00     4.0411059796614823E-01
 9.6562500000000000E+00     3.9483567640322148E-01
 9.6937499999999996E+00     3.8381147746904365E-01
 9.7312500000000011E+00     3.7110469710221233E-01
 9.7687500000000007E+00     3.5681254281275043E-01
 9.8062500000000004E+00     3.4106043670434100E-01
 9.8437500000000000E+00     3.2399852780931720E-01
 9.8812499999999996E+00     3.0579726173682653E-01
 9.9187500000000011E+00     2.8664227898485928E-01
 9.9562500000000007E+00     2.6672891768393092E-01
 9.9937500000000004E+00     2.4625658444737267E-01
 1.0031250000000000E+01     2.2542644325737077E-01
 1.0068750000000000E+01     2.0445440390987946E-01
 1.0106250000000001E+01     1.8355430773080444E-01
 1.0143750000000001E+01     1.6292630250758380E-01
 1.0181250000000000E+01     1.4275471284063004E-01
 1.0218750000000000E+01     1.2320654594019942E-01
 1.0256250000000000E+01     1.0443054687269146E-01
 1.0293750000000001E+01     8.6556745671789018E-02
 1.0331250000000001E+01     6.9696443392404939E-02
 1.0368750000000000E+01     5.3942591168201111E-02
 1.0406250000000000E+01     3.9370524720471742E-02
 1.0443750000000000E+01     2.6039025386238944E-02
 1.0481250000000001E+01     1.3991686453380820E-02
 1.0518750000000001E+01     3.2585694658332325E-03
 1.0556250000000000E+01    -6.1418614832675529E-03
 1.0593750000000000E+01    -1.4200538990102530E-02
 1.0631250000000000E+01    -2.0915339130497111E-02
 1.0668750000000001E+01    -2.6288395074072386E-02
 1.0706250000000001E+01    -3.0323204338135394E-02
 1.0743750000000000E+01    -3.3021565676436278E-02
 1.0781250000000000E+01    -3.4380391604966490E-02
 1.0818750000000000E+01    -3.4388452505423245E-02
 1.0856250000000001E+01    -3.3023117184132707E-02
 1.0893750000000001E+01    -3.0247161791822380E-02
 1.0931250000000000E+01    -2.6005723297789968E-02
 1.0968750000000000E+01    -2.0223474562831772E-02
 1.1006250000000000E+01    -1.2802359087150562E-02
 1.1043750000000001E+01    -3.7087010153525131E-03
 1.1081250000000001E+01     6.8981542296752858E-03
 1.1118750000000000E+01     1.8851633325494402E-02
 1.1156250000000000E+01     3.2008589283756043E-02
 1.1193750000000000E+01     4.6246479461013665E-02
 1.1231250000000001E+01     6.1460311827211477E-02
 1.1268750000000001E+01     7.7559434014907516E-02
 1.1306250000000000E+01     9.4464255365994454E-02
 1.1343750000000000E+01     1.1210299131174219E-01
 1.1381250000000000E+01     1.3040850828648609E-01
 1.1418750000000001E+01     1.4931533041252004E-01
 1.1456250000000001E+01     1.6875684968591484E-01
 1.1493750000000000E+01     1.8866276185904918E-01
 1.1531250000000000E+01     2.0895673258355324E-01
 1.1568750000000000E+01     2.2955428406165040E-01
 1.1606250000000001E+01     2.5036088238109416E-01
 1.1643750000000001E+01     2.7127020033340182E-01
 1.1681250000000000E+01     2.9216252983824642E-01
 1.1718750000000000E+01     3.1290332170010804E-01
 1.1756250000000000E+01     3.3334183751964208E-01
 1.1793750000000001E+01     3.5330990808314544E-01
 1.1831250000000001E+01     3.7262080315350954E-01
 1.1868750000000000E+01     3.9106822785902295E-01
 1.1906250000000000E+01     4.0842546938274427E-01
 1.1943750000000000E+01     4.2444472306441561E-01
 1.1981250000000001E+01     4.3885662824350991E-01
 1.2018750000000001E+01     4.5137717960099388E-01
 1.2056250000000000E+01     4.6186488903834499E-01
 1.2093750000000000E+01     4.7032293121319169E-01
 1.2131250000000000E+01     4.7674752519253916E-01
 1.2168750000000001E+01     4.8112719870207316E-01
 1.2206250000000001E+01     4.8344828871442314E-01
 1.2243750000000000E+01     4.8369973695728774E-01
 1.2281250000000000E+01     4.8187735708639612E-01
 1.2318750000000000E+01     4.7798768041667000E-01
 1.2356250000000001E+01     4.7205144651695902E-01
 1.2393750000000001E+01     4.6410677981307724E-01
 1.2431250000000000E+01     4.5421207576507705E-01
 1.2468750000000000E+01     4.4244860588295781E-01
 1.2506250000000000E+01     4.2892283765785733E-01
 1.2543750000000001E+01     4.1376845256850242E-01
 1.2581250000000001E+01     3.9714803261850523E-01
 1.2618750000000000E+01     3.7925437375519766E-01
 1.2656250000000000E+01     3.6031137362730969E-01
 1.2693750000000000E+01     3.4057443218057643E-01
 1.2731250000000001E+01     3.2033029737134461E-01
 1.2768750000000001E+01     2.9989628572311533E-01
 1.2806250000000000E+01     2.7961880965268238E-01
 1.2843750000000000E+01     2.5987115175028663E-01
 1.2881250000000000E+01     2.4105044195650779E-01
 1.2918750000000001E+01     2.2357381824734263E-01
 1.2956250000000001E+01     2.0787378607181733E-01
 1.2993750000000000E+01     1.9439283663557169E-01
 1.3031250000000000E+01     1.8353037048216822E-01
 1.3068750000000000E+01     1.7537011793520274E-01
 1.3106250000000001E+01     1.6985652572492871E-01
 1.3143750000000001E+01     1.6691197012051484E-01
 1.3181250000000000E+01     1.6642891770350920E-01
 1.3218750000000000E+01     1.6826429729986037E-01
 1.3256250000000000E+01     1.7223615090004146E-01
 1.3293750000000001E+01     1.7812229077657901E-01
 1.3331250000000001E+01     1.8566068690006968E-01
 1.3368750000000000E+01     1.9455129251467965E-01
 1.3406250000000000E+01     2.0445900264354500E-01
 1.3443750000000000E+01     2.1501743851510086E-01
 1.3481250000000001E+01     2.2583326331169037E-01
 1.3518750000000001E+01     2.3649076066927394E-01
 1.3556250000000000E+01     2.4655644429960891E-01
 1.3593750000000000E+01     2.5558351115749744E-01
 1.3631250000000000E+01     2.6311599762067744E-01
 1.3668750000000001E+01     2.6869254438009160E-01
 1.3706250000000001E+01     2.7184971808144370E-01
 1.3743750000000000E+01     2.7212487414614306E-01
 1.3781250000000000E+01     2.6905857467425826E-01
 1.3818750000000000E+01     2.6219659799351935E-01
 1.3856250000000001E+01     2.5109159319851321E-01
 1.3893750000000001E+01     2.3530444527570143E-01
 1.3931250000000000E+01     2.1440542529347251E-01
 1.3968750000000000E+01     1.8797520585143576E-01
 1.4006250000000000E+01     1.5560656260748165E-01
 1.4043750000000001E+01     1.1715538072712975E-01
 1.4081250000000001E+01     7.3106149959793740E-02
 1.4118750000000000E+01     2.4052840239113037E-02
 1.4156250000000000E+01    -2.9389878782228783E-02
 1.4193750000000000E+01    -8.6583926737303307E-02
 1.4231250000000001E+01    -1.4686618053385145E-01
 1.4268750000000001E+01    -2.0954801243519625E-01
 1.4306250000000000E+01    -2.7391627506745719E-01
 1.4343750000000000E+01    -3.3923612284883325E-01
 1.4381250000000000E+01    -4.0475608575353439E-01
 1.4418749999999999E+01    -4.6971573484916324E-01
 1.4456250000000001E+01    -5.3335608746421626E-01
 1.4493750000000000E+01    -5.9493259250989383E-01
 1.4531250000000000E+01    -6.5373013086725373E-01
 1.4568750000000000E+01    -7.0907900235796695E-01
 1.4606249999999999E+01    -7.6037041465305477E-01
 1.4643750000000001E+01    -8.0706962588172093E-01
 1.4681250000000000E+01    -8.4872471602479127E-01
 1.4718750000000000E+01    -8.8496905748652444E-01
 1.4756250000000000E+01    -9.1551597603120016E-01
 1.4793749999999999E+01    -9.4014484052670655E-01
 1.4831250000000001E+01    -9.5867882930342097E-01
 1.4868750000000000E+01    -9.7095576371123316E-01
 1.4906250000000000E+01    -9.7679449959437481E-01
 1.4943750000000000E+01    -9.7596023202156279E-01
 1.4981249999999999E+01    -9.6813252514293291E-01
 1.5018750000000001E+01    -9.5290905455162456E-01
 1.5056250000000000E+01    -9.3043314574002278E-01
 1.5093750000000000E+01    -9.0139164154326745E-01
 1.5131250000000000E+01    -8.6638492620974350E-01
 1.5168749999999999E+01    -8.2592178020966567E-01
 1.5206250000000001E+01    -7.8044833185801521E-01
 1.5243750000000000E+01    -7.3037826457095056E-01
 1.5281250000000000E+01    -6.7612108385057690E-01
 1.5318750000000000E+01    -6.1810597121585675E-01
 1.5356249999999999E+01    -5.5679970046101757E-01
 1.5393750000000001E+01    -4.9271806191966400E-01
 1.5431250000000000E+01    -4.2643107550053566E-01
 1.5468750000000000E+01    -3.5856287653559588E-01
 1.5506250000000000E+01    -2.8978749629127293E-01
 1.5543749999999999E+01    -2.2082185137333590E-01
 1.5581250000000001E+01    -1.5241716001685329E-01
 1.5618750000000000E+01    -8.5349792279988526E-02
 1.5656250000000000E+01    -2.0412308485731716E-02
 1.5693750000000000E+01     4.1594795031067652E-02
 1.5731249999999999E+01     9.9870293671566593E-02
 1.5768750000000001E+01     1.5361816569247327E-01
 1.5806250000000000E+01     2.0205205982642466E-01
 1.5843750000000000E+01     2.4439811037666073E-01
 1.5881250000000000E+01     2.7989589294120482E-01
 1.5918749999999999E+01     3.0779731278515793E-01
 1.5956250000000001E+01     3.2736326146441097E-01
 1.5993750000000000E+01     3.3785798279047896E-01
 1.6031250000000000E+01     3.3869028611216700E-01
 1.6068750000000001E+01     3.3024595388410455E-01
 1.6106249999999999E+01     3.1329355150871763E-01
 1.6143750000000001E+01     2.8857722486007709E-01
 1.6181249999999999E+01     2.5681290240663029E-01
 1.6218750000000000E+01     2.1868678999675040E-01
 1.6256250000000001E+01     1.7485530565697119E-01
 1.6293749999999999E+01     1.2594653449657359E-01
 1.6331250000000001E+01     7.2563084890232388E-02
 1.6368749999999999E+01     1.5286097629399309E-02
 1.6406250000000000E+01    -4.5319900636207389E-02
 1.6443750000000001E+01    -1.0870160686631611E-01
 1.6481249999999999E+01    -1.7431127113875511E-01
 1.6518750000000001E+01    -2.4160092184833049E-01
 1.6556249999999999E+01    -3.1001656814149181E-01
 1.6593750000000000E+01    -3.7899237279536463E-01
 1.6631250000000001E+01    -4.4794472261523283E-01
 1.6668749999999999E+01    -5.1626609281325886E-01
 1.6706250000000001E+01    -5.8331861601655088E-01
 1.6743749999999999E+01    -6.4842732986341611E-01
 1.6781250000000000E+01    -7.1087318802052035E-01
 1.6818750000000001E+01    -7.6988606947593619E-01
 1.6856249999999999E+01    -8.2463819409351158E-01
 1.6893750000000001E+01    -8.7423852476744501E-01
 1.6931249999999999E+01    -9.1772887714515561E-01
 1.6968750000000000E+01    -9.5408253108340479E-01
 1.7006250000000001E+01    -9.8220723891629924E-01
 1.7043749999999999E+01    -1.0013333813234377E+00
 1.7081250000000001E+01    -1.0115821406449939E+00
 1.7118749999999999E+01    -1.0131871878791823E+00
 1.7156250000000000E+01    -1.0063788302649623E+00
 1.7193750000000001E+01    -9.9140828576389484E-01
 1.7231249999999999E+01    -9.6856893181915582E-01
 1.7268750000000001E+01    -9.3821349689004530E-01
 1.7306249999999999E+01    -9.0076630901287091E-01
 1.7343750000000000E+01    -8.5673006456886580E-01
 1.7381250000000001E+01    -8.0668704051986895E-01
 1.7418749999999999E+01    -7.5129515793177604E-01
 1.7456250000000001E+01    -6.9127973700678358E-01
 1.7493749999999999E+01    -6.2742210499353002E-01
 1.7531250000000000E+01    -5.6054639297029518E-01
 1.7568750000000001E+01    -4.9150587653564654E-01
 1.7606249999999999E+01    -4.2117009358779489E-01
 1.7643750000000001E+01    -3.5041374167247064E-01
 1.7681249999999999E+01    -2.8010805873979294E-01
 1.7718750000000000E+01    -2.1111506611813907E-01
 1.7756250000000001E+01    -1.4428473703865172E-01
 1.7793749999999999E+01    -8.0454875173043797E-02
 1.7831250000000001E+01    -2.0453263018105718E-02
 1.7868749999999999E+01     3.4898520694846315E-02
 1.7906250000000000E+01     8.4780307831530261E-02
 1.7943750000000001E+01     1.2836828842701170E-01
 1.7981249999999999E+01     1.6483037038626452E-01
 1.8018750000000001E+01     1.9335032600018096E-01
 1.8056249999999999E+01     2.1373749687948657E-01
 1.8093750000000000E+01     2.2642840566757214E-01
 1.8131250000000001E+01     2.3188149546965589E-01
 1.8168749999999999E+01     2.3055723741839279E-01
 1.8206250000000001E+01     2.2292437476669866E-01
 1.8243749999999999E+01     2.0946439116891563E-01
 1.8281250000000000E+01     1.9067418126432675E-01
 1.8318750000000001E+01     1.6706694848980733E-01
 1.8356249999999999E+01     1.3917144776579590E-01
 1.8393750000000001E+01     1.0752979102505404E-01
 1.8431249999999999E+01     7.2694119952769712E-02
 1.8468750000000000E+01     3.5222513355410663E-02
 1.8506250000000001E+01    -4.3254650249643766E-03
 1.8543749999999999E+01    -4.5393155523527080E-02
 1.8581250000000001E+01    -8.7430705854149318E-02
 1.8618749999999999E+01    -1.2989808036774458E-01
 1.8656250000000000E+01    -1.7226679494870561E-01
 1.8693750000000001E+01    -2.1402004215139209E-01
 1.8731249999999999E+01    -2.5465093872541661E-01
 1.8768750000000001E+01    -2.9365872450164254E-01
 1.8806249999999999E+01    -3.3054287289587525E-01
 1.8843750000000000E+01    -3.6479524006534131E-01
 1.8881250000000001E+01    -3.9589057642090320E-01
 1.8918749999999999E+01    -4.2327593677653619E-01
 1.8956250000000001E+01    -4.4635973109154847E-01
 1.8993749999999999E+01    -4.6450132604646349E-01
 1.9031250000000000E+01    -4.7710896587558416E-01
 1.9068750000000001E+01    -4.8423699313236018E-01
 1.9106249999999999E+01    -4.8616714980298115E-01
 1.9143750000000001E+01    -4.8312928009653833E-01
 1.9181249999999999E+01    -4.7531305910058236E-01
 1.9218750000000000E+01    -4.6288143463429821E-01
 1.9256250000000001E+01    -4.4598412548196081E-01
 1.9293749999999999E+01    -4.2477031291131379E-01
 1.9331250000000001E+01    -3.9939973521018274E-01
 1.9368749999999999E+01    -3.7005156184937538E-01
 1.9406250000000000E+01    -3.3693064500771241E-01
 1.9443750000000001E+01    -3.0027098729323426E-01
 1.9481249999999999E+01    -2.6033649783313978E-01
 1.9518750000000001E+01    -2.1741931404349665E-01
 1.9556249999999999E+01    -1.7183613026028263E-01
 1.9593750000000000E+01    -1.2392309067924084E-01
 1.9631250000000001E+01    -7.4029871792146457E-02
 1.9668749999999999E+01    -2.2513601465381065E-02
 1.9706250000000001E+01     3.0266757425985558E-02
 1.9743749999999999E+01     8.3954986421088562E-02
 1.9781250000000000E+01     1.3820066907116735E-01
 1.9818750000000001E+01     1.9266035767474904E-01
 1.9856249999999999E+01     2.4699662060839020E-01
 1.9893750000000001E+01     3.0087490181136900E-01
 1.9931249999999999E+01     3.5395829577435756E-01
 1.9968750000000000E+01     4.0590051285500983E-01
 2.0006250000000001E+01     4.5633799335149522E-01
 2.0043749999999999E+01     5.0505947328999079E-01
 2.0081250000000001E+01     5.5225789750990817E-01
 2.0118749999999999E+01     5.9815265876679424E-01
 2.0156250000000000E+01     6.4292259307598298E-01
 2.0193750000000001E+01     6.8670553454703820E-01
 2.0231249999999999E+01     7.2959789408804510E-01
 2.0268750000000001E+01     7.7165414006815558E-01
 2.0306249999999999E+01     8.1288596670656976E-01
 2.0343750000000000E+01     8.5326095736174590E-01
 2.0381250000000001E+01     8.9270066289891048E-01
 2.0418749999999999E+01     9.3107819993391583E-01
 2.0456250000000001E+01     9.6821570928576683E-01
 2.0493749999999999E+01     1.0038822772272373E+00
 2.0531250000000000E+01     1.0377931806401404E+00
 2.0568750000000001E+01     1.0696115328950986E+00
 2.0606249999999999E+01     1.0989535318016201E+00
 2.0643750000000001E+01     1.1253984891662290E+00
 2.0681249999999999E+01     1.1485045988997438E+00
 2.0718750000000000E+01     1.1678309368549926E+00
 2.0756250000000001E+01     1.1829654727133425E+00
 2.0793749999999999E+01     1.1935579562474501E+00
 2.0831250000000001E+01     1.1993555265479749E+00
 2.0868749999999999E+01     1.2002379564202319E+00
 2.0906250000000000E+01     1.1962487976064338E+00
 2.0943750000000001E+01     1.1876185394427834E+00
 2.0981249999999999E+01     1.1747763664361579E+00
 2.1018750000000001E+01     1.1583415737931142E+00
 2.1056249999999999E+01     1.1389612278381638E+00
 2.1093750000000000E+01     1.1172782943498016E+00
 2.1131250000000001E+01     1.0940322202637276E+00
 2.1168749999999999E+01     1.0700146891294224E+00
 2.1206250000000001E+01     1.0460203332709084E+00
 2.1243749999999999E+01     1.0228029595858350E+00
 2.1281250000000000E+01     1.0010399997193549E+00
 2.1318750000000001E+01     9.8130657130760834E-01
 2.1356249999999999E+01     9.6405927867453589E-01
 2.1393750000000001E+01     9.4962888697283465E-01
 2.1431249999999999E+01     9.3822036313050994E-01
 2.1468750000000000E+01     9.2991848798911403E-01
 2.1506250000000001E+01     9.2469724481939197E-01
 2.1543749999999999E+01     9.2243139212695680E-01
 2.1581250000000001E+01     9.2290894573113413E-01
 2.1618749999999999E+01     9.2584365448006467E-01
 2.1656250000000000E+01     9.3088690460861900E-01
 2.1693750000000001E+01     9.3763879823504037E-01
 2.1731249999999999E+01     9.4565840523901867E-01
 2.1768750000000001E+01     9.5447337745704219E-01
 2.1806249999999999E+01     9.6358923702143140E-01
 2.1843750000000000E+01     9.7249870560358176E-01
 2.1881250000000001E+01     9.8069142770819728E-01
 2.1918749999999999E+01     9.8766435973943945E-01
 2.1956250000000001E+01     9.9293295154804784E-01
 2.1993749999999999E+01     9.9604304907083818E-01
 2.2031250000000000E+01     9.9659569440385432E-01
 2.2068750000000001E+01     9.9432955446985627E-01
 2.2106249999999999E+01     9.8908080655407660E-01
 2.2143750000000001E+01     9.8075398841870032E-01
 2.2181249999999999E+01     9.6932323973249868E-01
 2.2218750000000000E+01     9.5483086605309064E-01
 2.2256250000000001E+01     9.3738305250192044E-01
 2.2293749999999999E+01     9.1714289307797658E-01
 2.2331250000000001E+01     8.9432113758376652E-01
 2.2368749999999999E+01     8.6916525265647337E-01
 2.2406250000000000E+01     8.4194751921456024E-01
 2.2443750000000001E+01     8.1295293150968506E-01
 2.2481249999999999E+01     7.8246762306027073E-01
 2.2518750000000001E+01     7.5076843505027835E-01
 2.2556249999999999E+01     7.1811408524065434E-01
 2.2593750000000000E+01     6.8473821580680938E-01
 2.2631250000000001E+01     6.5084442134832021E-01
 2.2668749999999999E+01     6.1660320320272721E-01
 2.2706250000000001E+01     5.8215067571757573E-01
 2.2743749999999999E+01     5.4758876954382996E-01
 2.2781250000000000E+01     5.1298663528147892E-01
 2.2818750000000001E+01     4.7838294241383922E-01
 2.2856249999999999E+01     4.4378878538732819E-01
 2.2893750000000001E+01     4.0919094219321134E-01
 2.2931249999999999E+01     3.7455527275409006E-01
 2.2968750000000000E+01     3.3983008812301285E-01
 2.3006250000000001E+01     3.0494943918354922E-01
 2.3043749999999999E+01     2.6986213456667485E-01
 2.3081250000000001E+01     2.3457268184264712E-01
 2.3118749999999999E+01     1.9909067353384483E-01
 2.3156250000000000E+01     1.6342521016246891E-01
 2.3193750000000001E+01     1.2758819234938706E-01
 2.3231249999999999E+01     9.1596871826109094E-02
 2.3268750000000001E+01     5.5475811811885836E-02
 2.3306249999999999E+01     1.9258368911001002E-02
 2.3343750000000000E+01    -1.7012216381216416E-02
 2.3381250000000001E+01    -5.3282050128172422E-02
 2.3418749999999999E+01    -8.9486077389694246E-02
 2.3456250000000001E+01    -1.2554778614682310E-01
 2.3493749999999999E+01    -1.6137907914756189E-01
 2.3531250000000000E+01    -1.9688027644427036E-01
 2.3568750000000001E+01    -2.3194021765812536E-01
 2.3606249999999999E+01    -2.6643643940712708E-01
 2.3643750000000001E+01    -3.0023540984442143E-01
 2.3681249999999999E+01    -3.3319280867724643E-01
 2.3718750000000000E+01    -3.6515384707882015E-01
 2.3756250000000001E+01    -3.9595362722452287E-01
 2.3793749999999999E+01    -4.2541754543714805E-01
 2.3831250000000001E+01    -4.5336174581148431E-01
 2.3868749999999999E+01    -4.7959363246359632E-01
 2.3906250000000000E+01    -5.0391244805912827E-01
 2.3943750000000001E+01    -5.2610992395897727E-01
 2.3981249999999999E+01    -5.4597100322244463E-01
 2.4018750000000001E+01    -5.6328078056042208E-01
 2.4056249999999999E+01    -5.7796065420221898E-01
 2.4093750000000000E+01    -5.9007007300067704E-01
 2.4131250000000001E+01    -5.9967441733436699E-01
 2.4168749999999999E+01    -6.0684228695841591E-01
 2.4206250000000001E+01    -6.1164834538668822E-01
 2.4243749999999999E+01    -6.1417564369709865E-01
 2.4281250000000000E+01    -6.1451748877341905E-01
 2.4318750000000001E+01    -6.1277889348445602E-01
 2.4356249999999999E+01    -6.0907763441868290E-01
 2.4393750000000001E+01    -6.0354494051985785E-01
 2.4431249999999999E+01    -5.9632583940484918E-01
 2.4468750000000000E+01    -5.8757919462295638E-01
 2.4506250000000001E+01    -5.7747747471829980E-01
 2.4543749999999999E+01    -5.6620630225563784E-01
 2.4581250000000001E+01    -5.5396383691217332E-01
 2.4618749999999999E+01    -5.4096005057067653E-01
 2.4656250000000000E+01    -5.2741595359969473E-01
 2.4693750000000001E+01    -5.1356282995789504E-01
 2.4731249999999999E+01    -4.9964153441836312E-01
 2.4768750000000001E+01    -4.8590189828851788E-01
 2.4806249999999999E+01    -4.7260228087110157E-01
 2.4843750000000000E+01    -4.6000929306254584E-01
 2.4881250000000001E+01    -4.4839770749167007E-01
 2.4918749999999999E+01    -4.3805055707195056E-01
 2.4956250000000001E+01    -4.2925941140040391E-01
 2.4993749999999999E+01    -4.2232480868178168E-01
 2.5031250000000000E+01    -4.1752772312706476E-01
 2.5068750000000001E+01    -4.1496580817562867E-01
 2.5106249999999999E+01    -4.1466763054331568E-01
 2.5143750000000001E+01    -4.1667015039557609E-01
 2.5181249999999999E+01    -4.2101762152930622E-01
 2.5218750000000000E+01    -4.2776031232059164E-01
 2.5256250000000001E+01    -4.3695318038630682E-01
 2.5293749999999999E+01    -4.4865442354212870E-01
 2.5331250000000001E+01    -4.6292384265161329E-01
 2.5368749999999999E+01    -4.7982095751579446E-01
 2.5406250000000000E+01    -4.9940281706665990E-01
 2.5443750000000001E+01    -5.2172144140331089E-01
 2.5481249999999999E+01    -5.4682082713153135E-01
 2.5518750000000001E+01    -5.7473344063029652E-01
 2.5556249999999999E+01    -6.0547611814224822E-01
 2.5593750000000000E+01    -6.3904528930441451E-01
 2.5631250000000001E+01    -6.7541144486951010E-01
 2.5668749999999999E+01    -7.1451278366842086E-01
 2.5706250000000001E+01    -7.5624800298217443E-01
 2.5743749999999999E+01    -8.0046824592270638E-01
 2.5781250000000000E+01    -8.4696829526075412E-01
 2.5818750000000001E+01    -8.9547721140615533E-01
 2.5856249999999999E+01    -9.4564875766038892E-01
 2.5893750000000001E+01    -9.9705213987125973E-01
 2.5931249999999999E+01    -1.0491638055625117E+00
 2.5968750000000000E+01    -1.1013612851683898E+00
 2.6006250000000001E+01    -1.1529203902232432E+00
 2.6043749999999999E+01    -1.2030517021121914E+00
 2.6081250000000001E+01    -1.2509591910146896E+00
 2.6118749999999999E+01    -1.2957838651571099E+00
 2.6156250000000000E+01    -1.3366163261373589E+00
 2.6193750000000001E+01    -1.3725311613391562E+00
 2.6231249999999999E+01    -1.4026294370157668E+00
 2.6268750000000001E+01    -1.4260871719494979E+00
 2.6306249999999999E+01    -1.4422063024611305E+00
 2.6343750000000000E+01    -1.4504634952575957E+00
 2.6381250000000001E+01    -1.4505515382794949E+00
 2.6418749999999999E+01    -1.4424082053304930E+00
 2.6456250000000001E+01    -1.4262285660425205E+00
 2.6493749999999999E+01    -1.4024586005121562E+00
 2.6531250000000000E+01    -1.3717703563075296E+00
 2.6568750000000001E+01    -1.3350212822298855E+00
 2.6606249999999999E+01    -1.2932022977699456E+00
 2.6643750000000001E+01    -1.2473802446123998E+00
 2.6681249999999999E+01    -1.1986404754258908E+00
 2.6718750000000000E+01    -1.1480345655773725E+00
 2.6756250000000001E+01    -1.0965367660627916E+00
 2.6793749999999999E+01    -1.0450112068738635E+00
 2.6831250000000001E+01    -9.9419033557089775E-01
 2.6868749999999999E+01    -9.4466386240554168E-01
 2.6906250000000000E+01    -8.9687668417689670E-01
 2.6943750000000001E+01    -8.5113387004200425E-01
 2.6981249999999999E+01    -8.0761073922464077E-01
 2.7018750000000001E+01    -7.6636894713846937E-01
 2.7056249999999999E+01    -7.2743127254282336E-01
 2.7093750000000000E+01    -6.9079747573815453E-01
 2.7131250000000001E+01    -6.5640067165807348E-01
 2.7168749999999999E+01    -6.2412036424827255E-01
 2.7206250000000001E+01    -5.9379737696567636E-01
 2.7243749999999999E+01    -5.6524745331247173E-01
 2.7281250000000000E+01    -5.3827323859643550E-01
 2.7318750000000001E+01    -5.1267452413745151E-01
 2.7356249999999999E+01    -4.8825675206757846E-01
 2.7393750000000001E+01    -4.6483785479957501E-01
 2.7431249999999999E+01    -4.4225354912211934E-01
 2.7468750000000000E+01    -4.2036122981804469E-01
 2.7506250000000001E+01    -3.9904261874161950E-01
 2.7543749999999999E+01    -3.7820532755936687E-01
 2.7581250000000001E+01    -3.5778348937400589E-01
 2.7618749999999999E+01    -3.3773760845542922E-01
 2.7656250000000000E+01    -3.1805376961235032E-01
 2.7693750000000001E+01    -2.9874234003743477E-01
 2.7731249999999999E+01    -2.7983628703231966E-01
 2.7768750000000001E+01    -2.6138922494818029E-01
 2.7806249999999999E+01    -2.4347329395691969E-01
 2.7843750000000000E+01    -2.2617696189539263E-01
 2.7881250000000001E+01    -2.0960282844319988E-01
 2.7918749999999999E+01    -1.9386549840284598E-01
 2.7956250000000001E+01    -1.7908957800543243E-01
 2.7993749999999999E+01    -1.6540783515303309E-01
 2.8031250000000000E+01    -1.5293945584821639E-01
 2.8068750000000001E+01    -1.4167506521122611E-01
 2.8106249999999999E+01    -1.3155429160758023E-01
 2.8143750000000001E+01    -1.2251856787507084E-01
 2.8181249999999999E+01    -1.1451006507904596E-01
 2.8218750000000000E+01    -1.0747080856636376E-01
 2.8256250000000001E+01    -1.0134204845755469E-01
 2.8293749999999999E+01    -9.6063817909327567E-02
 2.8331250000000001E+01    -9.1574628739821862E-02
 2.8368749999999999E+01    -8.7811266183602507E-02
 2.8406250000000000E+01    -8.4708653912055440E-02
 2.8443750000000001E+01    -8.2199767837297169E-02
 2.8481249999999999E+01    -8.0215583154966089E-02
 2.8518750000000001E+01    -7.8685043943094127E-02
 2.8556249999999999E+01    -7.7535048684287594E-02
 2.8593750000000000E+01    -7.6690448510597448E-02
 2.8631250000000001E+01    -7.6074057932530595E-02
 2.8668749999999999E+01    -7.5606680418180444E-02
 2.8706250000000001E+01    -7.5207153519907893E-02
 2.8743749999999999E+01    -7.4792420362295498E-02
 2.8781250000000000E+01    -7.4277636237487260E-02
 2.8818749999999998E+01    -7.3576320804749920E-02
 2.8856249999999999E+01    -7.2600567930621862E-02
 2.8893750000000001E+01    -7.1261326470285852E-02
 2.8931249999999999E+01    -6.9468766177545382E-02
 2.8968750000000000E+01    -6.7132743300611419E-02
 2.9006249999999998E+01    -6.4153478702693570E-02
 2.9043749999999999E+01    -6.0087206976834041E-02
 2.9081250000000001E+01    -5.5012903782191702E-02
 2.9118749999999999E+01    -4.9318375327118524E-02
 2.9156250000000000E+01    -4.3387406501851980E-02
 2.9193749999999998E+01    -3.7591281148837967E-02
 2.9231249999999999E+01    -3.2276896801249844E-02
 2.9268750000000001E+01    -2.7752749723023572E-02
 2.9306249999999999E+01    -2.4274390089349562E-02
 2.9343750000000000E+01    -2.2030836217906531E-02
 2.9381249999999998E+01    -2.1133185581717583E-02
 2.9418749999999999E+01    -2.1606405445964025E-02
 2.9456250000000001E+01    -2.3385063702346276E-02
 2.9493749999999999E+01    -2.6313558982591443E-02
 2.9531250000000000E+01    -3.0151195867492275E-02
 2.9568749999999998E+01    -3.4582184808038631E-02
 2.9606249999999999E+01    -3.9230287163371215E-02
 2.9643750000000001E+01    -4.3677349140868307E-02
 2.9681249999999999E+01    -4.7484385018605559E-02
 2.9718750000000000E+01    -5.0213242918954341E-02
 2.9756249999999998E+01    -5.1446336306657611E-02
 2.9793749999999999E+01    -5.0801613299056282E-02
 2.9831250000000001E+01    -4.7940026916554711E-02
 2.9868749999999999E+01    -4.2563372327606104E-02
 2.9906250000000000E+01    -3.4401479926616997E-02
 2.9943749999999998E+01    -2.3189282778434284E-02
 2.9981249999999999E+01    -8.6360031850203616E-03
