#                  time                       real
 1.8749999999999999E-02    -1.0941608941598761E-02
 5.6249999999999994E-02    -3.1026378692557532E-02
 9.3750000000000000E-02    -4.8796740407336517E-02
 1.3124999999999998E-01    -6.4356179852824533E-02
 1.6874999999999998E-01    -7.7811364711848532E-02
 2.0624999999999999E-01    -8.9271277557130393E-02
 2.4374999999999997E-01    -9.8846106668944694E-02
 2.8125000000000000E-01    -1.0664595921883722E-01
 3.1874999999999998E-01    -1.1277947299478781E-01
 3.5624999999999996E-01    -1.1735241018248520E-01
 3.9374999999999999E-01    -1.2046631930873285E-01
 4.3124999999999997E-01    -1.2221734915220833E-01
 4.6874999999999994E-01    -1.2269529138242738E-01
 5.0624999999999998E-01    -1.2198291732042285E-01
 5.4375000000000007E-01    -1.2015565917646095E-01
 5.8125000000000004E-01    -1.1728166824169929E-01
 6.1875000000000002E-01    -1.1342226274267095E-01
 6.5625000000000000E-01    -1.0863275742416237E-01
 6.9374999999999998E-01    -1.0296364643550932E-01
 7.3125000000000007E-01    -9.6462091759878854E-02
 7.6875000000000004E-01    -8.9173652190541935E-02
 8.0625000000000002E-01    -8.1144173585453783E-02
 8.4375000000000000E-01    -7.2421750579380162E-02
 8.8124999999999998E-01    -6.3058663729019665E-02
 9.1874999999999996E-01    -5.3113194678354209E-02
 9.5625000000000004E-01    -4.2651225630359196E-02
 9.9375000000000002E-01    -3.1747538234670844E-02
 1.0312500000000000E+00    -2.0604961635535279E-02
 1.0687500000000001E+00    -9.5339206131051582E-03
 1.1062500000000000E+00     1.3659614685426107E-03
 1.1437500000000000E+00     1.1999777959443816E-02
 1.1812499999999999E+00     2.2272621389385051E-02
 1.2187500000000000E+00     3.2089583687095059E-02
 1.2562500000000001E+00     4.1355756360066727E-02
 1.2937500000000000E+00     4.9976230631802065E-02
 1.3312500000000000E+00     5.7856097535047751E-02
 1.3687499999999999E+00     6.4900447961302482E-02
 1.4062500000000000E+00     7.1014372668483344E-02
 1.4437500000000001E+00     7.6102962250064035E-02
 1.4812500000000000E+00     8.0071307070244180E-02
 1.5187500000000000E+00     8.2824497170663133E-02
 1.5562499999999999E+00     8.4267622154850119E-02
 1.5937500000000000E+00     8.4305771056928727E-02
 1.6312500000000001E+00     8.2844032201012704E-02
 1.6687500000000000E+00     7.9787493057260309E-02
 1.7062500000000000E+00     7.5041240099604611E-02
 1.7437499999999999E+00     6.8510358668782134E-02
 1.7812500000000000E+00     6.0099932842412079E-02
 1.8187499999999999E+00     4.9715045311541334E-02
 1.8562500000000000E+00     3.7260777260307673E-02
 1.8937500000000000E+00     2.2642208242226822E-02
 1.9312499999999999E+00     5.7644160431325822E-03
 1.9687500000000000E+00    -1.3467523482885702E-02
 2.0062499999999996E+00    -3.5148249485276957E-02
 2.0437499999999997E+00    -5.9275064180288606E-02
 2.0812499999999998E+00    -8.5606662467224551E-02
 2.1187499999999999E+00    -1.1386585323368592E-01
 2.1562499999999996E+00    -1.4377545578627055E-01
 2.1937499999999996E+00    -1.7505830444230425E-01
 2.2312499999999997E+00    -2.0743725311090674E-01
 2.2687499999999998E+00    -2.4063517975993168E-01
 2.3062499999999999E+00    -2.7437499062878012E-01
 2.3437499999999996E+00    -3.0837962400784852E-01
 2.3812499999999996E+00    -3.4237205336566212E-01
 2.4187499999999997E+00    -3.7607528956729935E-01
 2.4562499999999998E+00    -4.0921238189644832E-01
 2.4937499999999999E+00    -4.4150641757241099E-01
 2.5312499999999996E+00    -4.7268051944758549E-01
 2.5687499999999996E+00    -5.0245784158509821E-01
 2.6062499999999997E+00    -5.3056156245504715E-01
 2.6437499999999998E+00    -5.5671487555503307E-01
 2.6812499999999999E+00    -5.8064097735894671E-01
 2.7187499999999996E+00    -6.0206305262798887E-01
 2.7562499999999996E+00    -6.2070425727835044E-01
 2.7937499999999997E+00    -6.3628769918659001E-01
 2.8312499999999998E+00    -6.4853641752009650E-01
 2.8687499999999999E+00    -6.5717336139693250E-01
 2.9062499999999996E+00    -6.6192136889576703E-01
 2.9437499999999996E+00    -6.6250314764075280E-01
 2.9812499999999997E+00    -6.5864125836597320E-01
 3.0187499999999998E+00    -6.5007022088843591E-01
 3.0562499999999999E+00    -6.3680310161228826E-01
 3.0937499999999996E+00    -6.1913151295220936E-01
 3.1312499999999996E+00    -5.9735902417960385E-01
 3.1687499999999997E+00    -5.7178905623516985E-01
 3.2062499999999998E+00    -5.4272490550676888E-01
 3.2437499999999999E+00    -5.1046977807259075E-01
 3.2812499999999996E+00    -4.7532683323451941E-01
 3.3187499999999996E+00    -4.3759923479714363E-01
 3.3562499999999997E+00    -3.9759020824571911E-01
 3.3937499999999998E+00    -3.5560310173522441E-01
 3.4312499999999999E+00    -3.1194144861364420E-01
 3.4687499999999996E+00    -2.6690902905653341E-01
 3.5062499999999996E+00    -2.2080992828176360E-01
 3.5437499999999997E+00    -1.7394858874421387E-01
 3.5812499999999998E+00    -1.2662985368937202E-01
 3.6187499999999995E+00    -7.9158999490668791E-02
 3.6562499999999996E+00    -3.1841754333948112E-02
 3.6937499999999996E+00     1.5015698924776057E-02
 3.7312499999999997E+00     6.1106737483182197E-02
 3.7687499999999998E+00     1.0612433205117028E-01
 3.8062499999999995E+00     1.4976109939859381E-01
 3.8437499999999996E+00     1.9170937335810651E-01
 3.8812499999999996E+00     2.3166129250402132E-01
 3.9187499999999997E+00     2.6930890149179998E-01
 3.9562499999999998E+00     3.0434426181197782E-01
 3.9937499999999995E+00     3.3645956661060139E-01
 4.0312500000000000E+00     3.6538676164385225E-01
 4.0687499999999996E+00     3.9112079044177106E-01
 4.1062499999999993E+00     4.1376416612737926E-01
 4.1437499999999998E+00     4.3342018249621356E-01
 4.1812499999999995E+00     4.5019261099390540E-01
 4.2187500000000000E+00     4.6418568991050602E-01
 4.2562499999999996E+00     4.7550409227338175E-01
 4.2937499999999993E+00     4.8425287624719410E-01
 4.3312499999999998E+00     4.9053742272569312E-01
 4.3687499999999995E+00     4.9446336525595436E-01
 4.4062500000000000E+00     4.9613651748668891E-01
 4.4437499999999996E+00     4.9566280302811694E-01
 4.4812499999999993E+00     4.9314819202438276E-01
 4.5187499999999998E+00     4.8869864795469731E-01
 4.5562499999999995E+00     4.8242008728134983E-01
 4.5937500000000000E+00     4.7441835362726836E-01
 4.6312499999999996E+00     4.6479920725465129E-01
 4.6687499999999993E+00     4.5366832977321608E-01
 4.7062499999999998E+00     4.4113134325810266E-01
 4.7437499999999995E+00     4.2729384231491929E-01
 4.7812500000000000E+00     4.1226143709260321E-01
 4.8187499999999996E+00     3.9613980480730748E-01
 4.8562499999999993E+00     3.7903474699367212E-01
 4.8937499999999998E+00     3.6105224943688036E-01
 4.9312499999999995E+00     3.4229854155783573E-01
 4.9687500000000000E+00     3.2288015192851599E-01
 5.0062499999999996E+00     3.0290390369685094E-01
 5.0437499999999993E+00     2.8245907275884607E-01
 5.0812499999999998E+00     2.6159138651101371E-01
 5.1187499999999995E+00     2.4034038108531197E-01
 5.1562500000000000E+00     2.1874600983086831E-01
 5.1937499999999996E+00     1.9684862404912978E-01
 5.2312499999999993E+00     1.7468893821364168E-01
 5.2687499999999998E+00     1.5230798017332042E-01
 5.3062499999999995E+00     1.2974702738589636E-01
 5.3437500000000000E+00     1.0704753077049908E-01
 5.3812499999999996E+00     8.4251028280111287E-02
 5.4187499999999993E+00     6.1399050749384718E-02
 5.4562499999999998E+00     3.8533022945278203E-02
 5.4937499999999995E+00     1.5694163013707733E-02
 5.5312500000000000E+00    -7.0766163443892601E-03
 5.5687499999999996E+00    -2.9738801632841941E-02
 5.6062499999999993E+00    -5.2252364065210222E-02
 5.6437499999999998E+00    -7.4577833912083780E-02
 5.6812499999999995E+00    -9.6676361209869721E-02
 5.7187500000000000E+00    -1.1850976088858330E-01
 5.7562499999999996E+00    -1.4004054100587859E-01
 5.7937499999999993E+00    -1.6123191346473315E-01
 5.8312499999999998E+00    -1.8204778730741644E-01
 5.8687499999999995E+00    -2.0245274538120567E-01
 5.9062500000000000E+00    -2.2241200582402701E-01
 5.9437499999999996E+00    -2.4189137038536210E-01
 5.9812499999999993E+00    -2.6085716204834541E-01
 6.0187499999999998E+00    -2.7927634326311218E-01
 6.0562499999999995E+00    -2.9712058818066034E-01
 6.0937500000000000E+00    -3.1436619948314076E-01
 6.1312499999999996E+00    -3.3098986862360125E-01
 6.1687499999999993E+00    -3.4696839594904666E-01
 6.2062499999999998E+00    -3.6227860811302637E-01
 6.2437499999999995E+00    -3.7689728569997533E-01
 6.2812500000000000E+00    -3.9080110126816298E-01
 6.3187499999999996E+00    -4.0396656715978724E-01
 6.3562499999999993E+00    -4.1636999176157141E-01
 6.3937499999999998E+00    -4.2798744245590392E-01
 6.4312499999999995E+00    -4.3879471329346831E-01
 6.4687500000000000E+00    -4.4876729544094995E-01
 6.5062499999999996E+00    -4.5788034869785155E-01
 6.5437499999999993E+00    -4.6610867281008278E-01
 6.5812499999999998E+00    -4.7342667790051174E-01
 6.6187499999999995E+00    -4.7980835404458472E-01
 6.6562500000000000E+00    -4.8522724078901880E-01
 6.6937499999999996E+00    -4.8965639818117845E-01
 6.7312499999999993E+00    -4.9306838157602501E-01
 6.7687499999999998E+00    -4.9543522304209597E-01
 6.8062499999999995E+00    -4.9672842252468008E-01
 6.8437500000000000E+00    -4.9691895197842284E-01
 6.8812499999999996E+00    -4.9597727540614389E-01
 6.9187499999999993E+00    -4.9387338711603190E-01
 6.9562499999999998E+00    -4.9057686955151319E-01
 6.9937499999999995E+00    -4.8605697081466293E-01
 7.0312500000000000E+00    -4.8029816322365854E-01
 7.0687499999999996E+00    -4.7338758774622935E-01
 7.1062499999999993E+00    -4.6545431361357703E-01
 7.1437499999999998E+00    -4.5662764460529331E-01
 7.1812499999999995E+00    -4.4703709945114412E-01
 7.2187499999999991E+00    -4.3681249842665698E-01
 7.2562499999999996E+00    -4.2608403017044139E-01
 7.2937499999999993E+00    -4.1498229788469881E-01
 7.3312499999999998E+00    -4.0363834541088400E-01
 7.3687499999999995E+00    -3.9218366478467631E-01
 7.4062499999999991E+00    -3.8075018769470176E-01
 7.4437499999999996E+00    -3.6947026376829706E-01
 7.4812499999999993E+00    -3.5847662879420250E-01
 7.5187499999999998E+00    -3.4790236590526635E-01
 7.5562499999999995E+00    -3.3788086244189064E-01
 7.5937499999999991E+00    -3.2854576476557928E-01
 7.6312499999999996E+00    -3.2003093275762373E-01
 7.6687499999999993E+00    -3.1247039518032110E-01
 7.7062499999999998E+00    -3.0599830654547411E-01
 7.7437499999999995E+00    -3.0074890566361034E-01
 7.7812499999999991E+00    -2.9685647566068235E-01
 7.8187499999999996E+00    -2.9445530495937078E-01
 7.8562499999999993E+00    -2.9367964853229833E-01
 7.8937499999999998E+00    -2.9466368864004411E-01
 7.9312499999999995E+00    -2.9754149425810927E-01
 7.9687499999999991E+00    -3.0244697846108726E-01
 8.0062499999999996E+00    -3.0951357711614280E-01
 8.0437500000000011E+00    -3.1878089936596471E-01
 8.0812500000000007E+00    -3.3005887181928195E-01
 8.1187500000000004E+00    -3.4312259926244704E-01
 8.1562500000000000E+00    -3.5774686651490206E-01
 8.1937499999999996E+00    -3.7370613969568922E-01
 8.2312500000000011E+00    -3.9077457002673854E-01
 8.2687500000000007E+00    -4.0872600110225143E-01
 8.3062500000000004E+00    -4.2733398071044454E-01
 8.3437500000000000E+00    -4.4637177841504783E-01
 8.3812499999999996E+00    -4.6561241017713845E-01
 8.4187500000000011E+00    -4.8482867130469393E-01
 8.4562500000000007E+00    -5.0379317893442233E-01
 8.4937500000000004E+00    -5.2227842505136801E-01
 8.5312500000000000E+00    -5.4005684071085791E-01
 8.5687499999999996E+00    -5.5690087162288504E-01
 8.6062500000000011E+00    -5.7258306457884645E-01
 8.6437500000000007E+00    -5.8687616334839654E-01
 8.6812500000000004E+00    -5.9955321167391862E-01
 8.7187500000000000E+00    -6.1038765989288113E-01
 8.7562499999999996E+00    -6.1915347060348480E-01
 8.7937500000000011E+00    -6.2562521776482516E-01
 8.8312500000000007E+00    -6.2957817282092499E-01
 8.8687500000000004E+00    -6.3078837100195917E-01
 8.9062500000000000E+00    -6.2903265102530836E-01
 8.9437499999999996E+00    -6.2408866210670288E-01
 8.9812500000000011E+00    -6.1573483356064340E-01
 9.0187500000000007E+00    -6.0376038384895903E-01
 9.0562500000000004E+00    -5.8818695973720814E-01
 9.0937500000000000E+00    -5.6926848841278854E-01
 9.1312499999999996E+00    -5.4726925539037952E-01
 9.1687500000000011E+00    -5.2245364717688225E-01
 9.2062500000000007E+00    -4.9508598087746891E-01
 9.2437500000000004E+00    -4.6543034969596392E-01
 9.2812500000000000E+00    -4.3375049113733927E-01
 9.3187499999999996E+00    -4.0030968272355244E-01
 9.3562500000000011E+00    -3.6537066783605526E-01
 9.3937500000000007E+00    -3.2919561211207493E-01
 9.4312500000000004E+00    -2.9204608883286737E-01
 9.4687500000000000E+00    -2.5418309009397155E-01
 9.5062499999999996E+00    -2.1586705933100514E-01
 9.5437500000000011E+00    -1.7735794002882005E-01
 9.5812500000000007E+00    -1.3891523515797069E-01
 9.6187500000000004E+00    -1.0079807201338425E-01
 9.6562500000000000E+00    -6.3265267602650721E-02
 9.6937499999999996E+00    -2.6575390456920988E-02
 9.7312500000000011E+00     9.0131843757068515E-03
 9.7687500000000007E+00     4.3242229433585480E-02
 9.8062500000000004E+00     7.5853629362526903E-02
 9.8437500000000000E+00     1.0658935628070192E-01
 9.8812499999999996E+00     1.3519145562916113E-01
 9.9187500000000011E+00     1.6140204150503257E-01
 9.9562500000000007E+00     1.8496329998594674E-01
 9.9937500000000004E+00     2.0561749862602666E-01
 1.0031250000000000E+01     2.2314197964428220E-01
 1.0068750000000000E+01     2.3754674014326904E-01
 1.0106250000000001E+01     2.4893676924247149E-01
 1.0143750000000001E+01     2.5741747770907758E-01
 1.0181250000000000E+01     2.6309442753240531E-01
 1.0218750000000000E+01     2.6607333588253129E-01
 1.0256250000000000E+01     2.6646007377688369E-01
 1.0293750000000001E+01     2.6436065984620782E-01
 1.0331250000000001E+01     2.5988124974559157E-01
 1.0368750000000000E+01     2.5312812184119254E-01
 1.0406250000000000E+01     2.4420765982899176E-01
 1.0443750000000000E+01     2.3322633291975145E-01
 1.0481250000000001E+01     2.2029067416647177E-01
 1.0518750000000001E+01     2.0550725742897785E-01
 1.0556250000000000E+01     1.8898267337556099E-01
 1.0593750000000000E+01     1.7082350482364342E-01
 1.0631250000000000E+01     1.5113630162815700E-01
 1.0668750000000001E+01     1.3002755524425313E-01
 1.0706250000000001E+01     1.0760367302523825E-01
 1.0743750000000000E+01     8.3970952270663576E-02
 1.0781250000000000E+01     5.9235554015983773E-02
 1.0818750000000000E+01     3.3503476555102732E-02
 1.0856250000000001E+01     6.8805287107917609E-03
 1.0893750000000001E+01    -2.0527697085664140E-02
 1.0931250000000000E+01    -4.8615851777359304E-02
 1.0968750000000000E+01    -7.7278856514782349E-02
 1.1006250000000000E+01    -1.0641187809067550E-01
 1.1043750000000001E+01    -1.3589313697770328E-01
 1.1081250000000001E+01    -1.6555886572619405E-01
 1.1118750000000000E+01    -1.9523927825186987E-01
 1.1156250000000000E+01    -2.2476493124185434E-01
 1.1193750000000000E+01    -2.5396671466756804E-01
 1.1231250000000001E+01    -2.8267583990895051E-01
 1.1268750000000001E+01    -3.1072382522314079E-01
 1.1306250000000000E+01    -3.3794247827400464E-01
 1.1343750000000000E+01    -3.6416387544261547E-01
 1.1381250000000000E+01    -3.8922033766736674E-01
 1.1418750000000001E+01    -4.1294440261823939E-01
 1.1456250000000001E+01    -4.3516879309415057E-01
 1.1493750000000000E+01    -4.5572638164417639E-01
 1.1531250000000000E+01    -4.7445015155040027E-01
 1.1568750000000000E+01    -4.9117315446766840E-01
 1.1606250000000001E+01    -5.0572846518751402E-01
 1.1643750000000001E+01    -5.1794913417227251E-01
 1.1681250000000000E+01    -5.2766813868160223E-01
 1.1718750000000000E+01    -5.3471833347669295E-01
 1.1756250000000000E+01    -5.3893240222609329E-01
 1.1793750000000001E+01    -5.4014281083904536E-01
 1.1831250000000001E+01    -5.3818176400606776E-01
 1.1868750000000000E+01    -5.3288116622116410E-01
 1.1906250000000000E+01    -5.2407258848689620E-01
 1.1943750000000000E+01    -5.1158724175651304E-01
 1.1981250000000001E+01    -4.9525595794439736E-01
 1.2018750000000001E+01    -4.7492092600651659E-01
 1.2056250000000000E+01    -4.5069412294616429E-01
 1.2093750000000000E+01    -4.2295732782405981E-01
 1.2131250000000000E+01    -3.9210372453638059E-01
 1.2168750000000001E+01    -3.5852620240490002E-01
 1.2206250000000001E+01    -3.2261740507767744E-01
 1.2243750000000000E+01    -2.8476977883948729E-01
 1.2281250000000000E+01    -2.4537561903962082E-01
 1.2318750000000000E+01    -2.0482711367645121E-01
 1.2356250000000001E+01    -1.6351638352563413E-01
 1.2393750000000001E+01    -1.2183551853330435E-01
 1.2431250000000000E+01    -8.0176610494162651E-02
 1.2468750000000000E+01    -3.8931782280931027E-02
 1.2506250000000000E+01     1.5067859244993374E-03
 1.2543750000000001E+01     4.0746832831342270E-02
 1.2581250000000001E+01     7.8395994056157048E-02
 1.2618750000000000E+01     1.1406178135605624E-01
 1.2656250000000000E+01     1.4735156255551737E-01
 1.2693750000000000E+01     1.7787254177075656E-01
 1.2731250000000001E+01     2.0523173970483005E-01
 1.2768750000000001E+01     2.2903597398681760E-01
 1.2806250000000000E+01     2.4889183974717397E-01
 1.2843750000000000E+01     2.6440569084515975E-01
 1.2881250000000000E+01     2.7518362237981647E-01
 1.2918750000000001E+01     2.8083145531030135E-01
 1.2956250000000001E+01     2.8095472417488171E-01
 1.2993750000000000E+01     2.7515866902523078E-01
 1.3031250000000000E+01     2.6314127087193578E-01
 1.3068750000000000E+01     2.4521873664875782E-01
 1.3106250000000001E+01     2.2195932845115354E-01
 1.3143750000000001E+01     1.9393183931456845E-01
 1.3181250000000000E+01     1.6170490997448395E-01
 1.3218750000000000E+01     1.2584709433156621E-01
 1.3256250000000000E+01     8.6926928250921742E-02
 1.3293750000000001E+01     4.5513000545831149E-02
 1.3331250000000001E+01     2.1740249236562609E-03
 1.3368750000000000E+01    -4.2521088427198983E-02
 1.3406250000000000E+01    -8.8003163094571665E-02
 1.3443750000000000E+01    -1.3370269028001608E-01
 1.3481250000000001E+01    -1.7904976828605121E-01
 1.3518750000000001E+01    -2.2347405010945232E-01
 1.3556250000000000E+01    -2.6640470197969157E-01
 1.3593750000000000E+01    -3.0727037598080498E-01
 1.3631250000000000E+01    -3.4549920001628082E-01
 1.3668750000000001E+01    -3.8051878822325924E-01
 1.3706250000000001E+01    -4.1175627443248886E-01
 1.3743750000000000E+01    -4.3863837035449160E-01
 1.3781250000000000E+01    -4.6059144885164471E-01
 1.3818750000000000E+01    -4.7704165099608020E-01
 1.3856250000000001E+01    -4.8741501374922591E-01
 1.3893750000000001E+01    -4.9113761322831484E-01
 1.3931250000000000E+01    -4.8763571688734153E-01
 1.3968750000000000E+01    -4.7633593678178315E-01
 1.4006250000000000E+01    -4.5666638906467483E-01
 1.4043750000000001E+01    -4.2839936954062635E-01
 1.4081250000000001E+01    -3.9215007108293864E-01
 1.4118750000000000E+01    -3.4866113899160611E-01
 1.4156250000000000E+01    -2.9867598031162979E-01
 1.4193750000000000E+01    -2.4293871459981045E-01
 1.4231250000000001E+01    -1.8219409700979522E-01
 1.4268750000000001E+01    -1.1718742297449050E-01
 1.4306250000000000E+01    -4.8664422262950979E-02
 1.4343750000000000E+01     2.2628852084634103E-02
 1.4381250000000000E+01     9.5946137002777349E-02
 1.4418749999999999E+01     1.7054107428673204E-01
 1.4456250000000001E+01     2.4566732843755199E-01
 1.4493750000000000E+01     3.2057870981357628E-01
 1.4531250000000000E+01     3.9452930543941245E-01
 1.4568750000000000E+01     4.6677361870901485E-01
 1.4606249999999999E+01     5.3656671700918213E-01
 1.4643750000000001E+01     6.0316438314316967E-01
 1.4681250000000000E+01     6.6582326267700653E-01
 1.4718750000000000E+01     7.2380099547145282E-01
 1.4756250000000000E+01     7.7635631638106184E-01
 1.4793749999999999E+01     8.2274910819299230E-01
 1.4831250000000001E+01     8.6224039013271569E-01
 1.4868750000000000E+01     8.9409222829805723E-01
 1.4906250000000000E+01     9.1756756043638954E-01
 1.4943750000000000E+01     9.3192993623646092E-01
 1.4981249999999999E+01     9.3644318479733024E-01
 1.5018750000000001E+01     9.3040137817176172E-01
 1.5056250000000000E+01     9.1379605430678601E-01
 1.5093750000000000E+01     8.8731584557247012E-01
 1.5131250000000000E+01     8.5167857279959769E-01
 1.5168749999999999E+01     8.0760073592461712E-01
 1.5206250000000001E+01     7.5579746549289006E-01
 1.5243750000000000E+01     6.9698257542221886E-01
 1.5281250000000000E+01     6.3186869486446273E-01
 1.5318750000000000E+01     5.6116745208704510E-01
 1.5356249999999999E+01     4.8558968285173809E-01
 1.5393750000000001E+01     4.0584563896627029E-01
 1.5431250000000000E+01     3.2264517829521278E-01
 1.5468750000000000E+01     2.3669792424110028E-01
 1.5506250000000000E+01     1.4871338942956083E-01
 1.5543749999999999E+01     5.9401064251861847E-02
 1.5581250000000001E+01    -3.0529524426817153E-02
 1.5618750000000000E+01    -1.2036877587621619E-01
 1.5656250000000000E+01    -2.0940698914332603E-01
 1.5693750000000000E+01    -2.9693433702955108E-01
 1.5731249999999999E+01    -3.8224083053635793E-01
 1.5768750000000001E+01    -4.6461626590468330E-01
 1.5806250000000000E+01    -5.4335014944312798E-01
 1.5843750000000000E+01    -6.1773159936353783E-01
 1.5881250000000000E+01    -6.8704922858669137E-01
 1.5918749999999999E+01    -7.5059101754106639E-01
 1.5956250000000001E+01    -8.0764419074828786E-01
 1.5993750000000000E+01    -8.5749511469374939E-01
 1.6031250000000000E+01    -8.9954396529206826E-01
 1.6068750000000001E+01    -9.3395271750186148E-01
 1.6106249999999999E+01    -9.6119366200368817E-01
 1.6143750000000001E+01    -9.8173935322699613E-01
 1.6181249999999999E+01    -9.9606191543357725E-01
 1.6218750000000000E+01    -1.0046332909471625E+00
 1.6256250000000001E+01    -1.0079254949937524E+00
 1.6293749999999999E+01    -1.0064108596068708E+00
 1.6331250000000001E+01    -1.0005622511602741E+00
 1.6368749999999999E+01    -9.9085324958106291E-01
 1.6406250000000000E+01    -9.7775828147016719E-01
 1.6443750000000001E+01    -9.6175270355097631E-01
 1.6481249999999999E+01    -9.4331283655502018E-01
 1.6518750000000001E+01    -9.2291595251083325E-01
 1.6556249999999999E+01    -9.0104022030783915E-01
 1.6593750000000000E+01    -8.7816461541914015E-01
 1.6631250000000001E+01    -8.5476879996682165E-01
 1.6668749999999999E+01    -8.3133297914201609E-01
 1.6706250000000001E+01    -8.0833773959891930E-01
 1.6743749999999999E+01    -7.8626387503540141E-01
 1.6781250000000000E+01    -7.6559220389704363E-01
 1.6818750000000001E+01    -7.4680338406294899E-01
 1.6856249999999999E+01    -7.3037772947961543E-01
 1.6893750000000001E+01    -7.1679503392947563E-01
 1.6931249999999999E+01    -7.0653440732971129E-01
 1.6968750000000000E+01    -7.0007413000520979E-01
 1.7006250000000001E+01    -6.9789082689873405E-01
 1.7043749999999999E+01    -7.0022168555536402E-01
 1.7081250000000001E+01    -7.0671841886649278E-01
 1.7118749999999999E+01    -7.1694374422204155E-01
 1.7156250000000000E+01    -7.3045934851767502E-01
 1.7193750000000001E+01    -7.4682597777482462E-01
 1.7231249999999999E+01    -7.6560354424440868E-01
 1.7268750000000001E+01    -7.8635124516535937E-01
 1.7306249999999999E+01    -8.0862768764318949E-01
 1.7343750000000000E+01    -8.3199101477527182E-01
 1.7381250000000001E+01    -8.5599902912068004E-01
 1.7418749999999999E+01    -8.8020931080250464E-01
 1.7456250000000001E+01    -9.0417932882623353E-01
 1.7493749999999999E+01    -9.2746654546964880E-01
 1.7531250000000000E+01    -9.4962851471217702E-01
 1.7568750000000001E+01    -9.7022297649078859E-01
 1.7606249999999999E+01    -9.8880794897480895E-01
 1.7643750000000001E+01    -1.0049418209506553E+00
 1.7681249999999999E+01    -1.0181834457503172E+00
 1.7718750000000000E+01    -1.0280922369569023E+00
 1.7756250000000001E+01    -1.0342282644666791E+00
 1.7793749999999999E+01    -1.0361523475542700E+00
 1.7831250000000001E+01    -1.0334261396344551E+00
 1.7868749999999999E+01    -1.0256121977604726E+00
 1.7906250000000000E+01    -1.0122740288904482E+00
 1.7943750000000001E+01    -9.9297610490762034E-01
 1.7981249999999999E+01    -9.6728383951909191E-01
 1.8018750000000001E+01    -9.3478577078797132E-01
 1.8056249999999999E+01    -8.9558291251918376E-01
 1.8093750000000000E+01    -8.5028859382861277E-01
 1.8131250000000001E+01    -7.9953879336595635E-01
 1.8168749999999999E+01    -7.4396967683019866E-01
 1.8206250000000001E+01    -6.8421740165741196E-01
 1.8243749999999999E+01    -6.2091795269500483E-01
 1.8281250000000000E+01    -5.5470701651538079E-01
 1.8318750000000001E+01    -4.8621989802870769E-01
 1.8356249999999999E+01    -4.1609147942991093E-01
 1.8393750000000001E+01    -3.4495621859927622E-01
 1.8431249999999999E+01    -2.7344818200233512E-01
 1.8468750000000000E+01    -2.0220110586228834E-01
 1.8506250000000001E+01    -1.3184847874602609E-01
 1.8543749999999999E+01    -6.3023638491465139E-02
 1.8581250000000001E+01     3.6401236061514757E-03
 1.8618749999999999E+01     6.7509458405690490E-02
 1.8656250000000000E+01     1.2795086140751621E-01
 1.8693750000000001E+01     1.8433058924768847E-01
 1.8731249999999999E+01     2.3601459730447094E-01
 1.8768750000000001E+01     2.8236850523312601E-01
 1.8806249999999999E+01     3.2275759647133773E-01
 1.8843750000000000E+01     3.5654685629531951E-01
 1.8881250000000001E+01     3.8310105072969336E-01
 1.8918749999999999E+01     4.0178484553654126E-01
 1.8956250000000001E+01     4.1196296082851591E-01
 1.8993749999999999E+01     4.1300035296575277E-01
 1.9031250000000000E+01     4.0439828415155865E-01
 1.9068750000000001E+01     3.8656192339871309E-01
 1.9106249999999999E+01     3.6026570029257393E-01
 1.9143750000000001E+01     3.2628597814872939E-01
 1.9181249999999999E+01     2.8539997932440964E-01
 1.9218750000000000E+01     2.3838575128550388E-01
 1.9256250000000001E+01     1.8602209461883967E-01
 1.9293749999999999E+01     1.2908846380798300E-01
 1.9331250000000001E+01     6.8364852530289441E-02
 1.9368749999999999E+01     4.6316745970734763E-03
 1.9406250000000000E+01    -6.1330350206043022E-02
 1.9443750000000001E+01    -1.2874029877932353E-01
 1.9481249999999999E+01    -1.9681713228235109E-01
 1.9518750000000001E+01    -2.6477976801354070E-01
 1.9556249999999999E+01    -3.3184713763849283E-01
 1.9593750000000000E+01    -3.9723823591882079E-01
 1.9631250000000001E+01    -4.6017216552289741E-01
 1.9668749999999999E+01    -5.1986818416533187E-01
 1.9706250000000001E+01    -5.7554576016823145E-01
 1.9743749999999999E+01    -6.2642464153734678E-01
 1.9781250000000000E+01    -6.7172494180801123E-01
 1.9818750000000001E+01    -7.1066724330620112E-01
 1.9856249999999999E+01    -7.4247271524876313E-01
 1.9893750000000001E+01    -7.6636324055375193E-01
 1.9931249999999999E+01    -7.8156154176181303E-01
 1.9968750000000000E+01    -7.8729129361349182E-01
 2.0006250000000001E+01    -7.8277839202090860E-01
 2.0043749999999999E+01    -7.6765113748000224E-01
 2.0081250000000001E+01    -7.4252266775572318E-01
 2.0118749999999999E+01    -7.0815505641412879E-01
 2.0156250000000000E+01    -6.6531116075577534E-01
 2.0193750000000001E+01    -6.1475442706785710E-01
 2.0231249999999999E+01    -5.5724868980944364E-01
 2.0268750000000001E+01    -4.9355797806519192E-01
 2.0306249999999999E+01    -4.2444634117057717E-01
 2.0343750000000000E+01    -3.5067770267651277E-01
 2.0381250000000001E+01    -2.7301574826189551E-01
 2.0418749999999999E+01    -1.9222384933582806E-01
 2.0456250000000001E+01    -1.0906502037699242E-01
 2.0493749999999999E+01    -2.4301904916497807E-02
 2.0531250000000000E+01     6.1303217260463817E-02
 2.0568750000000001E+01     1.4698841050746270E-01
 2.0606249999999999E+01     2.3199206054270302E-01
 2.0643750000000001E+01     3.1555285726439497E-01
 2.0681249999999999E+01     3.9690979063441989E-01
 2.0718750000000000E+01     4.7530216517646162E-01
 2.0756250000000001E+01     5.4996963620436567E-01
 2.0793749999999999E+01     6.2015226814060365E-01
 2.0831250000000001E+01     6.8509061238803459E-01
 2.0868749999999999E+01     7.4402579938612745E-01
 2.0906250000000000E+01     7.9619963693878537E-01
 2.0943750000000001E+01     8.4085470487890424E-01
 2.0981249999999999E+01     8.7723443486384711E-01
 2.1018750000000001E+01     9.0460986197062365E-01
 2.1056249999999999E+01     9.2286700135822830E-01
 2.1093750000000000E+01     9.3250681981705830E-01
 2.1131250000000001E+01     9.3405780170835506E-01
 2.1168749999999999E+01     9.2804913651056586E-01
 2.1206250000000001E+01     9.1501057007485975E-01
 2.1243749999999999E+01     8.9547222973862795E-01
 2.1281250000000000E+01     8.6996443321809613E-01
 2.1318750000000001E+01     8.3901749178069951E-01
 2.1356249999999999E+01     8.0316151786060763E-01
 2.1393750000000001E+01     7.6292624617695992E-01
 2.1431249999999999E+01     7.1884087574862410E-01
 2.1468750000000000E+01     6.7143393820451247E-01
 2.1506250000000001E+01     6.2123319569731072E-01
 2.1543749999999999E+01     5.6876556974463732E-01
 2.1581250000000001E+01     5.1455710060736271E-01
 2.1618749999999999E+01     4.5913293547396411E-01
 2.1656250000000000E+01     4.0301734279983881E-01
 2.1693750000000001E+01     3.4673374964517462E-01
 2.1731249999999999E+01     2.9080479871136794E-01
 2.1768750000000001E+01     2.3575242191146972E-01
 2.1806249999999999E+01     1.8209792762096080E-01
 2.1843750000000000E+01     1.3036209913384683E-01
 2.1881250000000001E+01     8.1065302196284827E-02
 2.1918749999999999E+01     3.4727599723244233E-02
 2.1956250000000001E+01    -8.1311281299954671E-03
 2.1993749999999999E+01    -4.6991060492540121E-02
 2.2031250000000000E+01    -8.1405122130095708E-02
 2.2068750000000001E+01    -1.1141009925524260E-01
 2.2106249999999999E+01    -1.3723995895652685E-01
 2.2143750000000001E+01    -1.5912890442774627E-01
 2.2181249999999999E+01    -1.7731074749026693E-01
 2.2218750000000000E+01    -1.9201887663491216E-01
 2.2256250000000001E+01    -2.0348623835264229E-01
 2.2293749999999999E+01    -2.1194533160448087E-01
 2.2331250000000001E+01    -2.1762821483793654E-01
 2.2368749999999999E+01    -2.2076652453307591E-01
 2.2406250000000000E+01    -2.2159150388823487E-01
 2.2443750000000001E+01    -2.2033403995844983E-01
 2.2481249999999999E+01    -2.1722470735599347E-01
 2.2518750000000001E+01    -2.1249381652021707E-01
 2.2556249999999999E+01    -2.0637146456285654E-01
 2.2593750000000000E+01    -1.9908758678735389E-01
 2.2631250000000001E+01    -1.9087200715322888E-01
 2.2668749999999999E+01    -1.8195448619158372E-01
 2.2706250000000001E+01    -1.7256476515644664E-01
 2.2743749999999999E+01    -1.6293260549943017E-01
 2.2781250000000000E+01    -1.5328782306422692E-01
 2.2818750000000001E+01    -1.4386031669773156E-01
 2.2856249999999999E+01    -1.3488009125366909E-01
 2.2893750000000001E+01    -1.2657727521438955E-01
 2.2931249999999999E+01    -1.1918213337161229E-01
 2.2968750000000000E+01    -1.1292507518538053E-01
 2.3006250000000001E+01    -1.0803636600377037E-01
 2.3043749999999999E+01    -1.0464689941952887E-01
 2.3081250000000001E+01    -1.0264375512019475E-01
 2.3118749999999999E+01    -1.0187745874561138E-01
 2.3156250000000000E+01    -1.0219866907856562E-01
 2.3193750000000001E+01    -1.0345816915336337E-01
 2.3231249999999999E+01    -1.0550685914803981E-01
 2.3268750000000001E+01    -1.0819575079400875E-01
 2.3306249999999999E+01    -1.1137596294461603E-01
 2.3343750000000000E+01    -1.1489871786753647E-01
 2.3381250000000001E+01    -1.1861533776574505E-01
 2.3418749999999999E+01    -1.2237724098849322E-01
 2.3456250000000001E+01    -1.2603593736851176E-01
 2.3493749999999999E+01    -1.2944302211584541E-01
 2.3531250000000000E+01    -1.3245016771403084E-01
 2.3568750000000001E+01    -1.3490911330249561E-01
 2.3606249999999999E+01    -1.3667165109160020E-01
 2.3643750000000001E+01    -1.3758960944471862E-01
 2.3681249999999999E+01    -1.3751483237514037E-01
 2.3718750000000000E+01    -1.3629915534304615E-01
 2.3756250000000001E+01    -1.3379437739629033E-01
 2.3793749999999999E+01    -1.2985222987298806E-01
 2.3831250000000001E+01    -1.2432434206671422E-01
 2.3868749999999999E+01    -1.1706220443699751E-01
 2.3906250000000000E+01    -1.0791713011750249E-01
 2.3943750000000001E+01    -9.6740215619575604E-02
 2.3981249999999999E+01    -8.3382301736711920E-02
 2.4018750000000001E+01    -6.7700426615386833E-02
 2.4056249999999999E+01    -4.9700590330005928E-02
 2.4093750000000000E+01    -2.9537729103685725E-02
 2.4131250000000001E+01    -7.3729062768473881E-03
 2.4168749999999999E+01     1.6633175608906405E-02
 2.4206250000000001E+01     4.2320165502621458E-02
 2.4243749999999999E+01     6.9528049076038045E-02
 2.4281250000000000E+01     9.8097129227937757E-02
 2.4318750000000001E+01     1.2786800263231957E-01
 2.4356249999999999E+01     1.5868153307610430E-01
 2.4393750000000001E+01     1.9037882225147937E-01
 2.4431249999999999E+01     2.2280117854616685E-01
 2.4468750000000000E+01     2.5579008422615118E-01
 2.4506250000000001E+01     2.8918716124370292E-01
 2.4543749999999999E+01     3.2283413574281128E-01
 2.4581250000000001E+01     3.5657280118586099E-01
 2.4618749999999999E+01     3.9024497989989171E-01
 2.4656250000000000E+01     4.2369248274614191E-01
 2.4693750000000001E+01     4.5675706655838594E-01
 2.4731249999999999E+01     4.8928038897819431E-01
 2.4768750000000001E+01     5.2110396034029804E-01
 2.4806249999999999E+01     5.5206909232910828E-01
 2.4843750000000000E+01     5.8201684323676806E-01
 2.4881250000000001E+01     6.1078795980060896E-01
 2.4918749999999999E+01     6.3822281577921991E-01
 2.4956250000000001E+01     6.6416134763544021E-01
 2.4993749999999999E+01     6.8844298792413172E-01
 2.5031250000000000E+01     7.1093190105831416E-01
 2.5068750000000001E+01     7.3165983203470175E-01
 2.5106249999999999E+01     7.5072645273448502E-01
 2.5143750000000001E+01     7.6823089583927517E-01
 2.5181249999999999E+01     7.8427151586391419E-01
 2.5218750000000000E+01     7.9894585962146791E-01
 2.5256250000000001E+01     8.1235064576541660E-01
 2.5293749999999999E+01     8.2458175554418489E-01
 2.5331250000000001E+01     8.3573423690728799E-01
 2.5368749999999999E+01     8.4590232404698240E-01
 2.5406250000000000E+01     8.5517947433080388E-01
 2.5443750000000001E+01     8.6365842436562557E-01
 2.5481249999999999E+01     8.7143126662011228E-01
 2.5518750000000001E+01     8.7858954761095798E-01
 2.5556249999999999E+01     8.8522438812313375E-01
 2.5593750000000000E+01     8.9142662528557925E-01
 2.5631250000000001E+01     8.9728697556823023E-01
 2.5668749999999999E+01     9.0289621691729605E-01
 2.5706250000000001E+01     9.0834538732646886E-01
 2.5743749999999999E+01     9.1372599618247918E-01
 2.5781250000000000E+01     9.1913024376337926E-01
 2.5818750000000001E+01     9.2465124335375337E-01
 2.5856249999999999E+01     9.3038323962426184E-01
 2.5893750000000001E+01     9.3642181625955501E-01
 2.5931249999999999E+01     9.4286408536411659E-01
 2.5968750000000000E+01     9.4980885098251577E-01
 2.6006250000000001E+01     9.5735655280655085E-01
 2.6043749999999999E+01     9.6554635983203596E-01
 2.6081250000000001E+01     9.7426451331315600E-01
 2.6118749999999999E+01     9.8337589309490192E-01
 2.6156250000000000E+01     9.9274723626064709E-01
 2.6193750000000001E+01     1.0022469975057897E+00
 2.6231249999999999E+01     1.0117451487188209E+00
 2.6268750000000001E+01     1.0211129201437945E+00
 2.6306249999999999E+01     1.0302224884257851E+00
 2.6343750000000000E+01     1.0389466197765622E+00
 2.6381250000000001E+01     1.0471582792615688E+00
 2.6418749999999999E+01     1.0547302196135209E+00
 2.6456250000000001E+01     1.0615345648425119E+00
 2.6493749999999999E+01     1.0674424050765694E+00
 2.6531250000000000E+01     1.0723234194047488E+00
 2.6568750000000001E+01     1.0760455429293381E+00
 2.6606249999999999E+01     1.0784746927421436E+00
 2.6643750000000001E+01     1.0794745651650730E+00
 2.6681249999999999E+01     1.0789065134417022E+00
 2.6718750000000000E+01     1.0766295113008340E+00
 2.6756250000000001E+01     1.0725002036522862E+00
 2.6793749999999999E+01     1.0663730413727364E+00
 2.6831250000000001E+01     1.0581004929699209E+00
 2.6868749999999999E+01     1.0475333221479637E+00
 2.6906250000000000E+01     1.0345209171843051E+00
 2.6943750000000001E+01     1.0189116557754696E+00
 2.6981249999999999E+01     1.0005532877573831E+00
 2.7018750000000001E+01     9.7930078345887539E-01
 2.7056249999999999E+01     9.5518094154705591E-01
 2.7093750000000000E+01     9.2839272531733785E-01
 2.7131250000000001E+01     8.9914331255175617E-01
 2.7168749999999999E+01     8.6764086016059894E-01
 2.7206250000000001E+01     8.3409466565169477E-01
 2.7243749999999999E+01     7.9871526149849892E-01
 2.7281250000000000E+01     7.6171444793886356E-01
 2.7318750000000001E+01     7.2330527247184950E-01
 2.7356249999999999E+01     6.8370196599020039E-01
 2.7393750000000001E+01     6.4311984616676954E-01
 2.7431249999999999E+01     6.0177519854997530E-01
 2.7468750000000000E+01     5.5988514500389586E-01
 2.7506250000000001E+01     5.1766750785522808E-01
 2.7543749999999999E+01     4.7534067657358392E-01
 2.7581250000000001E+01     4.3312348218328633E-01
 2.7618749999999999E+01     3.9123508301799015E-01
 2.7656250000000000E+01     3.4989486398226849E-01
 2.7693750000000001E+01     3.0932235024019522E-01
 2.7731249999999999E+01     2.6973713524038873E-01
 2.7768750000000001E+01     2.3135882221804571E-01
 2.7806249999999999E+01     1.9440697777507801E-01
 2.7843750000000000E+01     1.5910109580650228E-01
 2.7881250000000001E+01     1.2566056988552696E-01
 2.7918749999999999E+01     9.4304672208218226E-02
 2.7956250000000001E+01     6.5252537300470967E-02
 2.7993749999999999E+01     3.8723148874910372E-02
 2.8031250000000000E+01     1.4904337835766609E-02
 2.8068750000000001E+01    -6.2222625707739386E-03
 2.8106249999999999E+01    -2.4759240498794591E-02
 2.8143750000000001E+01    -4.0809601658498770E-02
 2.8181249999999999E+01    -5.4476514392299419E-02
 2.8218750000000000E+01    -6.5863303332962655E-02
 2.8256250000000001E+01    -7.5073443624404892E-02
 2.8293749999999999E+01    -8.2210555548432956E-02
 2.8331250000000001E+01    -8.7378399380351190E-02
 2.8368749999999999E+01    -9.0680870300970634E-02
 2.8406250000000000E+01    -9.2221993213917927E-02
 2.8443750000000001E+01    -9.2105917348535890E-02
 2.8481249999999999E+01    -9.0436910564747855E-02
 2.8518750000000001E+01    -8.7319353312765913E-02
 2.8556249999999999E+01    -8.2857732234298098E-02
 2.8593750000000000E+01    -7.7156633420657386E-02
 2.8631250000000001E+01    -7.0320735365593634E-02
 2.8668749999999999E+01    -6.2454801665923328E-02
 2.8706250000000001E+01    -5.3663673531229916E-02
 2.8743749999999999E+01    -4.4052262165418979E-02
 2.8781250000000000E+01    -3.3725541078566179E-02
 2.8818749999999998E+01    -2.2788538378595014E-02
 2.8856249999999999E+01    -1.1346329079953801E-02
 2.8893750000000001E+01     4.9597254766085689E-04
 2.8931249999999999E+01     1.2633220582253963E-02
 2.8968750000000000E+01     2.4960245009680138E-02
 2.9006249999999998E+01     3.7366278242851103E-02
 2.9043749999999999E+01     4.9489941784794267E-02
 2.9081250000000001E+01     6.1093453332988948E-02
 2.9118749999999999E+01     7.2090215568498484E-02
 2.9156250000000000E+01     8.2404997269429056E-02
 2.9193749999999998E+01     9.1972694921064080E-02
 2.9231249999999999E+01     1.0073664626526646E-01
 2.9268750000000001E+01     1.0864658315835454E-01
 2.9306249999999999E+01     1.1565633138762237E-01
 2.9343750000000000E+01     1.2172137917961681E-01
 2.9381249999999998E+01     1.2679644309705407E-01
 2.9418749999999999E+01     1.3083315939332024E-01
 2.9456250000000001E+01     1.3377802068020428E-01
 2.9493749999999999E+01     1.3557066244968002E-01
 2.9531250000000000E+01     1.3614258250372765E-01
 2.9568749999999998E+01     1.3541635000485064E-01
 2.9606249999999999E+01     1.3330533128926905E-01
 2.9643750000000001E+01     1.2971392861992861E-01
 2.9681249999999999E+01     1.2453829763110151E-01
 2.9718750000000000E+01     1.1766748124290365E-01
 2.9756249999999998E+01     1.0898487407009474E-01
 2.9793749999999999E+01     9.8369913318394842E-02
 2.9831250000000001E+01     8.5699880984727958E-02
 2.9868749999999999E+01     7.0851698528453716E-02
 2.9906250000000000E+01     5.3703599219023318E-02
 2.9943749999999998E+01     3.4136574721259957E-02
 2.9981249999999999E+01     1.2035510277635868E-02
