#                  time                       real
 1.8749999999999999E-02    -1.1537819053047352E-02
 5.6249999999999994E-02    -3.6301059004336861E-02
 9.3750000000000000E-02    -6.3318403218514993E-02
 1.3124999999999998E-01    -9.2756510753848109E-02
 1.6874999999999998E-01    -1.2488466612836435E-01
 2.0624999999999999E-01    -1.5997210349250246E-01
 2.4374999999999997E-01    -1.9818074458750229E-01
 2.8125000000000000E-01    -2.3946439508047432E-01
 3.1874999999999998E-01    -2.8348831768455612E-01
 3.5624999999999996E-01    -3.2958475374757185E-01
 3.9374999999999999E-01    -3.7675877496689741E-01
 4.3124999999999997E-01    -4.2375297238310705E-01
 4.6874999999999994E-01    -4.6916786786404957E-01
 5.0624999999999998E-01    -5.1161871572419704E-01
 5.4375000000000007E-01    -5.4989309777539275E-01
 5.8125000000000004E-01    -5.8306504938389325E-01
 6.1875000000000002E-01    -6.1052824430893571E-01
 6.5625000000000000E-01    -6.3193592497091300E-01
 6.9374999999999998E-01    -6.4707206685839558E-01
 7.3125000000000007E-01    -6.5571044121133160E-01
 7.6875000000000004E-01    -6.5752743357177512E-01
 8.0625000000000002E-01    -6.5211213518817557E-01
 8.4375000000000000E-01    -6.3907255558071085E-01
 8.8124999999999998E-01    -6.1819310319071652E-01
 9.1874999999999996E-01    -5.8957866924555091E-01
 9.5625000000000004E-01    -5.5373253281817092E-01
 9.9375000000000002E-01    -5.1154804967727341E-01
 1.0312500000000000E+00    -4.6610342746139799E-01
 1.0687500000000001E+00    -4.2160477667192592E-01
 1.1062500000000000E+00    -3.7845122092255651E-01
 1.1437500000000000E+00    -3.3686107235354062E-01
 1.1812499999999999E+00    -2.9697912374996305E-01
 1.2187500000000000E+00    -2.5889973093763463E-01
 1.2562500000000001E+00    -2.2268370349696204E-01
 1.2937500000000000E+00    -1.8837057178467190E-01
 1.3312500000000000E+00    -1.5598742369314328E-01
 1.3687499999999999E+00    -1.2555521091660241E-01
 1.4062500000000000E+00    -9.7093198013471452E-02
 1.4437500000000001E+00    -7.0622055046112478E-02
 1.4812500000000000E+00    -4.6165964445605223E-02
 1.5187500000000000E+00    -2.3754015338194039E-02
 1.5562499999999999E+00    -3.4210861170863968E-03
 1.5937500000000000E+00     1.4791637549354886E-02
 1.6312500000000001E+00     3.0836401522437967E-02
 1.6687500000000000E+00     4.4658799939622934E-02
 1.7062500000000000E+00     5.6197812061900637E-02
 1.7437499999999999E+00     6.5385916600649727E-02
 1.7812500000000000E+00     7.2149251833313000E-02
 1.8187499999999999E+00     7.6407797595143184E-02
 1.8562500000000000E+00     7.8075560707739730E-02
 1.8937500000000000E+00     7.7060749207724225E-02
 1.9312499999999999E+00     7.3265923351432269E-02
 1.9687500000000000E+00     6.6588113159268672E-02
 2.0062499999999996E+00     5.6919180655386876E-02
 2.0437499999999997E+00     4.4242897266230582E-02
 2.0812499999999998E+00     2.8776368799169613E-02
 2.1187499999999999E+00     1.0768016150178642E-02
 2.1562499999999996E+00    -9.5372929872849267E-03
 2.1937499999999996E+00    -3.1897392398792759E-02
 2.2312499999999997E+00    -5.6072141231331883E-02
 2.2687499999999998E+00    -8.1822859560493469E-02
 2.3062499999999999E+00    -1.0891182563153681E-01
 2.3437499999999996E+00    -1.3710179479914394E-01
 2.3812499999999996E+00    -1.6615550800898821E-01
 2.4187499999999997E+00    -1.9583516431091014E-01
 2.4562499999999998E+00    -2.2590183801627634E-01
 2.4937499999999999E+00    -2.5611482709923133E-01
 2.5312499999999996E+00    -2.8623092549122464E-01
 2.5687499999999996E+00    -3.1600361809666022E-01
 2.6062499999999997E+00    -3.4518220361745888E-01
 2.6437499999999998E+00    -3.7351085648192633E-01
 2.6812499999999999E+00    -4.0072764511920933E-01
 2.7187499999999996E+00    -4.2656352923673896E-01
 2.7562499999999996E+00    -4.5074136333899928E-01
 2.7937499999999997E+00    -4.7297493714735284E-01
 2.8312499999999998E+00    -4.9296808552903654E-01
 2.8687499999999999E+00    -5.1041390074686854E-01
 2.9062499999999996E+00    -5.2499407809494014E-01
 2.9437499999999996E+00    -5.3637842219086229E-01
 2.9812499999999997E+00    -5.4422453537572468E-01
 3.0187499999999998E+00    -5.4818981988020088E-01
 3.0562499999999999E+00    -5.4819818148360366E-01
 3.0937499999999996E+00    -5.4444093561467455E-01
 3.1312499999999996E+00    -5.3711228000216205E-01
 3.1687499999999997E+00    -5.2639952590646621E-01
 3.2062499999999998E+00    -5.1248504959761265E-01
 3.2437499999999999E+00    -4.9554790032638846E-01
 3.2812499999999996E+00    -4.7576514090122024E-01
 3.3187499999999996E+00    -4.5331299291597815E-01
 3.3562499999999997E+00    -4.2836785745605221E-01
 3.3937499999999998E+00    -4.0110728053369021E-01
 3.4312499999999999E+00    -3.7171092869695121E-01
 3.4687499999999996E+00    -3.4036163327447772E-01
 3.5062499999999996E+00    -3.0724655126037070E-01
 3.5437499999999997E+00    -2.7255847703985103E-01
 3.5812499999999998E+00    -2.3649732244269167E-01
 3.6187499999999995E+00    -1.9927176364848725E-01
 3.6562499999999996E+00    -1.6110103310877788E-01
 3.6937499999999996E+00    -1.2221681392241118E-01
 3.7312499999999997E+00    -8.2865174179545378E-02
 3.7687499999999998E+00    -4.3308460944553512E-02
 3.8062499999999995E+00    -3.8270590482616801E-03
 3.8437499999999996E+00     3.5279090160836662E-02
 3.8812499999999996E+00     7.3689319629451355E-02
 3.9187499999999997E+00     1.1106152531250515E-01
 3.9562499999999998E+00     1.4703201391910892E-01
 3.9937499999999995E+00     1.8121599767722482E-01
 4.0312500000000000E+00     2.1324831333495095E-01
 4.0687499999999996E+00     2.4300861687130637E-01
 4.1062499999999993E+00     2.7046926934892096E-01
 4.1437499999999998E+00     2.9559302453724678E-01
 4.1812499999999995E+00     3.1833741484248840E-01
 4.2187500000000000E+00     3.3865926697232396E-01
 4.2562499999999996E+00     3.5651895549126095E-01
 4.2937499999999993E+00     3.7188430560831853E-01
 4.3312499999999998E+00     3.8473405583402076E-01
 4.3687499999999995E+00     3.9506079953621925E-01
 4.4062500000000000E+00     4.0287333999206576E-01
 4.4437499999999996E+00     4.0819841503734333E-01
 4.4812499999999993E+00     4.1108177332331192E-01
 4.5187499999999998E+00     4.1158861223346027E-01
 4.5562499999999995E+00     4.0980341479998578E-01
 4.5937500000000000E+00     4.0582924646134744E-01
 4.6312499999999996E+00     3.9978658968442454E-01
 4.6687499999999993E+00     3.9181180382275438E-01
 4.7062499999999998E+00     3.8205529886900724E-01
 4.7437499999999995E+00     3.7067950600355459E-01
 4.7812500000000000E+00     3.5785671699527644E-01
 4.8187499999999996E+00     3.4376685102332688E-01
 4.8562499999999993E+00     3.2859519382897295E-01
 4.8937499999999998E+00     3.1253014238303944E-01
 4.9312499999999995E+00     2.9576097996442552E-01
 4.9687500000000000E+00     2.7847570245569270E-01
 5.0062499999999996E+00     2.6085886392823504E-01
 5.0437499999999993E+00     2.4307169244104898E-01
 5.0812499999999998E+00     2.2522421243642476E-01
 5.1187499999999995E+00     2.0741101259361028E-01
 5.1562500000000000E+00     1.8971661343219007E-01
 5.1937499999999996E+00     1.7221450674543973E-01
 5.2312499999999993E+00     1.5496644290803147E-01
 5.2687499999999998E+00     1.3802196046808937E-01
 5.3062499999999995E+00     1.2141816621642559E-01
 5.3437500000000000E+00     1.0517977743633609E-01
 5.3812499999999996E+00     8.9319435746252673E-02
 5.4187499999999993E+00     7.3838296224106620E-02
 5.4562499999999998E+00     5.8726887722667723E-02
 5.4937499999999995E+00     4.3966231347074919E-02
 5.5312500000000000E+00     2.9529194632707180E-02
 5.5687499999999996E+00     1.5382049565605726E-02
 5.6062499999999993E+00     1.4861936751627892E-03
 5.6437499999999998E+00    -1.2200014616999308E-02
 5.6812499999999995E+00    -2.5719362042121986E-02
 5.7187500000000000E+00    -3.9113888867817012E-02
 5.7562499999999996E+00    -5.2423063974739240E-02
 5.7937499999999993E+00    -6.5682092131458189E-02
 5.8312499999999998E+00    -7.8920417457856662E-02
 5.8687499999999995E+00    -9.2160482494097265E-02
 5.9062500000000000E+00    -1.0541679435463301E-01
 5.9437499999999996E+00    -1.1869533804125851E-01
 5.9812499999999993E+00    -1.3199336232786915E-01
 6.0187499999999998E+00    -1.4529973487788211E-01
 6.0562499999999995E+00    -1.5859962466604766E-01
 6.0937500000000000E+00    -1.7187533603896143E-01
 6.1312499999999996E+00    -1.8510322709395099E-01
 6.1687499999999993E+00    -1.9825479695110620E-01
 6.2062499999999998E+00    -2.1129810416515818E-01
 6.2437499999999995E+00    -2.2419921755058106E-01
 6.2812500000000000E+00    -2.3692360098183210E-01
 6.3187499999999996E+00    -2.4943735049890259E-01
 6.3562499999999993E+00    -2.6170821919040582E-01
 6.3937499999999998E+00    -2.7370638083828031E-01
 6.4312499999999995E+00    -2.8540489620059334E-01
 6.4687500000000000E+00    -2.9677985610753527E-01
 6.5062499999999996E+00    -3.0781018409694033E-01
 6.5437499999999993E+00    -3.1847708945955294E-01
 6.5812499999999998E+00    -3.2876317079281892E-01
 6.6187499999999995E+00    -3.3865118180765241E-01
 6.6562500000000000E+00    -3.4812248612927987E-01
 6.6937499999999996E+00    -3.5715524656164671E-01
 6.7312499999999993E+00    -3.6572241649595666E-01
 6.7687499999999998E+00    -3.7378962593693354E-01
 6.8062499999999995E+00    -3.8131308047402857E-01
 6.8437500000000000E+00    -3.8823761634173914E-01
 6.8812499999999996E+00    -3.9449507589059413E-01
 6.9187499999999993E+00    -4.0000318229410975E-01
 6.9562499999999998E+00    -4.0466509678129503E-01
 6.9937499999999995E+00    -4.0836983259300214E-01
 7.0312500000000000E+00    -4.1100913648221754E-01
 7.0687499999999996E+00    -4.1256737482188544E-01
 7.1062499999999993E+00    -4.1306446339869379E-01
 7.1437499999999998E+00    -4.1251865472775706E-01
 7.1812499999999995E+00    -4.1095117159574129E-01
 7.2187499999999991E+00    -4.0839081453493198E-01
 7.2562499999999996E+00    -4.0487822484988417E-01
 7.2937499999999993E+00    -4.0046961530416192E-01
 7.3312499999999998E+00    -3.9523980096128031E-01
 7.3687499999999995E+00    -3.8928439785687918E-01
 7.4062499999999991E+00    -3.8272110514401247E-01
 7.4437499999999996E+00    -3.7569004247945720E-01
 7.4812499999999993E+00    -3.6835317226632419E-01
 7.5187499999999998E+00    -3.6089288894716887E-01
 7.5562499999999995E+00    -3.5350989878664540E-01
 7.5937499999999991E+00    -3.4642053956973623E-01
 7.6312499999999996E+00    -3.3985369919326680E-01
 7.6687499999999993E+00    -3.3404748669018092E-01
 7.7062499999999998E+00    -3.2924579213420363E-01
 7.7437499999999995E+00    -3.2569484737967003E-01
 7.7812499999999991E+00    -3.2363987195705451E-01
 7.8187499999999996E+00    -3.2332186135957208E-01
 7.8562499999999993E+00    -3.2497455130704583E-01
 7.8937499999999998E+00    -3.2882157343621943E-01
 7.9312499999999995E+00    -3.3507380652184943E-01
 7.9687499999999991E+00    -3.4392692315294737E-01
 8.0062499999999996E+00    -3.5555885796743680E-01
 8.0437500000000011E+00    -3.7003445834145521E-01
 8.0812500000000007E+00    -3.8716830871500030E-01
 8.1187500000000004E+00    -4.0672005101152042E-01
 8.1562500000000000E+00    -4.2843070203744144E-01
 8.1937499999999996E+00    -4.5202460402702999E-01
 8.2312500000000011E+00    -4.7721137866532243E-01
 8.2687500000000007E+00    -5.0368790318409584E-01
 8.3062500000000004E+00    -5.3114029736611001E-01
 8.3437500000000000E+00    -5.5924589728360541E-01
 8.3812499999999996E+00    -5.8767519098310994E-01
 8.4187500000000011E+00    -6.1609369940919456E-01
 8.4562500000000007E+00    -6.4416379884894759E-01
 8.4937500000000004E+00    -6.7154649528562604E-01
 8.5312500000000000E+00    -6.9790317288616932E-01
 8.5687499999999996E+00    -7.2289734581986853E-01
 8.6062500000000011E+00    -7.4619644316151490E-01
 8.6437500000000007E+00    -7.6747365030060999E-01
 8.6812500000000004E+00    -7.8640981754917449E-01
 8.7187500000000000E+00    -8.0269542876353128E-01
 8.7562499999999996E+00    -8.1603260151450874E-01
 8.7937500000000011E+00    -8.2613706764870443E-01
 8.8312500000000007E+00    -8.3274006100068032E-01
 8.8687500000000004E+00    -8.3559001941277899E-01
 8.9062500000000000E+00    -8.3445399273643939E-01
 8.9437499999999996E+00    -8.2911863853179557E-01
 8.9812500000000011E+00    -8.1939068401314663E-01
 9.0187500000000007E+00    -8.0510681720364596E-01
 9.0562500000000004E+00    -7.8635447883336995E-01
 9.0937500000000000E+00    -7.6346972004964220E-01
 9.1312499999999996E+00    -7.3681205615354040E-01
 9.1687500000000011E+00    -7.0675051292997804E-01
 9.2062500000000007E+00    -6.7365979676424903E-01
 9.2437500000000004E+00    -6.3791656763519178E-01
 9.2812500000000000E+00    -5.9989587669855537E-01
 9.3187499999999996E+00    -5.5996784317425141E-01
 9.3562500000000011E+00    -5.1849464995778161E-01
 9.3937500000000007E+00    -4.7582793458824435E-01
 9.4312500000000004E+00    -4.3230664271437902E-01
 9.4687500000000000E+00    -3.8825539615051224E-01
 9.5062499999999996E+00    -3.4398340855585496E-01
 9.5437500000000011E+00    -2.9978396053156026E-01
 9.5812500000000007E+00    -2.5593442437476782E-01
 9.6187500000000004E+00    -2.1269680851521208E-01
 9.6562500000000000E+00    -1.7031877407526944E-01
 9.6937499999999996E+00    -1.2903506186951602E-01
 9.7312500000000011E+00    -8.9069257902456900E-02
 9.7687500000000007E+00    -5.0635819091956941E-02
 9.8062500000000004E+00    -1.3942278363244081E-02
 9.8437500000000000E+00     2.0808450896512988E-02
 9.8812499999999996E+00     5.3415747160011698E-02
 9.9187500000000011E+00     8.3678999543273194E-02
 9.9562500000000007E+00     1.1139543419939910E-01
 9.9937500000000004E+00     1.3635809938789484E-01
 1.0031250000000000E+01     1.5838902874341365E-01
 1.0068750000000000E+01     1.7753528155438930E-01
 1.0106250000000001E+01     1.9393048086369868E-01
 1.0143750000000001E+01     2.0770025447186752E-01
 1.0181250000000000E+01     2.1896227858963890E-01
 1.0218750000000000E+01     2.2782670292588003E-01
 1.0256250000000000E+01     2.3439667308060078E-01
 1.0293750000000001E+01     2.3876893418630513E-01
 1.0331250000000001E+01     2.4103449544726863E-01
 1.0368750000000000E+01     2.4127933491431380E-01
 1.0406250000000000E+01     2.3958512532690115E-01
 1.0443750000000000E+01     2.3602996396513823E-01
 1.0481250000000001E+01     2.3068909153286135E-01
 1.0518750000000001E+01     2.2363558681710671E-01
 1.0556250000000000E+01     2.1494102513741276E-01
 1.0593750000000000E+01     2.0467608946717186E-01
 1.0631250000000000E+01     1.9291112374217778E-01
 1.0668750000000001E+01     1.7971661849980008E-01
 1.0706250000000001E+01     1.6516361987240979E-01
 1.0743750000000000E+01     1.4932405432782694E-01
 1.0781250000000000E+01     1.3227096359392015E-01
 1.0818750000000000E+01     1.1407864701634367E-01
 1.0856250000000001E+01     9.4822712158003836E-02
 1.0893750000000001E+01     7.4580038605668295E-02
 1.0931250000000000E+01     5.3428664422512553E-02
 1.0968750000000000E+01     3.1447609086078396E-02
 1.1006250000000000E+01     8.7167015517255926E-03
 1.1043750000000001E+01    -1.4666450417385742E-02
 1.1081250000000001E+01    -3.8561639869437579E-02
 1.1118750000000000E+01    -6.2822227201651176E-02
 1.1156250000000000E+01    -8.7301696442437141E-02
 1.1193750000000000E+01    -1.1185383613385062E-01
 1.1231250000000001E+01    -1.3633285727508065E-01
 1.1268750000000001E+01    -1.6059341008658559E-01
 1.1306250000000000E+01    -1.8449048292995057E-01
 1.1343750000000000E+01    -2.0787918154878557E-01
 1.1381250000000000E+01    -2.3061439696565714E-01
 1.1418750000000001E+01    -2.5255037696084470E-01
 1.1456250000000001E+01    -2.7354021976752690E-01
 1.1493750000000000E+01    -2.9343531003977635E-01
 1.1531250000000000E+01    -3.1208471689797129E-01
 1.1568750000000000E+01    -3.2933457256548110E-01
 1.1606250000000001E+01    -3.4502744840456073E-01
 1.1643750000000001E+01    -3.5900174359024029E-01
 1.1681250000000000E+01    -3.7109110064777234E-01
 1.1718750000000000E+01    -3.8112386186675384E-01
 1.1756250000000000E+01    -3.8892258122964596E-01
 1.1793750000000001E+01    -3.9430360777888951E-01
 1.1831250000000001E+01    -3.9707675792621111E-01
 1.1868750000000000E+01    -3.9704509554884315E-01
 1.1906250000000000E+01    -3.9400483918956952E-01
 1.1943750000000000E+01    -3.8774541461165751E-01
 1.1981250000000001E+01    -3.7804966773158133E-01
 1.2018750000000001E+01    -3.6470599403294629E-01
 1.2056250000000000E+01    -3.4776734961834710E-01
 1.2093750000000000E+01    -3.2755258058377507E-01
 1.2131250000000000E+01    -3.0439032498727392E-01
 1.2168750000000001E+01    -2.7860959313466732E-01
 1.2206250000000001E+01    -2.5054143145242830E-01
 1.2243750000000000E+01    -2.2052006644938643E-01
 1.2281250000000000E+01    -1.8888363613690595E-01
 1.2318750000000000E+01    -1.5597458046487286E-01
 1.2356250000000001E+01    -1.2213974813460589E-01
 1.2393750000000001E+01    -8.7730273627128263E-02
 1.2431250000000000E+01    -5.3101279519080967E-02
 1.2468750000000000E+01    -1.8611461852300198E-02
 1.2506250000000000E+01     1.5377381449586613E-02
 1.2543750000000001E+01     4.8500818549105415E-02
 1.2581250000000001E+01     8.0392189323828411E-02
 1.2618750000000000E+01     1.1068289469231754E-01
 1.2656250000000000E+01     1.3900252361384446E-01
 1.2693750000000000E+01     1.6497878288651607E-01
 1.2731250000000001E+01     1.8823720895312282E-01
 1.2768750000000001E+01     2.0840065732314325E-01
 1.2806250000000000E+01     2.2508858291506695E-01
 1.2843750000000000E+01     2.3791614222772456E-01
 1.2881250000000000E+01     2.4649316411172228E-01
 1.2918750000000001E+01     2.5042304834190060E-01
 1.2956250000000001E+01     2.4930165877267210E-01
 1.2993750000000000E+01     2.4271627980538149E-01
 1.3031250000000000E+01     2.3033773947068867E-01
 1.3068750000000000E+01     2.1244530482084675E-01
 1.3106250000000001E+01     1.8956120381817448E-01
 1.3143750000000001E+01     1.6220105467270166E-01
 1.3181250000000000E+01     1.3087519463891342E-01
 1.3218750000000000E+01     9.6090514306045871E-02
 1.3256250000000000E+01     5.8352174573939666E-02
 1.3293750000000001E+01     1.8165250861139303E-02
 1.3331250000000001E+01    -2.3963686068725423E-02
 1.3368750000000000E+01    -6.7525058011807110E-02
 1.3406250000000000E+01    -1.1200484809092416E-01
 1.3443750000000000E+01    -1.5688326789506396E-01
 1.3481250000000001E+01    -2.0163354747050827E-01
 1.3518750000000001E+01    -2.4572088191125024E-01
 1.3556250000000000E+01    -2.8860157907026535E-01
 1.3593750000000000E+01    -3.2972246341550676E-01
 1.3631250000000000E+01    -3.6852059892669259E-01
 1.3668750000000001E+01    -4.0442339658482729E-01
 1.3706250000000001E+01    -4.3684916699529575E-01
 1.3743750000000000E+01    -4.6520816407368865E-01
 1.3781250000000000E+01    -4.8890414050621417E-01
 1.3818750000000000E+01    -5.0733640015467296E-01
 1.3856250000000001E+01    -5.1990228852298759E-01
 1.3893750000000001E+01    -5.2600001319946088E-01
 1.3931250000000000E+01    -5.2503163643663164E-01
 1.3968750000000000E+01    -5.1640603690206810E-01
 1.4006250000000000E+01    -4.9954261530269117E-01
 1.4043750000000001E+01    -4.7421599947623355E-01
 1.4081250000000001E+01    -4.4105595756206339E-01
 1.4118750000000000E+01    -4.0083172783944521E-01
 1.4156250000000000E+01    -3.5432320867932932E-01
 1.4193750000000000E+01    -3.0231714086074957E-01
 1.4231250000000001E+01    -2.4560210717058564E-01
 1.4268750000000001E+01    -1.8496276614431273E-01
 1.4306250000000000E+01    -1.2117365477684025E-01
 1.4343750000000000E+01    -5.4992837539323776E-02
 1.4381250000000000E+01     1.2844350440815531E-02
 1.4418749999999999E+01     8.1631214154682219E-02
 1.4456250000000001E+01     1.5069497215059424E-01
 1.4493750000000000E+01     2.1940103148254841E-01
 1.4531250000000000E+01     2.8715581596838624E-01
 1.4568750000000000E+01     3.5340761700884366E-01
 1.4606249999999999E+01     4.1764488672737698E-01
 1.4643750000000001E+01     4.7939140883768633E-01
 1.4681250000000000E+01     5.3819789373420002E-01
 1.4718750000000000E+01     5.9362977246001924E-01
 1.4756250000000000E+01     6.4525131491635057E-01
 1.4793749999999999E+01     6.9260665382270536E-01
 1.4831250000000001E+01     7.3519881436343004E-01
 1.4868750000000000E+01     7.7246836221838011E-01
 1.4906250000000000E+01     8.0377370379784674E-01
 1.4943750000000000E+01     8.2837530992070507E-01
 1.4981249999999999E+01     8.4542610531655205E-01
 1.5018750000000001E+01     8.5400026176761923E-01
 1.5056250000000000E+01     8.5376860676000155E-01
 1.5093750000000000E+01     8.4501760930148551E-01
 1.5131250000000000E+01     8.2801140164106068E-01
 1.5168749999999999E+01     8.0299562950751713E-01
 1.5206250000000001E+01     7.7023038489091655E-01
 1.5243750000000000E+01     7.3001885846961156E-01
 1.5281250000000000E+01     6.8272951677642479E-01
 1.5318750000000000E+01     6.2881054746384835E-01
 1.5356249999999999E+01     5.6879629502113405E-01
 1.5393750000000001E+01     5.0330627421937568E-01
 1.5431250000000000E+01     4.3303799304539531E-01
 1.5468750000000000E+01     3.5875518965031389E-01
 1.5506250000000000E+01     2.8127319104014581E-01
 1.5543749999999999E+01     2.0144298030578367E-01
 1.5581250000000001E+01     1.2013528663568254E-01
 1.5618750000000000E+01     3.8225669470740943E-02
 1.5656250000000000E+01    -4.3418771252414570E-02
 1.5693750000000000E+01    -1.2395070788059305E-01
 1.5731249999999999E+01    -2.0255176220935855E-01
 1.5768750000000001E+01    -2.7843948601159024E-01
 1.5806250000000000E+01    -3.5087210196049579E-01
 1.5843750000000000E+01    -4.1915093048884655E-01
 1.5881250000000000E+01    -4.8262038496867510E-01
 1.5918749999999999E+01    -5.4066540106151340E-01
 1.5956250000000001E+01    -5.9270620753083669E-01
 1.5993750000000000E+01    -6.3819046295990101E-01
 1.6031250000000000E+01    -6.7669770373641935E-01
 1.6068750000000001E+01    -7.0857516739895232E-01
 1.6106249999999999E+01    -7.3447366752664689E-01
 1.6143750000000001E+01    -7.5502643009183379E-01
 1.6181249999999999E+01    -7.7083968670780978E-01
 1.6218750000000000E+01    -7.8248679476697625E-01
 1.6256250000000001E+01    -7.9050496520999758E-01
 1.6293749999999999E+01    -7.9539434599281000E-01
 1.6331250000000001E+01    -7.9761902775958660E-01
 1.6368749999999999E+01    -7.9760943388945371E-01
 1.6406250000000000E+01    -7.9576552925650046E-01
 1.6443750000000001E+01    -7.9246032149643941E-01
 1.6481249999999999E+01    -7.8804321981147452E-01
 1.6518750000000001E+01    -7.8284294081442474E-01
 1.6556249999999999E+01    -7.7716979004501385E-01
 1.6593750000000000E+01    -7.7131728529472932E-01
 1.6631250000000001E+01    -7.6556321107268499E-01
 1.6668749999999999E+01    -7.6017029378403334E-01
 1.6706250000000001E+01    -7.5538675964304369E-01
 1.6743749999999999E+01    -7.5144708030018703E-01
 1.6781250000000000E+01    -7.4857322520508385E-01
 1.6818750000000001E+01    -7.4697672680632610E-01
 1.6856249999999999E+01    -7.4686182731417650E-01
 1.6893750000000001E+01    -7.4842991637989631E-01
 1.6931249999999999E+01    -7.5188538976132779E-01
 1.6968750000000000E+01    -7.5744296171077052E-01
 1.7006250000000001E+01    -7.6533564757321926E-01
 1.7043749999999999E+01    -7.7558692805173124E-01
 1.7081250000000001E+01    -7.8767441488788370E-01
 1.7118749999999999E+01    -8.0103291246114572E-01
 1.7156250000000000E+01    -8.1514657167434879E-01
 1.7193750000000001E+01    -8.2955306006051932E-01
 1.7231249999999999E+01    -8.4384704085294027E-01
 1.7268750000000001E+01    -8.5768212260964471E-01
 1.7306249999999999E+01    -8.7077070883643537E-01
 1.7343750000000000E+01    -8.8288143294303234E-01
 1.7381250000000001E+01    -8.9383411851510886E-01
 1.7418749999999999E+01    -9.0349244423745989E-01
 1.7456250000000001E+01    -9.1175469297935163E-01
 1.7493749999999999E+01    -9.1854310344685841E-01
 1.7531250000000000E+01    -9.2379240813274976E-01
 1.7568750000000001E+01    -9.2743813433958633E-01
 1.7606249999999999E+01    -9.2940518010123641E-01
 1.7643750000000001E+01    -9.2959707717674633E-01
 1.7681249999999999E+01    -9.2788624533675224E-01
 1.7718750000000000E+01    -9.2410544943887796E-01
 1.7756250000000001E+01    -9.1804060925808817E-01
 1.7793749999999999E+01    -9.0942508747513229E-01
 1.7831250000000001E+01    -8.9793558886344294E-01
 1.7868749999999999E+01    -8.8318982976386318E-01
 1.7906250000000000E+01    -8.6474616157085260E-01
 1.7943750000000001E+01    -8.4210533312146829E-01
 1.7981249999999999E+01    -8.1471453448368725E-01
 1.8018750000000001E+01    -7.8199601286922604E-01
 1.8056249999999999E+01    -7.4384517875129508E-01
 1.8093750000000000E+01    -7.0064273695734169E-01
 1.8131250000000001E+01    -6.5278066096880139E-01
 1.8168749999999999E+01    -6.0065476288920872E-01
 1.8206250000000001E+01    -5.4467630875916750E-01
 1.8243749999999999E+01    -4.8528032618797817E-01
 1.8281250000000000E+01    -4.2293065126649521E-01
 1.8318750000000001E+01    -3.5812188841294434E-01
 1.8356249999999999E+01    -2.9137860174024954E-01
 1.8393750000000001E+01    -2.2325218081605050E-01
 1.8431249999999999E+01    -1.5431590890512117E-01
 1.8468750000000000E+01    -8.5158803988635304E-02
 1.8506250000000001E+01    -1.6378807495920106E-02
 1.8543749999999999E+01     5.1424126993708096E-02
 1.8581250000000001E+01     1.1765453180427032E-01
 1.8618749999999999E+01     1.8172704337939646E-01
 1.8656250000000000E+01     2.4307072423843912E-01
 1.8693750000000001E+01     3.0113172677109717E-01
 1.8731249999999999E+01     3.5537400116615037E-01
 1.8768750000000001E+01     4.0527783168021930E-01
 1.8806249999999999E+01     4.5033609328372304E-01
 1.8843750000000000E+01     4.9004825990412448E-01
 1.8881250000000001E+01     5.2391236583307210E-01
 1.8918749999999999E+01     5.5141531534314336E-01
 1.8956250000000001E+01     5.7202213520920564E-01
 1.8993749999999999E+01     5.8516494519988460E-01
 1.9031250000000000E+01     5.9036842329612826E-01
 1.9068750000000001E+01     5.8800881416117212E-01
 1.9106249999999999E+01     5.7877659461707187E-01
 1.9143750000000001E+01     5.6331344164578090E-01
 1.9181249999999999E+01     5.4221886902411165E-01
 1.9218750000000000E+01     5.1605945750442828E-01
 1.9256250000000001E+01     4.8537894018353839E-01
 1.9293749999999999E+01     4.5070837696265315E-01
 1.9331250000000001E+01     4.1257567456729793E-01
 1.9368749999999999E+01     3.7151382857543097E-01
 1.9406250000000000E+01     3.2806744342507788E-01
 1.9443750000000001E+01     2.8279729308980112E-01
 1.9481249999999999E+01     2.3628289241432926E-01
 1.9518750000000001E+01     1.8912323665078207E-01
 1.9556249999999999E+01     1.4193602062802269E-01
 1.9593750000000000E+01     9.5355761373600634E-02
 1.9631250000000001E+01     5.0031316068043494E-02
 1.9668749999999999E+01     6.6233116844052215E-03
 1.9706250000000001E+01    -3.4198013749731734E-02
 1.9743749999999999E+01    -7.1754112346095966E-02
 1.9781250000000000E+01    -1.0535821262034149E-01
 1.9818750000000001E+01    -1.3431395366976773E-01
 1.9856249999999999E+01    -1.5791247871387884E-01
 1.9893750000000001E+01    -1.7542807137194974E-01
 1.9931249999999999E+01    -1.8611260503997207E-01
 1.9968750000000000E+01    -1.8918926525563204E-01
 2.0006250000000001E+01    -1.8384736378051625E-01
 2.0043749999999999E+01    -1.6963679517512384E-01
 2.0081250000000001E+01    -1.4704772011470410E-01
 2.0118749999999999E+01    -1.1667876337087583E-01
 2.0156250000000000E+01    -7.9098379661734983E-02
 2.0193750000000001E+01    -3.4855687456969570E-02
 2.0231249999999999E+01     1.5507603117528281E-02
 2.0268750000000001E+01     7.1444245655742755E-02
 2.0306249999999999E+01     1.3238779564012479E-01
 2.0343750000000000E+01     1.9773867171506423E-01
 2.0381250000000001E+01     2.6685047909313042E-01
 2.0418749999999999E+01     3.3901721826422349E-01
 2.0456250000000001E+01     4.1346208909879500E-01
 2.0493749999999999E+01     4.8932869612956481E-01
 2.0531250000000000E+01     5.6567555764221267E-01
 2.0568750000000001E+01     6.4147489605488683E-01
 2.0606249999999999E+01     7.1561670117686405E-01
 2.0643750000000001E+01     7.8691896039642173E-01
 2.0681249999999999E+01     8.5414468611254124E-01
 2.0718750000000000E+01     9.1602589706564230E-01
 2.0756250000000001E+01     9.7129401309988672E-01
 2.0793749999999999E+01     1.0187152393750152E+00
 2.0831250000000001E+01     1.0571285482014210E+00
 2.0868749999999999E+01     1.0854829808732187E+00
 2.0906250000000000E+01     1.1028703955172396E+00
 2.0943750000000001E+01     1.1085496813663647E+00
 2.0981249999999999E+01     1.1019589784710027E+00
 2.1018750000000001E+01     1.0827402918704798E+00
 2.1056249999999999E+01     1.0513097939170255E+00
 2.1093750000000000E+01     1.0088270025249630E+00
 2.1131250000000001E+01     9.5656637256875876E-01
 2.1168749999999999E+01     8.9584467581663285E-01
 2.1206250000000001E+01     8.2797558190172427E-01
 2.1243749999999999E+01     7.5422917680323687E-01
 2.1281250000000000E+01     6.7579955582913087E-01
 2.1318750000000001E+01     5.9378217286450508E-01
 2.1356249999999999E+01     5.0916127238964248E-01
 2.1393750000000001E+01     4.2280665721556199E-01
 2.1431249999999999E+01     3.3547833502726160E-01
 2.1468750000000000E+01     2.4783723433571841E-01
 2.1506250000000001E+01     1.6046012002376756E-01
 2.1543749999999999E+01     7.3856978826135802E-02
 2.1581250000000001E+01    -1.1510605397303085E-02
 2.1618749999999999E+01    -9.5211282439720518E-02
 2.1656250000000000E+01    -1.7682690052576713E-01
 2.1693750000000001E+01    -2.5593730937219283E-01
 2.1731249999999999E+01    -3.3210753464229370E-01
 2.1768750000000001E+01    -4.0487773204056254E-01
 2.1806249999999999E+01    -4.7375623515227888E-01
 2.1843750000000000E+01    -5.3821592723812262E-01
 2.1881250000000001E+01    -5.9769407219053339E-01
 2.1918749999999999E+01    -6.5159561528757293E-01
 2.1956250000000001E+01    -6.9929979838594880E-01
 2.1993749999999999E+01    -7.4016972499604716E-01
 2.2031250000000000E+01    -7.7363708021519328E-01
 2.2068750000000001E+01    -7.9962682027236398E-01
 2.2106249999999999E+01    -8.1828470129101372E-01
 2.2143750000000001E+01    -8.2979340661087830E-01
 2.2181249999999999E+01    -8.3438205087357276E-01
 2.2218750000000000E+01    -8.3233261027865613E-01
 2.2256250000000001E+01    -8.2398249533547241E-01
 2.2293749999999999E+01    -8.0972334065573504E-01
 2.2331250000000001E+01    -7.8999636782463523E-01
 2.2368749999999999E+01    -7.6528492293648953E-01
 2.2406250000000000E+01    -7.3610496737111419E-01
 2.2443750000000001E+01    -7.0299438966214334E-01
 2.2481249999999999E+01    -6.6650200379266156E-01
 2.2518750000000001E+01    -6.2717701485175870E-01
 2.2556249999999999E+01    -5.8555958701447208E-01
 2.2593750000000000E+01    -5.4217296704288853E-01
 2.2631250000000001E+01    -4.9751742507173558E-01
 2.2668749999999999E+01    -4.5206609566556732E-01
 2.2706250000000001E+01    -4.0626265199690625E-01
 2.2743749999999999E+01    -3.6052063328137007E-01
 2.2781250000000000E+01    -3.1522417249331958E-01
 2.2818750000000001E+01    -2.7072983493847425E-01
 2.2856249999999999E+01    -2.2736927229051840E-01
 2.2893750000000001E+01    -1.8545241357040571E-01
 2.2931249999999999E+01    -1.4527094660602410E-01
 2.2968750000000000E+01    -1.0710188405030166E-01
 2.3006250000000001E+01    -7.1210758206990687E-02
 2.3043749999999999E+01    -3.7755682398950365E-02
 2.3081250000000001E+01    -6.6456791741254118E-03
 2.3118749999999999E+01     2.2250389285550301E-02
 2.3156250000000000E+01     4.9066202763796501E-02
 2.3193750000000001E+01     7.3937072141530086E-02
 2.3231249999999999E+01     9.6999020581329101E-02
 2.3268750000000001E+01     1.1838791114661680E-01
 2.3306249999999999E+01     1.3823864303967875E-01
 2.3343750000000000E+01     1.5668442489536230E-01
 2.3381250000000001E+01     1.7385612992199648E-01
 2.3418749999999999E+01     1.8988173912003373E-01
 2.3456250000000001E+01     2.0488588225571833E-01
 2.3493749999999999E+01     2.1898948984938962E-01
 2.3531250000000000E+01     2.3230957209112824E-01
 2.3568750000000001E+01     2.4495914181512438E-01
 2.3606249999999999E+01     2.5704729833290896E-01
 2.3643750000000001E+01     2.6867948717003620E-01
 2.3681249999999999E+01     2.7995794781924199E-01
 2.3718750000000000E+01     2.9098235778987452E-01
 2.3756250000000001E+01     3.0185067673961419E-01
 2.3793749999999999E+01     3.1266018950084340E-01
 2.3831250000000001E+01     3.2350874148629727E-01
 2.3868749999999999E+01     3.3449615437435454E-01
 2.3906250000000000E+01     3.4572580423611043E-01
 2.3943750000000001E+01     3.5730633852382210E-01
 2.3981249999999999E+01     3.6935350281019108E-01
 2.4018750000000001E+01     3.8198555225478725E-01
 2.4056249999999999E+01     3.9518235984392636E-01
 2.4093750000000000E+01     4.0878656650690381E-01
 2.4131250000000001E+01     4.2264621465388363E-01
 2.4168749999999999E+01     4.3662070241774731E-01
 2.4206250000000001E+01     4.5058058246972427E-01
 2.4243749999999999E+01     4.6440753030745319E-01
 2.4281250000000000E+01     4.7799435208059327E-01
 2.4318750000000001E+01     4.9124495049108396E-01
 2.4356249999999999E+01     5.0407419780175200E-01
 2.4393750000000001E+01     5.1640768550640359E-01
 2.4431249999999999E+01     5.2818133505114995E-01
 2.4468750000000000E+01     5.3934086539412773E-01
 2.4506250000000001E+01     5.4984112225791093E-01
 2.4543749999999999E+01     5.5964528116012546E-01
 2.4581250000000001E+01     5.6872394189162268E-01
 2.4618749999999999E+01     5.7705413609952227E-01
 2.4656250000000000E+01     5.8461827205003292E-01
 2.4693750000000001E+01     5.9140304154491252E-01
 2.4731249999999999E+01     5.9739831344913774E-01
 2.4768750000000001E+01     6.0259603652202520E-01
 2.4806249999999999E+01     6.0698917143837638E-01
 2.4843750000000000E+01     6.1057066828033368E-01
 2.4881250000000001E+01     6.1333250161544994E-01
 2.4918749999999999E+01     6.1526477076220165E-01
 2.4956250000000001E+01     6.1635486814370077E-01
 2.4993749999999999E+01     6.1658671382670582E-01
 2.5031250000000000E+01     6.1596535327032065E-01
 2.5068750000000001E+01     6.1465935388439374E-01
 2.5106249999999999E+01     6.1290173730078412E-01
 2.5143750000000001E+01     6.1092303902425882E-01
 2.5181249999999999E+01     6.0895232435377178E-01
 2.5218750000000000E+01     6.0721783602173418E-01
 2.5256250000000001E+01     6.0594720334220731E-01
 2.5293749999999999E+01     6.0536727941367585E-01
 2.5331250000000001E+01     6.0570362979096204E-01
 2.5368749999999999E+01     6.0717966636950615E-01
 2.5406250000000000E+01     6.1001539824279272E-01
 2.5443750000000001E+01     6.1442575400890220E-01
 2.5481249999999999E+01     6.2061841606520007E-01
 2.5518750000000001E+01     6.2879109659169519E-01
 2.5556249999999999E+01     6.3912817778711783E-01
 2.5593750000000000E+01     6.5179663690840017E-01
 2.5631250000000001E+01     6.6694118206672526E-01
 2.5668749999999999E+01     6.8467854078963986E-01
 2.5706250000000001E+01     7.0509087432500750E-01
 2.5743749999999999E+01     7.2821834172319266E-01
 2.5781250000000000E+01     7.5405091471907815E-01
 2.5818750000000001E+01     7.8251965313172023E-01
 2.5856249999999999E+01     8.1348779540060523E-01
 2.5893750000000001E+01     8.4674220121951438E-01
 2.5931249999999999E+01     8.8198589816925221E-01
 2.5968750000000000E+01     9.1883271736005745E-01
 2.6006250000000001E+01     9.5680504024766044E-01
 2.6043749999999999E+01     9.9527341129192792E-01
 2.6081250000000001E+01     1.0333733036737704E+00
 2.6118749999999999E+01     1.0701518374964785E+00
 2.6156250000000000E+01     1.1046143308125176E+00
 2.6193750000000001E+01     1.1357566853475796E+00
 2.6231249999999999E+01     1.1626060693658400E+00
 2.6268750000000001E+01     1.1842676836442263E+00
 2.6306249999999999E+01     1.1999740785813027E+00
 2.6343750000000000E+01     1.2091323762952324E+00
 2.6381250000000001E+01     1.2113641553247225E+00
 2.6418749999999999E+01     1.2065329406573442E+00
 2.6456250000000001E+01     1.1947553256145460E+00
 2.6493749999999999E+01     1.1763936362767142E+00
 2.6531250000000000E+01     1.1520304132835768E+00
 2.6568750000000001E+01     1.1224273603301496E+00
 2.6606249999999999E+01     1.0884733070058381E+00
 2.6643750000000001E+01     1.0511267954749228E+00
 2.6681249999999999E+01     1.0113589889573500E+00
 2.6718750000000000E+01     9.7010181829075359E-01
 2.6756250000000001E+01     9.2820491299053765E-01
 2.6793749999999999E+01     8.8640326030898831E-01
 2.6831250000000001E+01     8.4529602370914914E-01
 2.6868749999999999E+01     8.0533575419684500E-01
 2.6906250000000000E+01     7.6682644447249493E-01
 2.6943750000000001E+01     7.2992850080281546E-01
 2.6981249999999999E+01     6.9466866536441119E-01
 2.7018750000000001E+01     6.6096057293528365E-01
 2.7056249999999999E+01     6.2878380321986649E-01
 2.7093750000000000E+01     5.9819985991260216E-01
 2.7131250000000001E+01     5.6920494385364750E-01
 2.7168749999999999E+01     5.4173944296403598E-01
 2.7206250000000001E+01     5.1570368174211612E-01
 2.7243749999999999E+01     4.9097206598114318E-01
 2.7281250000000000E+01     4.6740543980610538E-01
 2.7318750000000001E+01     4.4486160912252326E-01
 2.7356249999999999E+01     4.2320407832984497E-01
 2.7393750000000001E+01     4.0230910542175430E-01
 2.7431249999999999E+01     3.8207121370652558E-01
 2.7468750000000000E+01     3.6240731427045103E-01
 2.7506250000000001E+01     3.4325959816773938E-01
 2.7543749999999999E+01     3.2459735562074826E-01
 2.7581250000000001E+01     3.0641787424909211E-01
 2.7618749999999999E+01     2.8874656133165361E-01
 2.7656250000000000E+01     2.7163642730134302E-01
 2.7693750000000001E+01     2.5516705946924406E-01
 2.7731249999999999E+01     2.3944320641436417E-01
 2.7768750000000001E+01     2.2459308444455939E-01
 2.7806249999999999E+01     2.1076650787553086E-01
 2.7843750000000000E+01     1.9813293447339131E-01
 2.7881250000000001E+01     1.8687950622557034E-01
 2.7918749999999999E+01     1.7720915369213486E-01
 2.7956250000000001E+01     1.6933881967207068E-01
 2.7993749999999999E+01     1.6349784497029196E-01
 2.8031250000000000E+01     1.5989555523718027E-01
 2.8068750000000001E+01     1.5854491706413015E-01
 2.8106249999999999E+01     1.5938273568924591E-01
 2.8143750000000001E+01     1.6235124241864754E-01
 2.8181249999999999E+01     1.6739647234573818E-01
 2.8218750000000000E+01     1.7446689028285051E-01
 2.8256250000000001E+01     1.8351237046526081E-01
 2.8293749999999999E+01     1.9448342656932904E-01
 2.8331250000000001E+01     2.0733061582725207E-01
 2.8368749999999999E+01     2.2200406010982557E-01
 2.8406250000000000E+01     2.3845304058023237E-01
 2.8443750000000001E+01     2.5662563264181476E-01
 2.8481249999999999E+01     2.7646835552692606E-01
 2.8518750000000001E+01     2.9792581674006269E-01
 2.8556249999999999E+01     3.2094033617680567E-01
 2.8593750000000000E+01     3.4545153844937193E-01
 2.8631250000000001E+01     3.7139590502675646E-01
 2.8668749999999999E+01     3.9870628044736528E-01
 2.8706250000000001E+01     4.2731132925533766E-01
 2.8743749999999999E+01     4.5713494258340143E-01
 2.8781250000000000E+01     4.8809559557167970E-01
 2.8818749999999998E+01     5.2010565916458074E-01
 2.8856249999999999E+01     5.5307067233558371E-01
 2.8893750000000001E+01     5.8688858349920892E-01
 2.8931249999999999E+01     6.2144897279529931E-01
 2.8968750000000000E+01     6.5663227006119207E-01
 2.9006249999999998E+01     6.9219988827278389E-01
 2.9043749999999999E+01     7.2283687895010207E-01
 2.9081250000000001E+01     7.4553087665857587E-01
 2.9118749999999999E+01     7.6026021919046483E-01
 2.9156250000000000E+01     7.6708467848839634E-01
 2.9193749999999998E+01     7.6615698750405947E-01
 2.9231249999999999E+01     7.5773400537211832E-01
 2.9268750000000001E+01     7.4218440053742540E-01
 2.9306249999999999E+01     7.1999137469947749E-01
 2.9343750000000000E+01     6.9174984821291874E-01
 2.9381249999999998E+01     6.5815798046973017E-01
 2.9418749999999999E+01     6.2000312902519628E-01
 2.9456250000000001E+01     5.7814248924131362E-01
 2.9493749999999999E+01     5.3347878185614739E-01
 2.9531250000000000E+01     4.8693153560336599E-01
 2.9568749999999998E+01     4.3940481354991473E-01
 2.9606249999999999E+01     3.9175271550873880E-01
 2.9643750000000001E+01     3.4474468081654891E-01
 2.9681249999999999E+01     2.9903347278359416E-01
 2.9718750000000000E+01     2.5512960757382785E-01
 2.9756249999999998E+01     2.1338665517569572E-01
 2.9793749999999999E+01     1.7400198530737732E-01
 2.9831250000000001E+01     1.3703687240189893E-01
 2.9868749999999999E+01     1.0245825021933186E-01
 2.9906250000000000E+01     7.0201866249229999E-02
 2.9943749999999998E+01     4.0253407841629243E-02
 2.9981249999999999E+01     1.2740798628038928E-02
