 iter    JT            dJT           ga_int        dt
    0    0.99910839           n/a           n/a    0.67
    1    0.99901294    0.00009545    0.00265442    1.42
    2    0.99890637    0.00010657    0.00280649    1.47
    3    0.99878719    0.00011918    0.00297018    1.86
    4    0.99865365    0.00013353    0.00314661    2.09
    5    0.99850375    0.00014990    0.00333731    2.16
    6    0.99833510    0.00016865    0.00354422    2.07
    7    0.99814489    0.00019020    0.00377138    2.15
    8    0.99792982    0.00021507    0.00402183    2.20
    9    0.99768591    0.00024391    0.00429795    1.90
   10    0.99740840    0.00027751    0.00460215    1.46
   11    0.99709156    0.00031685    0.00493952    1.42
   12    0.99672837    0.00036319    0.00531840    1.45
   13    0.99631027    0.00041810    0.00574500    1.42
   14    0.99582666    0.00048361    0.00622229    1.73
   15    0.99526436    0.00056230    0.00675804    1.75
   16    0.99460678    0.00065757    0.00736609    1.84
   17    0.99383293    0.00077385    0.00805993    1.85
   18    0.99291591    0.00091702    0.00885407    2.09
   19    0.99182099    0.00109492    0.00976626    1.39
   20    0.99050284    0.00131815    0.01082615    1.41
   21    0.98890172    0.00160112    0.01205317    1.42
   22    0.98693815    0.00196357    0.01347865    1.46
   23    0.98450546    0.00243269    0.01513971    1.47
   24    0.98145943    0.00304603    0.01708142    1.40
   25    0.97760417    0.00385526    0.01935760    1.41
   26    0.97267357    0.00493060    0.02201998    1.43
   27    0.96630865    0.00636492    0.02511904    1.37
   28    0.95803394    0.00827471    0.02868415    1.44
   29    0.94724244    0.01079149    0.03269864    1.44
   30    0.93320947    0.01403297    0.03705844    1.45
   31    0.91516783    0.01804164    0.04155190    1.68
   32    0.89247526    0.02269257    0.04590751    2.12
   33    0.86486220    0.02761305    0.04983220    1.84
   34    0.83266268    0.03219953    0.05319230    1.95
   35    0.79688651    0.03577617    0.05568130    2.14
   36    0.75908662    0.03779989    0.05675698    2.24
   37    0.72110192    0.03798470    0.05589755    2.24
   38    0.68472398    0.03637794    0.05329635    2.21
   39    0.65129554    0.03342843    0.05074576    2.04
   40    0.62141368    0.02988186    0.04824417    2.15
   41    0.59497340    0.02644029    0.04522563    2.03
   42    0.57149061    0.02348279    0.04223311    1.94
   43    0.55041496    0.02107565    0.03952759    1.99
   44    0.53127715    0.01913781    0.03721141    1.54
   45    0.51371177    0.01756538    0.03542150    1.44
   46    0.49743698    0.01627479    0.03401311    1.42
   47    0.48223198    0.01520499    0.03279375    1.47
   48    0.46792155    0.01431043    0.03172012    1.48
   49    0.45436591    0.01355564    0.03078522    1.42
   50    0.44145372    0.01291219    0.02996112    1.45
   51    0.42909660    0.01235712    0.02921319    1.49
   52    0.41722472    0.01187187    0.02852053    1.60
   53    0.40578311    0.01144161    0.02787350    1.51
   54    0.39472859    0.01105452    0.02726280    1.59
   55    0.38402730    0.01070130    0.02668518    1.52
   56    0.37365264    0.01037465    0.02613778    1.49
   57    0.36358372    0.01006892    0.02561676    1.82
   58    0.35380397    0.00977974    0.02511896    1.95
   59    0.34430021    0.00950377    0.02464284    2.00
   60    0.33506176    0.00923845    0.02418484    1.66
   61    0.32607989    0.00898187    0.02374317    1.97
   62    0.31734727    0.00873261    0.02331578    1.87
   63    0.30885766    0.00848962    0.02290151    1.81
   64    0.30060552    0.00825213    0.02251019    1.67
   65    0.29258591    0.00801962    0.02214228    1.86
   66    0.28479420    0.00779171    0.02178345    1.91
   67    0.27722604    0.00756816    0.02142809    1.74
   68    0.26987720    0.00734884    0.02107607    1.95
   69    0.26274351    0.00713368    0.02072706    1.94
   70    0.25582085    0.00692266    0.02038097    1.85
   71    0.24910506    0.00671580    0.02003741    1.79
   72    0.24259192    0.00651313    0.01969650    1.85
   73    0.23627719    0.00631473    0.01935863    1.87
   74    0.23015654    0.00612065    0.01902371    1.82
   75    0.22422557    0.00593097    0.01869185    2.05
   76    0.21847983    0.00574574    0.01836330    1.93
   77    0.21291480    0.00556503    0.01804528    1.84
   78    0.20752591    0.00538889    0.01773360    1.87
   79    0.20230856    0.00521735    0.01742690    1.94
   80    0.19725813    0.00505044    0.01712498    1.91
   81    0.19236995    0.00488817    0.01682939    1.78
   82    0.18763940    0.00473055    0.01654340    1.57
   83    0.18306183    0.00457757    0.01626567    1.82
   84    0.17863263    0.00442919    0.01599389    1.84
   85    0.17434724    0.00428539    0.01572680    1.74
   86    0.17020113    0.00414611    0.01546464    1.93
   87    0.16618983    0.00401130    0.01520747    1.95
   88    0.16230895    0.00388088    0.01495479    1.54
   89    0.15855417    0.00375478    0.01470868    2.23
   90    0.15492125    0.00363292    0.01446803    2.02
   91    0.15140606    0.00351519    0.01423293    1.91
   92    0.14800454    0.00340152    0.01400250    1.97
   93    0.14471276    0.00329178    0.01377694    1.89
   94    0.14152687    0.00318589    0.01355604    2.09
   95    0.13844314    0.00308373    0.01333963    1.96
   96    0.13545795    0.00298519    0.01312779    1.86
   97    0.13256779    0.00289016    0.01292030    1.89
   98    0.12976926    0.00279853    0.01271721    1.98
   99    0.12705906    0.00271019    0.01251909    2.07
  100    0.12443403    0.00262503    0.01232552    2.05
  101    0.12189109    0.00254294    0.01213630    1.87
  102    0.11942727    0.00246382    0.01195144    1.79
  103    0.11703972    0.00238755    0.01177078    1.73
  104    0.11472569    0.00231403    0.01159413    2.04
  105    0.11248253    0.00224317    0.01142213    1.99
  106    0.11030767    0.00217486    0.01125431    2.10
  107    0.10819867    0.00210900    0.01109059    1.95
  108    0.10615315    0.00204552    0.01093102    2.09
  109    0.10416884    0.00198431    0.01077525    1.96
  110    0.10224355    0.00192529    0.01062291    1.97
  111    0.10037518    0.00186837    0.01047372    2.02
  112    0.09856170    0.00181348    0.01032761    1.88
  113    0.09680117    0.00176053    0.01018464    1.94
  114    0.09509171    0.00170946    0.01004482    1.92
  115    0.09343154    0.00166018    0.00990801    2.17
  116    0.09181891    0.00161263    0.00977401    2.00
  117    0.09025217    0.00156674    0.00964297    1.92
  118    0.08872972    0.00152245    0.00951456    1.77
  119    0.08725003    0.00147969    0.00938872    1.91
  120    0.08581162    0.00143841    0.00926555    1.74
  121    0.08441306    0.00139856    0.00914468    1.71
  122    0.08305299    0.00136006    0.00902628    1.67
  123    0.08173011    0.00132289    0.00891028    1.68
  124    0.08044314    0.00128697    0.00879643    1.88
  125    0.07919087    0.00125227    0.00868490    1.70
  126    0.07797213    0.00121874    0.00857570    2.01
  127    0.07678579    0.00118634    0.00846875    1.68
  128    0.07563077    0.00115502    0.00836385    1.87
  129    0.07450604    0.00112474    0.00826104    1.88
  130    0.07341058    0.00109546    0.00816026    1.84
  131    0.07234342    0.00106715    0.00806144    1.86
  132    0.07130365    0.00103978    0.00796451    1.91
  133    0.07029035    0.00101329    0.00786936    1.74
  134    0.06930268    0.00098768    0.00777609    1.79
  135    0.06833978    0.00096289    0.00768457    1.87
  136    0.06740088    0.00093891    0.00759473    1.78
  137    0.06648518    0.00091570    0.00750656    1.85
  138    0.06559195    0.00089323    0.00742010    1.78
  139    0.06472047    0.00087148    0.00733523    1.91
  140    0.06387004    0.00085042    0.00725199    2.03
  141    0.06304001    0.00083003    0.00717038    1.98
  142    0.06222972    0.00081029    0.00709045    2.09
  143    0.06143856    0.00079116    0.00701224    1.86
  144    0.06066592    0.00077264    0.00693571    1.44
  145    0.05991123    0.00075469    0.00686078    1.45
  146    0.05917393    0.00073730    0.00678724    1.47
  147    0.05845349    0.00072044    0.00671511    1.50
  148    0.05774938    0.00070411    0.00664427    1.52
  149    0.05706111    0.00068827    0.00657484    1.61
  150    0.05638818    0.00067292    0.00650668    1.54
  151    0.05573014    0.00065804    0.00643979    1.50
  152    0.05508653    0.00064361    0.00637419    1.57
  153    0.05445692    0.00062961    0.00630998    1.62
  154    0.05384089    0.00061603    0.00624704    1.53
  155    0.05323802    0.00060286    0.00618516    1.62
  156    0.05264794    0.00059008    0.00612441    1.57
  157    0.05207025    0.00057768    0.00606472    1.54
  158    0.05150460    0.00056565    0.00600601    1.66
  159    0.05095063    0.00055397    0.00594829    1.64
  160    0.05040800    0.00054263    0.00589156    1.78
  161    0.04987638    0.00053162    0.00583581    1.64
  162    0.04935544    0.00052093    0.00578102    1.58
  163    0.04884489    0.00051055    0.00572713    1.72
  164    0.04834442    0.00050047    0.00567421    1.59
  165    0.04785374    0.00049068    0.00562217    1.67
  166    0.04737258    0.00048116    0.00557100    1.96
  167    0.04690066    0.00047192    0.00552067    2.23
  168    0.04643773    0.00046293    0.00547124    2.19
  169    0.04598354    0.00045420    0.00542277    2.29
  170    0.04553783    0.00044571    0.00537517    2.27
  171    0.04510038    0.00043745    0.00532848    2.39
  172    0.04467095    0.00042943    0.00528261    2.36
  173    0.04424932    0.00042162    0.00523750    2.42
  174    0.04383529    0.00041403    0.00519315    2.35
  175    0.04342864    0.00040665    0.00514961    2.40
  176    0.04302917    0.00039947    0.00510677    2.39
  177    0.04263670    0.00039248    0.00506472    2.35
  178    0.04225103    0.00038567    0.00502342    2.43
  179    0.04187198    0.00037905    0.00498287    2.37
  180    0.04149937    0.00037260    0.00494304    2.38
  181    0.04113304    0.00036633    0.00490389    2.36
  182    0.04077283    0.00036022    0.00486541    2.39
  183    0.04041856    0.00035426    0.00482755    2.33
  184    0.04007010    0.00034847    0.00479032    2.39
  185    0.03972728    0.00034282    0.00475372    2.36
  186    0.03938996    0.00033732    0.00471784    2.37
  187    0.03905801    0.00033195    0.00468265    2.39
  188    0.03873129    0.00032673    0.00464811    2.39
  189    0.03840966    0.00032163    0.00461420    2.37
  190    0.03809299    0.00031666    0.00458092    2.37
  191    0.03778117    0.00031182    0.00454823    2.42
  192    0.03747408    0.00030709    0.00451615    2.38
  193    0.03717159    0.00030249    0.00448468    2.37
  194    0.03687360    0.00029799    0.00445369    2.38
  195    0.03657999    0.00029361    0.00442315    2.37
  196    0.03629067    0.00028933    0.00439312    2.39
  197    0.03600552    0.00028515    0.00436358    2.41
  198    0.03572445    0.00028107    0.00433447    2.38
  199    0.03544736    0.00027709    0.00430583    2.21
  200    0.03517415    0.00027320    0.00427763    2.26
  201    0.03490475    0.00026941    0.00424985    2.42
  202    0.03463905    0.00026570    0.00422255    2.18
  203    0.03437697    0.00026208    0.00419564    2.18
  204    0.03411843    0.00025854    0.00416914    2.24
  205    0.03386335    0.00025508    0.00414306    1.99
  206    0.03361166    0.00025170    0.00411737    2.08
  207    0.03336326    0.00024839    0.00409204    2.09
  208    0.03311810    0.00024516    0.00406708    2.17
  209    0.03287610    0.00024200    0.00404248    2.18
  210    0.03263719    0.00023891    0.00401824    2.42
  211    0.03240129    0.00023589    0.00399435    2.43
  212    0.03216836    0.00023293    0.00397080    2.44
  213    0.03193832    0.00023004    0.00394757    2.35
  214    0.03171111    0.00022721    0.00392469    2.40
  215    0.03148667    0.00022444    0.00390211    2.37
  216    0.03126494    0.00022173    0.00387982    2.38
  217    0.03104587    0.00021907    0.00385783    2.40
  218    0.03082940    0.00021647    0.00383616    2.38
  219    0.03061548    0.00021392    0.00381478    2.40
  220    0.03040405    0.00021143    0.00379368    2.32
  221    0.03019507    0.00020898    0.00377289    2.40
  222    0.02998848    0.00020659    0.00375239    2.28
  223    0.02978424    0.00020424    0.00373216    2.38
  224    0.02958230    0.00020194    0.00371219    2.33
  225    0.02938261    0.00019969    0.00369248    2.42
  226    0.02918514    0.00019748    0.00367302    2.44
  227    0.02898983    0.00019531    0.00365383    2.41
  228    0.02879665    0.00019318    0.00363490    2.38
  229    0.02860555    0.00019110    0.00361620    2.37
  230    0.02841650    0.00018905    0.00359773    2.43
  231    0.02822946    0.00018704    0.00357950    2.36
  232    0.02804439    0.00018507    0.00356150    2.35
  233    0.02786125    0.00018314    0.00354372    2.37
  234    0.02768001    0.00018124    0.00352615    2.38
  235    0.02750064    0.00017938    0.00350881    2.37
  236    0.02732309    0.00017755    0.00349168    2.40
  237    0.02714734    0.00017575    0.00347474    2.41
  238    0.02697336    0.00017398    0.00345802    2.43
  239    0.02680111    0.00017225    0.00344148    2.37
  240    0.02663056    0.00017055    0.00342515    2.38
  241    0.02646169    0.00016887    0.00340902    2.38
  242    0.02629446    0.00016723    0.00339307    2.43
  243    0.02612885    0.00016561    0.00337730    2.42
  244    0.02596483    0.00016402    0.00336174    2.43
  245    0.02580237    0.00016246    0.00334636    2.42
  246    0.02564144    0.00016092    0.00333115    2.38
  247    0.02548203    0.00015941    0.00331613    2.42
  248    0.02532411    0.00015792    0.00330126    2.33
  249    0.02516765    0.00015646    0.00328656    2.39
  250    0.02501263    0.00015502    0.00327200    2.38
  251    0.02485902    0.00015361    0.00325762    2.32
  252    0.02470681    0.00015221    0.00324338    2.17
  253    0.02455596    0.00015084    0.00322929    2.34
  254    0.02440647    0.00014949    0.00321537    2.16
  255    0.02425831    0.00014816    0.00320159    2.20
  256    0.02411145    0.00014685    0.00318795    2.32
  257    0.02396589    0.00014557    0.00317445    1.98
  258    0.02382159    0.00014430    0.00316110    2.13
  259    0.02367855    0.00014305    0.00314788    2.17
  260    0.02353673    0.00014181    0.00313480    2.05
  261    0.02339613    0.00014060    0.00312186    2.05
  262    0.02325673    0.00013940    0.00310906    2.10
  263    0.02311850    0.00013823    0.00309639    2.10
  264    0.02298143    0.00013706    0.00308385    2.21
  265    0.02284551    0.00013592    0.00307143    2.18
  266    0.02271072    0.00013479    0.00305914    1.97
  267    0.02257705    0.00013368    0.00304697    2.08
  268    0.02244447    0.00013258    0.00303491    2.02
  269    0.02231297    0.00013150    0.00302296    2.27
  270    0.02218254    0.00013043    0.00301112    2.24
  271    0.02205316    0.00012938    0.00299939    2.13
  272    0.02192482    0.00012834    0.00298777    2.35
  273    0.02179751    0.00012731    0.00297624    2.24
  274    0.02167121    0.00012630    0.00296483    2.41
  275    0.02154590    0.00012530    0.00295353    2.38
  276    0.02142159    0.00012432    0.00294233    2.47
  277    0.02129824    0.00012335    0.00293123    2.36
  278    0.02117585    0.00012239    0.00292022    2.43
  279    0.02105442    0.00012144    0.00290930    2.44
  280    0.02093391    0.00012050    0.00289849    2.44
  281    0.02081434    0.00011958    0.00288776    2.46
  282    0.02069567    0.00011867    0.00287714    2.41
  283    0.02057791    0.00011776    0.00286660    2.42
  284    0.02046103    0.00011687    0.00285615    2.45
  285    0.02034504    0.00011599    0.00284578    2.44
  286    0.02022991    0.00011513    0.00283551    2.38
  287    0.02011565    0.00011427    0.00282533    2.26
  288    0.02000223    0.00011342    0.00281522    2.30
  289    0.01988965    0.00011258    0.00280520    2.30
  290    0.01977790    0.00011175    0.00279527    2.23
  291    0.01966696    0.00011093    0.00278541    2.22
  292    0.01955684    0.00011012    0.00277562    2.32
  293    0.01944752    0.00010932    0.00276590    2.14
  294    0.01933899    0.00010853    0.00275626    2.28
  295    0.01923124    0.00010775    0.00274670    2.30
  296    0.01912426    0.00010698    0.00273720    2.23
  297    0.01901805    0.00010621    0.00272777    2.27
  298    0.01891260    0.00010545    0.00271843    2.23
  299    0.01880789    0.00010471    0.00270915    2.24
  300    0.01870393    0.00010397    0.00269993    2.20
  301    0.01860070    0.00010323    0.00269078    2.20
  302    0.01849819    0.00010251    0.00268169    2.19
  303    0.01839639    0.00010179    0.00267266    2.12
  304    0.01829531    0.00010108    0.00266370    2.10
  305    0.01819493    0.00010038    0.00265480    2.28
  306    0.01809524    0.00009969    0.00264596    2.06
  307    0.01799624    0.00009900    0.00263717    2.12
  308    0.01789792    0.00009832    0.00262846    2.18
  309    0.01780028    0.00009765    0.00261981    2.05
  310    0.01770330    0.00009698    0.00261121    2.19
  311    0.01760698    0.00009632    0.00260267    2.16
  312    0.01751131    0.00009567    0.00259418    2.14
  313    0.01741629    0.00009502    0.00258575    2.19
  314    0.01732191    0.00009438    0.00257738    2.19
  315    0.01722816    0.00009375    0.00256906    2.04
  316    0.01713504    0.00009312    0.00256079    2.10
  317    0.01704255    0.00009250    0.00255257    2.05
  318    0.01695066    0.00009188    0.00254441    2.02
  319    0.01685939    0.00009127    0.00253629    2.14
  320    0.01676872    0.00009067    0.00252823    2.13
  321    0.01667865    0.00009007    0.00252021    1.92
  322    0.01658918    0.00008948    0.00251223    1.95
  323    0.01650029    0.00008889    0.00250430    2.05
  324    0.01641198    0.00008831    0.00249643    1.88
  325    0.01632425    0.00008773    0.00248860    2.05
  326    0.01623708    0.00008716    0.00248081    1.53
  327    0.01615049    0.00008660    0.00247307    1.60
  328    0.01606445    0.00008604    0.00246536    1.60
  329    0.01597897    0.00008548    0.00245771    1.62
  330    0.01589404    0.00008493    0.00245010    1.59
  331    0.01580966    0.00008438    0.00244254    1.58
  332    0.01572581    0.00008384    0.00243502    1.56
  333    0.01564251    0.00008331    0.00242754    1.53
  334    0.01555973    0.00008278    0.00242010    1.55
  335    0.01547748    0.00008225    0.00241271    1.54
  336    0.01539575    0.00008173    0.00240535    1.54
  337    0.01531454    0.00008121    0.00239804    1.57
  338    0.01523385    0.00008070    0.00239076    1.54
  339    0.01515366    0.00008019    0.00238352    1.60
  340    0.01507397    0.00007968    0.00237632    1.57
  341    0.01499479    0.00007918    0.00236915    1.55
  342    0.01491610    0.00007869    0.00236202    1.54
  343    0.01483790    0.00007820    0.00235492    1.58
  344    0.01476019    0.00007771    0.00234785    1.52
  345    0.01468297    0.00007723    0.00234083    1.52
  346    0.01460622    0.00007675    0.00233383    1.51
  347    0.01452995    0.00007627    0.00232687    1.55
  348    0.01445415    0.00007580    0.00231995    1.54
  349    0.01437881    0.00007533    0.00231306    1.59
  350    0.01430394    0.00007487    0.00230621    1.47
  351    0.01422954    0.00007441    0.00229939    1.50
  352    0.01415558    0.00007395    0.00229261    1.53
  353    0.01408208    0.00007350    0.00228586    1.52
  354    0.01400903    0.00007305    0.00227914    1.55
  355    0.01393643    0.00007261    0.00227245    1.55
  356    0.01386426    0.00007216    0.00226579    1.52
  357    0.01379254    0.00007173    0.00225917    1.59
  358    0.01372125    0.00007129    0.00225257    1.56
  359    0.01365039    0.00007086    0.00224602    1.53
  360    0.01357996    0.00007043    0.00223949    1.58
  361    0.01350995    0.00007001    0.00223299    1.50
  362    0.01344037    0.00006958    0.00222652    1.51
  363    0.01337120    0.00006917    0.00222008    1.54
  364    0.01330245    0.00006875    0.00221367    1.52
  365    0.01323411    0.00006834    0.00220729    1.52
  366    0.01316618    0.00006793    0.00220094    1.51
  367    0.01309866    0.00006752    0.00219462    1.52
  368    0.01303154    0.00006712    0.00218833    1.51
  369    0.01296482    0.00006672    0.00218206    1.50
  370    0.01289849    0.00006633    0.00217582    1.49
  371    0.01283256    0.00006593    0.00216962    1.51
  372    0.01276701    0.00006554    0.00216344    1.51
  373    0.01270186    0.00006515    0.00215730    1.54
  374    0.01263709    0.00006477    0.00215117    1.50
  375    0.01257270    0.00006439    0.00214508    1.50
  376    0.01250869    0.00006401    0.00213901    1.55
  377    0.01244506    0.00006363    0.00213296    1.54
  378    0.01238180    0.00006326    0.00212694    1.50
  379    0.01231891    0.00006289    0.00212095    1.64
  380    0.01225639    0.00006252    0.00211497    1.52
  381    0.01219424    0.00006215    0.00210903    1.54
  382    0.01213245    0.00006179    0.00210311    1.58
  383    0.01207102    0.00006143    0.00209722    1.64
  384    0.01200994    0.00006107    0.00209135    1.56
  385    0.01194922    0.00006072    0.00208550    1.54
  386    0.01188886    0.00006037    0.00207968    1.63
  387    0.01182884    0.00006002    0.00207388    1.49
  388    0.01176917    0.00005967    0.00206810    1.49
  389    0.01170985    0.00005932    0.00206234    1.47
  390    0.01165086    0.00005898    0.00205660    1.56
  391    0.01159222    0.00005864    0.00205089    1.58
  392    0.01153392    0.00005830    0.00204519    1.60
  393    0.01147595    0.00005797    0.00203953    1.58
  394    0.01141831    0.00005764    0.00203388    1.52
  395    0.01136101    0.00005731    0.00202826    1.50
  396    0.01130403    0.00005698    0.00202267    1.63
  397    0.01124738    0.00005665    0.00201710    1.64
  398    0.01119105    0.00005633    0.00201155    1.57
  399    0.01113505    0.00005601    0.00200603    1.60
  400    0.01107936    0.00005569    0.00200052    1.57
  401    0.01102399    0.00005537    0.00199503    1.55
  402    0.01096894    0.00005505    0.00198956    1.63
  403    0.01091420    0.00005474    0.00198411    1.56
  404    0.01085977    0.00005443    0.00197868    1.54
  405    0.01080564    0.00005412    0.00197327    1.55
  406    0.01075183    0.00005382    0.00196788    1.57
  407    0.01069832    0.00005351    0.00196251    1.55
  408    0.01064511    0.00005321    0.00195716    1.54
  409    0.01059220    0.00005291    0.00195183    1.54
  410    0.01053959    0.00005261    0.00194651    1.61
  411    0.01048727    0.00005231    0.00194122    1.50
  412    0.01043525    0.00005202    0.00193594    1.59
  413    0.01038353    0.00005173    0.00193068    1.56
  414    0.01033209    0.00005144    0.00192544    1.54
  415    0.01028094    0.00005115    0.00192022    1.53
  416    0.01023008    0.00005086    0.00191501    1.58
  417    0.01017950    0.00005058    0.00190983    1.62
  418    0.01012920    0.00005030    0.00190467    1.54
  419    0.01007919    0.00005001    0.00189953    1.52
  420    0.01002945    0.00004974    0.00189441    1.54
  421    0.00997999    0.00004946    0.00188930    1.55
stop condition met (JT_iter[-1] < 0.01: True, ¦¤JT < 1e-07: False), break
