#                  time                       real
 1.5625000000000000E-02     3.6320166886929617E-03
 4.6875000000000000E-02     1.0614303272716957E-02
 7.8125000000000000E-02     1.7220490016354759E-02
 1.0937500000000000E-01     2.3447629926030826E-02
 1.4062500000000000E-01     2.9290120707267442E-02
 1.7187500000000000E-01     3.4739958328232692E-02
 2.0312500000000000E-01     3.9787113013150473E-02
 2.3437500000000000E-01     4.4420008121405612E-02
 2.6562500000000000E-01     4.8626082564465677E-02
 2.9687500000000000E-01     5.2392418300827380E-02
 3.2812500000000000E-01     5.5706415711771262E-02
 3.5937500000000000E-01     5.8556500995953269E-02
 3.9062500000000000E-01     6.0932850858418472E-02
 4.2187500000000000E-01     6.2828120483272201E-02
 4.5312500000000000E-01     6.4238160902226532E-02
 4.8437500000000000E-01     6.5162711308121263E-02
 5.1562500000000000E-01     6.5606050603980254E-02
 5.4687500000000000E-01     6.5577590611940198E-02
 5.7812500000000000E-01     6.5092391084168588E-02
 6.0937500000000000E-01     6.4171574255194180E-02
 6.4062500000000000E-01     6.2842614538783523E-02
 6.7187500000000000E-01     6.1139477557897587E-02
 7.0312500000000000E-01     5.9102582488956279E-02
 7.3437500000000000E-01     5.6778563169511326E-02
 7.6562500000000000E-01     5.4219806955429092E-02
 7.9687500000000000E-01     5.1483756182080745E-02
 8.2812500000000000E-01     4.8631965361724705E-02
 8.5937500000000000E-01     4.5728917789798117E-02
 8.9062500000000000E-01     4.2840617644318825E-02
 9.2187500000000000E-01     4.0032987310838396E-02
 9.5312500000000000E-01     3.7370113703240983E-02
 9.8437500000000000E-01     3.4912400773337099E-02
 1.0156250000000000E+00     3.2649778968107099E-02
 1.0468750000000000E+00     3.0226728253623443E-02
 1.0781250000000000E+00     2.7587133203090402E-02
 1.1093750000000000E+00     2.4738171657045425E-02
 1.1406250000000000E+00     2.1687114673354272E-02
 1.1718750000000000E+00     1.8441312182655482E-02
 1.2031250000000000E+00     1.5008178895489600E-02
 1.2343750000000000E+00     1.1395180537339610E-02
 1.2656250000000000E+00     7.6098204832473959E-03
 1.2968750000000000E+00     3.6596268583579746E-03
 1.3281250000000000E+00    -4.4785983519832857E-04
 1.3593750000000000E+00    -4.7050985111342161E-03
 1.3906250000000000E+00    -9.1045586644383416E-03
 1.4218750000000000E+00    -1.3638730869437753E-02
 1.4531250000000000E+00    -1.8300136577796070E-02
 1.4843750000000000E+00    -2.3081337191102658E-02
 1.5156250000000000E+00    -2.7974942389999556E-02
 1.5468750000000000E+00    -3.2973617708955030E-02
 1.5781250000000000E+00    -3.8070091352733496E-02
 1.6093750000000000E+00    -4.3257160257254401E-02
 1.6406250000000000E+00    -4.8527695403832588E-02
 1.6718750000000000E+00    -5.3874646401682109E-02
 1.7031250000000000E+00    -5.9291045359001274E-02
 1.7343750000000000E+00    -6.4770010067944833E-02
 1.7656250000000000E+00    -7.0304746533233778E-02
 1.7968750000000000E+00    -7.5888550878140670E-02
 1.8281250000000000E+00    -8.1514810665019630E-02
 1.8593750000000000E+00    -8.7177005670500532E-02
 1.8906250000000000E+00    -9.2868708157884297E-02
 1.9218750000000000E+00    -9.8583582691252614E-02
 1.9531250000000000E+00    -1.0431538553725697E-01
 1.9843750000000000E+00    -1.1005796370161854E-01
 2.0156250000000000E+00    -1.1580525364796498E-01
 2.0468750000000000E+00    -1.2155127974687541E-01
 2.0781250000000000E+00    -1.2729015250285514E-01
 2.1093750000000000E+00    -1.3301606660652171E-01
 2.1406250000000000E+00    -1.3872329885848042E-01
 2.1718750000000000E+00    -1.4440620601036469E-01
 2.2031250000000000E+00    -1.5005922256720650E-01
 2.2343750000000000E+00    -1.5567685859382091E-01
 2.2656250000000000E+00    -1.6125369756618496E-01
 2.2968750000000000E+00    -1.6678439430695446E-01
 2.3281250000000000E+00    -1.7226367304225143E-01
 2.3593750000000000E+00    -1.7768632561472969E-01
 2.3906250000000000E+00    -1.8304720988572859E-01
 2.4218750000000000E+00    -1.8834124835697902E-01
 2.4531250000000000E+00    -1.9356342703995910E-01
 2.4843750000000000E+00    -1.9870879459853397E-01
 2.5156250000000000E+00    -2.0377246178800992E-01
 2.5468750000000000E+00    -2.0874960121118596E-01
 2.5781250000000000E+00    -2.1363544740937265E-01
 2.6093750000000000E+00    -2.1842529730373289E-01
 2.6406250000000000E+00    -2.2311451099959145E-01
 2.6718750000000000E+00    -2.2769851296367158E-01
 2.7031250000000000E+00    -2.3217279358144824E-01
 2.7343750000000000E+00    -2.3653291109898655E-01
 2.7656250000000000E+00    -2.4077449395079073E-01
 2.7968750000000000E+00    -2.4489324347227162E-01
 2.8281250000000000E+00    -2.4888493699245434E-01
 2.8593750000000000E+00    -2.5274543129950844E-01
 2.8906250000000000E+00    -2.5647066646856093E-01
 2.9218750000000000E+00    -2.6005667003803146E-01
 2.9531250000000000E+00    -2.6349956151749993E-01
 2.9843750000000000E+00    -2.6679555720667958E-01
 3.0156250000000000E+00    -2.6994097530170158E-01
 3.0468750000000000E+00    -2.7293224126133470E-01
 3.0781250000000000E+00    -2.7576589340223667E-01
 3.1093750000000000E+00    -2.7843858868865928E-01
 3.1406250000000000E+00    -2.8094710867836364E-01
 3.1718750000000000E+00    -2.8328836558287923E-01
 3.2031250000000000E+00    -2.8545940839649275E-01
 3.2343750000000000E+00    -2.8745742904480476E-01
 3.2656250000000000E+00    -2.8927976850018738E-01
 3.2968750000000000E+00    -2.9092392280802226E-01
 3.3281250000000000E+00    -2.9238754896449215E-01
 3.3593750000000000E+00    -2.9366847058366502E-01
 3.3906250000000000E+00    -2.9476468328897248E-01
 3.4218750000000000E+00    -2.9567435976184886E-01
 3.4531250000000000E+00    -2.9639585437837812E-01
 3.4843750000000000E+00    -2.9692770736331248E-01
 3.5156250000000000E+00    -2.9726864838987849E-01
 3.5468750000000000E+00    -2.9741759955336933E-01
 3.5781250000000000E+00    -2.9737367764672373E-01
 3.6093750000000000E+00    -2.9713619566706972E-01
 3.6406250000000000E+00    -2.9670466348373126E-01
 3.6718750000000000E+00    -2.9607878760026513E-01
 3.7031250000000000E+00    -2.9525846994592675E-01
 3.7343750000000000E+00    -2.9424380563541530E-01
 3.7656250000000000E+00    -2.9303507963981179E-01
 3.7968750000000000E+00    -2.9163276231639207E-01
 3.8281250000000000E+00    -2.9003750375023046E-01
 3.8593750000000000E+00    -2.8825012686637114E-01
 3.8906250000000000E+00    -2.8627161927765343E-01
 3.9218750000000000E+00    -2.8410312384005248E-01
 3.9531250000000000E+00    -2.8174592789452740E-01
 3.9843750000000000E+00    -2.7920145118193018E-01
 4.0156250000000000E+00    -2.7647123242529753E-01
 4.0468750000000000E+00    -2.7355691458198966E-01
 4.0781250000000000E+00    -2.7046022877642750E-01
 4.1093750000000000E+00    -2.6718297693280180E-01
 4.1406250000000000E+00    -2.6372701313579550E-01
 4.1718750000000000E+00    -2.6009422375638908E-01
 4.2031250000000000E+00    -2.5628650638884420E-01
 4.2343750000000000E+00    -2.5230574765426572E-01
 4.2656250000000000E+00    -2.4815379993547981E-01
 4.2968750000000000E+00    -2.4383245711747384E-01
 4.3281250000000000E+00    -2.3934342941715769E-01
 4.3593750000000000E+00    -2.3468831739577170E-01
 4.3906250000000000E+00    -2.2986858525675044E-01
 4.4218750000000000E+00    -2.2488553354126201E-01
 4.4531250000000000E+00    -2.1974027134278243E-01
 4.4843750000000000E+00    -2.1443368817099701E-01
 4.5156250000000000E+00    -2.0896642560379902E-01
 4.5468750000000000E+00    -2.0333884905574529E-01
 4.5781250000000000E+00    -1.9755322766024735E-01
 4.6093750000000000E+00    -1.9161920749508127E-01
 4.6406250000000000E+00    -1.8554775479730812E-01
 4.6718750000000000E+00    -1.7934944620471743E-01
 4.7031250000000000E+00    -1.7303444138962437E-01
 4.7343750000000000E+00    -1.6661245683578635E-01
 4.7656250000000000E+00    -1.6009274086518274E-01
 4.7968750000000000E+00    -1.5348405002418714E-01
 4.8281250000000000E+00    -1.4679462694348017E-01
 4.8593750000000000E+00    -1.4003217979255006E-01
 4.8906250000000000E+00    -1.3320386345770641E-01
 4.9218750000000000E+00    -1.2631626258164341E-01
 4.9531250000000000E+00    -1.1937537661246395E-01
 4.9843750000000000E+00    -1.1238660702003619E-01
 5.0156250000000000E+00    -1.0535474684717530E-01
 5.0468750000000000E+00    -9.8283972771697245E-02
 5.0781250000000000E+00    -9.1177839862373156E-02
 5.1093750000000000E+00    -8.4039279216507279E-02
 5.1406250000000000E+00    -7.6870598668786108E-02
 5.1718750000000000E+00    -6.9673486759577519E-02
 5.2031250000000000E+00    -6.2449020145604557E-02
 5.2343750000000000E+00    -5.5197674626445446E-02
 5.2656250000000000E+00    -4.7919339946358760E-02
 5.2968750000000000E+00    -4.0613338512328200E-02
 5.3281250000000000E+00    -3.3278448145898282E-02
 5.3593750000000000E+00    -2.5912928958414065E-02
 5.3906250000000000E+00    -1.8514554406883477E-02
 5.4218750000000000E+00    -1.1080646551149927E-02
 5.4531250000000000E+00    -3.6081154928799615E-03
 5.4843750000000000E+00     3.9064970664436554E-03
 5.5156250000000000E+00     1.1466970257099564E-02
 5.5468750000000000E+00     1.9077352618315103E-02
 5.5781250000000000E+00     2.6741907025462100E-02
 5.6093750000000000E+00     3.4465052220021969E-02
 5.6406250000000000E+00     4.2251301242561282E-02
 5.6718750000000000E+00     5.0105197114618229E-02
 5.7031250000000000E+00     5.8031246158415581E-02
 5.7343750000000000E+00     6.6033849382754140E-02
 5.7656250000000000E+00     7.4117232398608804E-02
 5.7968750000000000E+00     8.2285374358176844E-02
 5.8281250000000000E+00     9.0541936435768022E-02
 5.8593750000000000E+00     9.8890190387751681E-02
 5.8906250000000000E+00     1.0733294774133369E-01
 5.9218750000000000E+00     1.1587249016835716E-01
 5.9531250000000000E+00     1.2451050160051189E-01
 5.9843750000000000E+00     1.3324800263677175E-01
 6.0156250000000000E+00     1.4208528778281582E-01
 6.0468750000000000E+00     1.5102186604637799E-01
 6.0781250000000000E+00     1.6005640539252441E-01
 6.1093750000000000E+00     1.6918668153967728E-01
 6.1406250000000000E+00     1.7840953155159864E-01
 6.1718750000000000E+00     1.8772081265337631E-01
 6.2031250000000000E+00     1.9711536667171575E-01
 6.2343750000000000E+00     2.0658699047200343E-01
 6.2656250000000000E+00     2.1612841273749120E-01
 6.2968750000000000E+00     2.2573127740985843E-01
 6.3281250000000000E+00     2.3538613408536269E-01
 6.3593750000000000E+00     2.4508243563677024E-01
 6.3906250000000000E+00     2.5480854330759828E-01
 6.4218750000000000E+00     2.6455173950111288E-01
 6.4531250000000000E+00     2.7429824846080753E-01
 6.4843750000000000E+00     2.8403326501001558E-01
 6.5156250000000000E+00     2.9374099148439664E-01
 6.5468750000000000E+00     3.0340468294980749E-01
 6.5781250000000000E+00     3.1300670074790465E-01
 6.6093750000000000E+00     3.2252857435021176E-01
 6.6406250000000000E+00     3.3195107142677394E-01
 6.6718750000000000E+00     3.4125427594634761E-01
 6.7031250000000000E+00     3.5041767402023638E-01
 6.7343750000000000E+00     3.5942024708168679E-01
 6.7656250000000000E+00     3.6824057185744352E-01
 6.7968750000000000E+00     3.7685692643994811E-01
 6.8281250000000000E+00     3.8524743079125989E-01
 6.8593750000000000E+00     3.9339209130407971E-01
 6.8906250000000000E+00     4.0127412271714763E-01
 6.9218750000000000E+00     4.0887719680224138E-01
 6.9531250000000000E+00     4.1618527787323878E-01
 6.9843750000000000E+00     4.2318274275669054E-01
 7.0156250000000000E+00     4.2985449639326861E-01
 7.0468750000000000E+00     4.3618608149842614E-01
 7.0781250000000000E+00     4.4216378076241536E-01
 7.1093750000000000E+00     4.4777471015818054E-01
 7.1406250000000000E+00     4.5300690205154570E-01
 7.1718750000000000E+00     4.5784937696966138E-01
 7.2031250000000000E+00     4.6229220307823093E-01
 7.2343750000000000E+00     4.6632654264081974E-01
 7.2656250000000000E+00     4.6994468497839942E-01
 7.2968750000000000E+00     4.7314006570649830E-01
 7.3281250000000000E+00     4.7590727229267865E-01
 7.3593750000000000E+00     4.7824203623934047E-01
 7.3906250000000000E+00     4.8014121244721392E-01
 7.4218750000000000E+00     4.8160274654493507E-01
 7.4531250000000000E+00     4.8262563117229407E-01
 7.4843750000000000E+00     4.8320985237319558E-01
 7.5156250000000000E+00     4.8335632738483253E-01
 7.5468750000000000E+00     4.8306683519958893E-01
 7.5781250000000000E+00     4.8234394132540542E-01
 7.6093750000000000E+00     4.8119091818014181E-01
 7.6406250000000000E+00     4.7961166252861909E-01
 7.6718750000000000E+00     4.7761061131195859E-01
 7.7031250000000000E+00     4.7519265713258074E-01
 7.7343750000000000E+00     4.7236306455038729E-01
 7.7656250000000000E+00     4.6912738822224948E-01
 7.7968750000000000E+00     4.6549139378348914E-01
 7.8281250000000000E+00     4.6146098223211529E-01
 7.8593750000000000E+00     4.5704211843858866E-01
 7.8906250000000000E+00     4.5224076427021032E-01
 7.9218750000000000E+00     4.4706281669279418E-01
 7.9531250000000000E+00     4.4151405109562564E-01
 7.9843750000000000E+00     4.3560006998058431E-01
 8.0156250000000000E+00     4.2932625706364413E-01
 8.0468750000000000E+00     4.2269773675708550E-01
 8.0781250000000000E+00     4.1571933893375634E-01
 8.1093750000000000E+00     4.0839556881990058E-01
 8.1406250000000000E+00     4.0073058181984206E-01
 8.1718750000000000E+00     3.9272816304304392E-01
 8.2031250000000000E+00     3.8439171128069105E-01
 8.2343750000000000E+00     3.7572422716387499E-01
 8.2656250000000000E+00     3.6672830522739752E-01
 8.2968750000000000E+00     3.5740612960113938E-01
 8.3281250000000000E+00     3.4775947305364419E-01
 8.3593750000000000E+00     3.3778969911926482E-01
 8.3906250000000000E+00     3.2749776704983402E-01
 8.4218750000000000E+00     3.1688423934362586E-01
 8.4531250000000000E+00     3.0594929161780882E-01
 8.4843750000000000E+00     2.9469272460483359E-01
 8.5156250000000000E+00     2.8311397806801425E-01
 8.5468750000000000E+00     2.7121214644638109E-01
 8.5781250000000000E+00     2.5898599605346084E-01
 8.6093750000000000E+00     2.4643398366870689E-01
 8.6406250000000000E+00     2.3355427637363080E-01
 8.6718750000000000E+00     2.2034477249721027E-01
 8.7031250000000000E+00     2.0680312354666536E-01
 8.7343750000000000E+00     1.9292675701013498E-01
 8.7656250000000000E+00     1.7871289992720768E-01
 8.7968750000000000E+00     1.6415860313135056E-01
 8.8281250000000000E+00     1.4926076607531871E-01
 8.8593750000000000E+00     1.3401616215618894E-01
 8.8906250000000000E+00     1.1842146446099167E-01
 8.9218750000000000E+00     1.0247327185660399E-01
 8.9531250000000000E+00     8.6168135348779207E-02
 8.9843750000000000E+00     6.9502584634459214E-02
 9.0156250000000000E+00     5.2473154768845044E-02
 9.0468750000000000E+00     3.5076412863707780E-02
 9.0781250000000000E+00     1.7308984725871952E-02
 9.1093750000000000E+00    -8.3151067919551465E-04
 9.1406250000000000E+00    -1.9333255507696993E-02
 9.1718750000000000E+00    -3.8173190203339515E-02
 9.2031250000000000E+00    -5.7327800401664658E-02
 9.2343750000000000E+00    -7.6773402510567343E-02
 9.2656250000000000E+00    -9.6486129720853908E-02
 9.2968750000000000E+00    -1.1644191975177515E-01
 9.3281250000000000E+00    -1.3661650439090584E-01
 9.3593750000000000E+00    -1.5698540088792351E-01
 9.3906250000000000E+00    -1.7752390526458950E-01
 9.4218750000000000E+00    -1.9820708760814193E-01
 9.4531250000000000E+00    -2.1900978942203764E-01
 9.4843750000000000E+00    -2.3990662311584723E-01
 9.5156250000000000E+00    -2.6087197372473331E-01
 9.5468750000000000E+00    -2.8188000295731591E-01
 9.5781250000000000E+00    -3.0290465567862818E-01
 9.6093750000000000E+00    -3.2391966894099794E-01
 9.6406250000000000E+00    -3.4489858367979404E-01
 9.6718750000000000E+00    -3.6581475919209105E-01
 9.7031250000000000E+00    -3.8664139051364549E-01
 9.7343750000000000E+00    -4.0735152880280995E-01
 9.7656250000000000E+00    -4.2791810482818332E-01
 9.7968750000000000E+00    -4.4831395563984144E-01
 9.8281250000000000E+00    -4.6851185448112415E-01
 9.8593750000000000E+00    -4.8848454396927316E-01
 9.8906250000000000E+00    -5.0820477253859586E-01
 9.9218750000000000E+00    -5.2764533409897019E-01
 9.9531250000000000E+00    -5.4677911081625530E-01
 9.9843750000000000E+00    -5.6557911886922785E-01
 1.0015625000000000E+01    -5.8401855698109228E-01
 1.0046875000000000E+01    -6.0207085746279732E-01
 1.0078125000000000E+01    -6.1970973944112906E-01
 1.0109375000000000E+01    -6.3690926387813152E-01
 1.0140625000000000E+01    -6.5364388992024636E-01
 1.0171875000000000E+01    -6.6988853204771137E-01
 1.0203125000000000E+01    -6.8561861742729491E-01
 1.0234375000000000E+01    -7.0081014280696530E-01
 1.0265625000000000E+01    -7.1543973022976948E-01
 1.0296875000000000E+01    -7.2948468078832795E-01
 1.0328125000000000E+01    -7.4292302559179901E-01
 1.0359375000000000E+01    -7.5573357307579936E-01
 1.0390625000000000E+01    -7.6789595175400605E-01
 1.0421875000000000E+01    -7.7939064748933917E-01
 1.0453125000000000E+01    -7.9019903435491301E-01
 1.0484375000000000E+01    -8.0030339816115381E-01
 1.0515625000000000E+01    -8.0968695174802574E-01
 1.0546875000000000E+01    -8.1833384118099439E-01
 1.0578125000000000E+01    -8.2622914204809772E-01
 1.0609375000000000E+01    -8.3335884513427683E-01
 1.0640625000000000E+01    -8.3970983084890349E-01
 1.0671875000000000E+01    -8.4526983190397820E-01
 1.0703125000000000E+01    -8.5002738388358179E-01
 1.0734375000000000E+01    -8.5397176350958548E-01
 1.0765625000000000E+01    -8.5709291459312642E-01
 1.0796875000000000E+01    -8.5938136186357572E-01
 1.0828125000000000E+01    -8.6082811308454998E-01
 1.0859375000000000E+01    -8.6142455009511409E-01
 1.0890625000000000E+01    -8.6116230965001339E-01
 1.0921875000000000E+01    -8.6003315516928303E-01
 1.0953125000000000E+01    -8.5802884073918206E-01
 1.0984375000000000E+01    -8.5514096892585956E-01
 1.1015625000000000E+01    -8.5136084416350033E-01
 1.1046875000000000E+01    -8.4667932365301435E-01
 1.1078125000000000E+01    -8.4108666784767450E-01
 1.1109375000000000E+01    -8.3457239270327355E-01
 1.1140625000000000E+01    -8.2712512592553589E-01
 1.1171875000000000E+01    -8.1873246945283906E-01
 1.1203125000000000E+01    -8.0938087036484407E-01
 1.1234375000000000E+01    -7.9905550230498568E-01
 1.1265625000000000E+01    -7.8774015934873165E-01
 1.1296875000000000E+01    -7.7541716404073724E-01
 1.1328125000000000E+01    -7.6206729106759752E-01
 1.1359375000000000E+01    -7.4766970773409447E-01
 1.1390625000000000E+01    -7.3220898460521044E-01
 1.1421875000000000E+01    -7.1571067668851751E-01
 1.1453125000000000E+01    -6.9821463329705391E-01
 1.1484375000000000E+01    -6.7975911667776678E-01
 1.1515625000000000E+01    -6.6038084228880900E-01
 1.1546875000000000E+01    -6.4011506281071395E-01
 1.1578125000000000E+01    -6.1899566587312838E-01
 1.1609375000000000E+01    -5.9705528311448230E-01
 1.1640625000000000E+01    -5.7432540813135957E-01
 1.1671875000000000E+01    -5.5083652088483326E-01
 1.1703125000000000E+01    -5.2661821620735039E-01
 1.1734375000000000E+01    -5.0169933418991919E-01
 1.1765625000000000E+01    -4.7610809041629820E-01
 1.1796875000000000E+01    -4.4987220424017799E-01
 1.1828125000000000E+01    -4.2301902356216275E-01
 1.1859375000000000E+01    -3.9557564484628521E-01
 1.1890625000000000E+01    -3.6756902740965908E-01
 1.1921875000000000E+01    -3.3902610131471644E-01
 1.1953125000000000E+01    -3.0997386848157776E-01
 1.1984375000000000E+01    -2.8043949691037046E-01
 1.2015625000000000E+01    -2.5045040815247299E-01
 1.2046875000000000E+01    -2.2003435838954793E-01
 1.2078125000000000E+01    -1.8921951366478446E-01
 1.2109375000000000E+01    -1.5803451995813839E-01
 1.2140625000000000E+01    -1.2650856890381101E-01
 1.2171875000000000E+01    -9.4671460011919492E-02
 1.2203125000000000E+01    -6.2553660276546907E-02
 1.2234375000000000E+01    -3.0186362029288136E-02
 1.2265625000000000E+01     2.3984601682701962E-03
 1.2296875000000000E+01     3.5167992906050174E-02
 1.2328125000000000E+01     6.8088527038806496E-02
 1.2359375000000000E+01     1.0112540016941399E-01
 1.2390625000000000E+01     1.3424293835227682E-01
 1.2421875000000000E+01     1.6740439710630969E-01
 1.2453125000000000E+01     2.0057190208834075E-01
 1.2484375000000000E+01     2.3370639005541408E-01
 1.2515625000000000E+01     2.6676755103146738E-01
 1.2546875000000000E+01     2.9971377288287226E-01
 1.2578125000000000E+01     3.3250208978979112E-01
 1.2609375000000000E+01     3.6508813636718745E-01
 1.2640625000000000E+01     3.9742610943088907E-01
 1.2671875000000000E+01     4.2946873960984572E-01
 1.2703125000000000E+01     4.6116727516532985E-01
 1.2734375000000000E+01     4.9247148048058331E-01
 1.2765625000000000E+01     5.2332965171989432E-01
 1.2796875000000000E+01     5.5368865211536222E-01
 1.2828125000000000E+01     5.8349396921410801E-01
 1.2859375000000000E+01     6.1268979620168862E-01
 1.2890625000000000E+01     6.4121913910547657E-01
 1.2921875000000000E+01     6.6902395127216785E-01
 1.2953125000000000E+01     6.9604529600819320E-01
 1.2984375000000000E+01     7.2222353767523217E-01
 1.3015625000000000E+01     7.4749856085343547E-01
 1.3046875000000000E+01     7.7181001643373470E-01
 1.3078125000000000E+01     7.9509759269378533E-01
 1.3109375000000000E+01     8.1730130856759586E-01
 1.3140625000000000E+01     8.3836182545895432E-01
 1.3171875000000000E+01     8.5822077309810108E-01
 1.3203125000000000E+01     8.7682108412556847E-01
 1.3234375000000000E+01     8.9410733133649889E-01
 1.3265625000000000E+01     9.1002606086140014E-01
 1.3296875000000000E+01     9.2452611402561180E-01
 1.3328125000000000E+01     9.3755893024907222E-01
 1.3359375000000000E+01     9.4907882314771119E-01
 1.3390625000000000E+01     9.5904322200321002E-01
 1.3421875000000000E+01     9.6741287099994744E-01
 1.3453125000000000E+01     9.7415197910169771E-01
 1.3484375000000000E+01     9.7922831416443579E-01
 1.3515625000000000E+01     9.8261323585420701E-01
 1.3546875000000000E+01     9.8428166314927590E-01
 1.3578125000000000E+01     9.8421197363087531E-01
 1.3609375000000000E+01     9.8238583337166063E-01
 1.3640625000000000E+01     9.7878799168120578E-01
 1.3671875000000000E+01     9.7342531659080445E-01
 1.3703125000000000E+01     9.6635885474696270E-01
 1.3734375000000000E+01     9.5766019286180404E-01
 1.3765625000000000E+01     9.4740245991203831E-01
 1.3796875000000000E+01     9.3565986642814802E-01
 1.3828125000000000E+01     9.2250722553108921E-01
 1.3859375000000000E+01     9.0801946620168650E-01
 1.3890625000000000E+01     8.9227114913275951E-01
 1.3921875000000000E+01     8.7533599506693804E-01
 1.3953125000000000E+01     8.5728643479163047E-01
 1.3984375000000000E+01     8.3819318898663342E-01
 1.4015625000000000E+01     8.1812488494785707E-01
 1.4046875000000000E+01     7.9714771589720124E-01
 1.4078125000000000E+01     7.7532514719121326E-01
 1.4109375000000000E+01     7.5271767231666731E-01
 1.4140625000000000E+01     7.2938262016234690E-01
 1.4171875000000000E+01     7.0537401373155695E-01
 1.4203125000000000E+01     6.8074247924773612E-01
 1.4234375000000000E+01     6.5553520353804351E-01
 1.4265625000000000E+01     6.2979593667756395E-01
 1.4296875000000000E+01     6.0356503615332502E-01
 1.4328125000000000E+01     5.7687954826572341E-01
 1.4359375000000000E+01     5.4977332212269103E-01
 1.4390625000000000E+01     5.2227715138902986E-01
 1.4421875000000000E+01     4.9441893891551814E-01
 1.4453125000000000E+01     4.6622387947237853E-01
 1.4484375000000000E+01     4.3771465602898746E-01
 1.4515625000000000E+01     4.0891164533647983E-01
 1.4546875000000000E+01     3.7983312896075394E-01
 1.4578125000000000E+01     3.5049550636082211E-01
 1.4609375000000000E+01     3.2091350709307831E-01
 1.4640625000000000E+01     2.9110039972891422E-01
 1.4671875000000000E+01     2.6106819558685618E-01
 1.4703125000000000E+01     2.3082784588810995E-01
 1.4734375000000000E+01     2.0038943143604959E-01
 1.4765625000000000E+01     1.6976234438673607E-01
 1.4796875000000000E+01     1.3895546211262338E-01
 1.4828125000000000E+01     1.0797731355991995E-01
 1.4859375000000000E+01     7.6836238857736536E-02
 1.4890625000000000E+01     4.5540543251482116E-02
 1.4921875000000000E+01     1.4098646701954846E-02
 1.4953125000000000E+01    -1.7480769286223025E-02
 1.4984375000000000E+01    -4.9188615868853411E-02
 1.5015625000000000E+01    -8.1015250235864519E-02
 1.5046875000000000E+01    -1.1295032621632663E-01
 1.5078125000000000E+01    -1.4498264015386766E-01
 1.5109375000000000E+01    -1.7709997012332007E-01
 1.5140625000000000E+01    -2.0928890664891664E-01
 1.5171875000000000E+01    -2.4153467323569267E-01
 1.5203125000000000E+01    -2.7382093524418477E-01
 1.5234375000000000E+01    -3.0612959593025252E-01
 1.5265625000000000E+01    -3.3844057884402085E-01
 1.5296875000000000E+01    -3.7073159624275076E-01
 1.5328125000000000E+01    -4.0297790372994963E-01
 1.5359375000000000E+01    -4.3515204199590568E-01
 1.5390625000000000E+01    -4.6722356731013348E-01
 1.5421875000000000E+01    -4.9915877330937330E-01
 1.5453125000000000E+01    -5.3092040763771742E-01
 1.5484375000000000E+01    -5.6246738812531016E-01
 1.5515625000000000E+01    -5.9375452442784871E-01
 1.5546875000000000E+01    -6.2473225237202989E-01
 1.5578125000000000E+01    -6.5534638962966363E-01
 1.5609375000000000E+01    -6.8553792273001779E-01
 1.5640625000000000E+01    -7.1524283675293765E-01
 1.5671875000000000E+01    -7.4439200024491048E-01
 1.5703125000000000E+01    -7.7291111886607811E-01
 1.5734375000000000E+01    -8.0072077189364044E-01
 1.5765625000000000E+01    -8.2773654584463652E-01
 1.5796875000000000E+01    -8.5386927900160070E-01
 1.5828125000000000E+01    -8.7902542939067163E-01
 1.5859375000000000E+01    -9.0310757664984753E-01
 1.5890625000000000E+01    -9.2601506514054277E-01
 1.5921875000000000E+01    -9.4764542617449443E-01
 1.5953125000000000E+01    -9.6791806952365222E-01
 1.5984375000000000E+01    -9.8678162880002529E-01
 1.6015625000000000E+01    -1.0041873890029571E+00
 1.6046875000000000E+01    -1.0200886582559674E+00
 1.6078125000000000E+01    -1.0344421159921873E+00
 1.6109375000000000E+01    -1.0472091918292985E+00
 1.6140625000000000E+01    -1.0583574370568432E+00
 1.6171875000000000E+01    -1.0678618468173320E+00
 1.6203125000000000E+01    -1.0757060889346488E+00
 1.6234375000000000E+01    -1.0818835952650139E+00
 1.6265625000000000E+01    -1.0863984736360004E+00
 1.6296875000000000E+01    -1.0892662029600424E+00
 1.6328125000000000E+01    -1.0905140808446929E+00
 1.6359375000000000E+01    -1.0901814016755300E+00
 1.6390625000000000E+01    -1.0883193532513347E+00
 1.6421875000000000E+01    -1.0849906310061697E+00
 1.6453125000000000E+01    -1.0802687799748227E+00
 1.6484375000000000E+01    -1.0742372852429882E+00
 1.6515625000000000E+01    -1.0669884410091053E+00
 1.6546875000000000E+01    -1.0586220360126688E+00
 1.6578125000000000E+01    -1.0492438985464743E+00
 1.6609375000000000E+01    -1.0389643473399155E+00
 1.6640625000000000E+01    -1.0278965952421060E+00
 1.6671875000000000E+01    -1.0161551509896392E+00
 1.6703125000000000E+01    -1.0038542607115348E+00
 1.6734375000000000E+01    -9.9110642561069551E-01
 1.6765625000000000E+01    -9.7802102594171358E-01
 1.6796875000000000E+01    -9.6470307447111647E-01
 1.6828125000000000E+01    -9.5125211552806199E-01
 1.6859375000000000E+01    -9.3776127894388850E-01
 1.6890625000000000E+01    -9.2431649197083865E-01
 1.6921875000000000E+01    -9.1099584690677049E-01
 1.6953125000000000E+01    -8.9786911778227563E-01
 1.6984375000000000E+01    -8.8499741615368999E-01
 1.7015625000000000E+01    -8.7243297377813589E-01
 1.7046875000000000E+01    -8.6021903865625315E-01
 1.7078125000000000E+01    -8.4838987050269454E-01
 1.7109375000000000E+01    -8.3697082200669093E-01
 1.7140625000000000E+01    -8.2597849312465055E-01
 1.7171875000000000E+01    -8.1542094695348899E-01
 1.7203125000000000E+01    -8.0529797732393538E-01
 1.7234375000000000E+01    -7.9560141999688461E-01
 1.7265625000000000E+01    -7.8631550112946447E-01
 1.7296875000000000E+01    -7.7741721840450506E-01
 1.7328125000000000E+01    -7.6887675180813131E-01
 1.7359375000000000E+01    -7.6065790243327680E-01
 1.7390625000000000E+01    -7.5271855883338956E-01
 1.7421875000000000E+01    -7.4501119131632598E-01
 1.7453125000000000E+01    -7.3748337512987605E-01
 1.7484375000000000E+01    -7.3007834373549296E-01
 1.7515625000000000E+01    -7.2273557329325555E-01
 1.7546875000000000E+01    -7.1539139909610305E-01
 1.7578125000000000E+01    -7.0797966401253942E-01
 1.7609375000000000E+01    -7.0043239805222113E-01
 1.7640625000000000E+01    -6.9268052699566485E-01
 1.7671875000000000E+01    -6.8465460667746925E-01
 1.7703125000000000E+01    -6.7628557804054235E-01
 1.7734375000000000E+01    -6.6750553655580502E-01
 1.7765625000000000E+01    -6.5824850810375990E-01
 1.7796875000000000E+01    -6.4845122202249927E-01
 1.7828125000000000E+01    -6.3805387082367271E-01
 1.7859375000000000E+01    -6.2700084514337406E-01
 1.7890625000000000E+01    -6.1524143190137015E-01
 1.7921875000000000E+01    -6.0273046344875425E-01
 1.7953125000000000E+01    -5.8942890573355600E-01
 1.7984375000000000E+01    -5.7530437422677472E-01
 1.8015625000000000E+01    -5.6033156752431656E-01
 1.8046875000000000E+01    -5.4449261014425498E-01
 1.8078125000000000E+01    -5.2777729801919548E-01
 1.8109375000000000E+01    -5.1018324246304625E-01
 1.8140625000000000E+01    -4.9171591087395983E-01
 1.8171875000000000E+01    -4.7238856501150450E-01
 1.8203125000000000E+01    -4.5222140436704822E-01
 1.8234375000000000E+01    -4.3123434787863946E-01
 1.8265625000000000E+01    -4.0944961186507611E-01
 1.8296875000000000E+01    -3.8689597556095884E-01
 1.8328125000000000E+01    -3.6360837725644007E-01
 1.8359375000000000E+01    -3.3962738455890895E-01
 1.8390625000000000E+01    -3.1499862164690906E-01
 1.8421875000000000E+01    -2.8977216599944833E-01
 1.8453125000000000E+01    -2.6400192697155983E-01
 1.8484375000000000E+01    -2.3774501808459306E-01
 1.8515625000000000E+01    -2.1106113405745242E-01
 1.8546875000000000E+01    -1.8401194248591263E-01
 1.8578125000000000E+01    -1.5666049875153157E-01
 1.8609375000000000E+01    -1.2907069128235868E-01
 1.8640625000000000E+01    -1.0130672276598204E-01
 1.8671875000000000E+01    -7.3432631397489623E-02
 1.8703125000000000E+01    -4.5511854788645272E-02
 1.8734375000000000E+01    -1.7606837818074986E-02
 1.8765625000000000E+01     1.0221315497269843E-02
 1.8796875000000000E+01     3.7913147055587043E-02
 1.8828125000000000E+01     6.5411108432931186E-02
 1.8859375000000000E+01     9.2659785783434201E-02
 1.8890625000000000E+01     1.1960608875809292E-01
 1.8921875000000000E+01     1.4619940659459410E-01
 1.8953125000000000E+01     1.7239173463619040E-01
 1.8984375000000000E+01     1.9813777449694078E-01
 1.9015625000000000E+01     2.2339501092609015E-01
 1.9046875000000000E+01     2.4812376816010148E-01
 1.9078125000000000E+01     2.7228724821180178E-01
 1.9109375000000000E+01     2.9585155315675515E-01
 1.9140625000000000E+01     3.1878569306138532E-01
 1.9171875000000000E+01     3.4106158077796334E-01
 1.9203125000000000E+01     3.6265401442897299E-01
 1.9234375000000000E+01     3.8354064803609511E-01
 1.9265625000000000E+01     4.0370195043276458E-01
 1.9296875000000000E+01     4.2312115234691727E-01
 1.9328125000000000E+01     4.4178418136181968E-01
 1.9359375000000000E+01     4.5967958436404166E-01
 1.9390625000000000E+01     4.7679843707133224E-01
 1.9421875000000000E+01     4.9313424029863567E-01
 1.9453125000000000E+01     5.0868280276316469E-01
 1.9484375000000000E+01     5.2344211044143840E-01
 1.9515625000000000E+01     5.3741218276184177E-01
 1.9546875000000000E+01     5.5059491623158741E-01
 1.9578125000000000E+01     5.6299391644193963E-01
 1.9609375000000000E+01     5.7461431975274024E-01
 1.9640625000000000E+01     5.8546260630974456E-01
 1.9671875000000000E+01     5.9554640637824674E-01
 1.9703125000000000E+01     6.0487430226837702E-01
 1.9734375000000000E+01     6.1345562836627654E-01
 1.9765625000000000E+01     6.2130027195988302E-01
 1.9796875000000000E+01     6.2841847764862491E-01
 1.9828125000000000E+01     6.3482065814789435E-01
 1.9859375000000000E+01     6.4051721423923391E-01
 1.9890625000000000E+01     6.4551836647714589E-01
 1.9921875000000000E+01     6.4983400104812539E-01
 1.9953125000000000E+01     6.5347353189408430E-01
 1.9984375000000000E+01     6.5644578087127470E-01
 2.0015625000000000E+01     6.5875887732872773E-01
 2.0046875000000000E+01     6.6042017807060116E-01
 2.0078125000000000E+01     6.6143620822843674E-01
 2.0109375000000000E+01     6.6181262312644829E-01
 2.0140625000000000E+01     6.6155419078891786E-01
 2.0171875000000000E+01     6.6066479432636449E-01
 2.0203125000000000E+01     6.5914745305753997E-01
 2.0234375000000000E+01     6.5700436088715430E-01
 2.0265625000000000E+01     6.5423694017213085E-01
 2.0296875000000000E+01     6.5084590907800044E-01
 2.0328125000000000E+01     6.4683136025523891E-01
 2.0359375000000000E+01     6.4219284855477177E-01
 2.0390625000000000E+01     6.3692948545197647E-01
 2.0421875000000000E+01     6.3104003785749052E-01
 2.0453125000000000E+01     6.2452302905737933E-01
 2.0484375000000000E+01     6.1737870648824256E-01
 2.0515625000000000E+01     6.0961583290957999E-01
 2.0546875000000000E+01     6.0124566909041088E-01
 2.0578125000000000E+01     5.9227960305872895E-01
 2.0609375000000000E+01     5.8272922264244520E-01
 2.0640625000000000E+01     5.7260637993059893E-01
 2.0671875000000000E+01     5.6192324676121197E-01
 2.0703125000000000E+01     5.5069236083260742E-01
 2.0734375000000000E+01     5.3892666230682507E-01
 2.0765625000000000E+01     5.2663952102257627E-01
 2.0796875000000000E+01     5.1384475465574952E-01
 2.0828125000000000E+01     5.0055663835486208E-01
 2.0859375000000000E+01     4.8678990653481896E-01
 2.0890625000000000E+01     4.7255974763452563E-01
 2.0921875000000000E+01     4.5788179273257351E-01
 2.0953125000000000E+01     4.4277209897208503E-01
 2.0984375000000000E+01     4.2724712877287557E-01
 2.1015625000000000E+01     4.1132372580946580E-01
 2.1046875000000000E+01     3.9501908871010849E-01
 2.1078125000000000E+01     3.7835074338865338E-01
 2.1109375000000000E+01     3.6133651486101359E-01
 2.1140625000000000E+01     3.4399449932482840E-01
 2.1171875000000000E+01     3.2634303719805313E-01
 2.1203125000000000E+01     3.0840068772229196E-01
 2.1234375000000000E+01     2.9018620564300673E-01
 2.1265625000000000E+01     2.7171852038307753E-01
 2.1296875000000000E+01     2.5301671803087866E-01
 2.1328125000000000E+01     2.3410002637059238E-01
 2.1359375000000000E+01     2.1498780309197829E-01
 2.1390625000000000E+01     1.9569952723033038E-01
 2.1421875000000000E+01     1.7625479380534004E-01
 2.1453125000000000E+01     1.5667331155029440E-01
 2.1484375000000000E+01     1.3697490355074307E-01
 2.1515625000000000E+01     1.1717951054418212E-01
 2.1546875000000000E+01     9.7307196569313081E-02
 2.1578125000000000E+01     7.7378156594840153E-02
 2.1609375000000000E+01     5.7412725703119769E-02
 2.1640625000000000E+01     3.7431389353177469E-02
 2.1671875000000000E+01     1.7454794200349247E-02
 2.1703125000000000E+01    -2.4962410938899463E-03
 2.1734375000000000E+01    -2.2400715668475853E-02
 2.1765625000000000E+01    -4.2237437528478472E-02
 2.1796875000000000E+01    -6.1985016544704813E-02
 2.1828125000000000E+01    -8.1621860088723311E-02
 2.1859375000000000E+01    -1.0112617202569740E-01
 2.1890625000000000E+01    -1.2047595580101891E-01
 2.1921875000000000E+01    -1.3964902236167342E-01
 2.1953125000000000E+01    -1.5862300364785847E-01
 2.1984375000000000E+01    -1.7737537237269926E-01
 2.2015625000000000E+01    -1.9588346877595428E-01
 2.2046875000000000E+01    -2.1412453498928530E-01
 2.2078125000000000E+01    -2.3207575758372889E-01
 2.2109375000000000E+01    -2.4971431878257611E-01
 2.2140625000000000E+01    -2.6701745671298038E-01
 2.2171875000000000E+01    -2.8396253493581392E-01
 2.2203125000000000E+01    -3.0052712133467085E-01
 2.2234375000000000E+01    -3.1668907626100162E-01
 2.2265625000000000E+01    -3.3242664962372176E-01
 2.2296875000000000E+01    -3.4771858637972081E-01
 2.2328125000000000E+01    -3.6254423962894500E-01
 2.2359375000000000E+01    -3.7688369024816082E-01
 2.2390625000000000E+01    -3.9071787171590278E-01
 2.2421875000000000E+01    -4.0402869849430001E-01
 2.2453125000000000E+01    -4.1679919604882643E-01
 2.2484375000000000E+01    -4.2901363031387035E-01
 2.2515625000000000E+01    -4.4065763416014397E-01
 2.2546875000000000E+01    -4.5171832820019320E-01
 2.2578125000000000E+01    -4.6218443309199275E-01
 2.2609375000000000E+01    -4.7204637037887015E-01
 2.2640625000000000E+01    -4.8129634884776384E-01
 2.2671875000000000E+01    -4.8992843340683789E-01
 2.2703125000000000E+01    -4.9793859358609732E-01
 2.2734375000000000E+01    -5.0532472895715119E-01
 2.2765625000000000E+01    -5.1208666905439626E-01
 2.2796875000000000E+01    -5.1822614576052828E-01
 2.2828125000000000E+01    -5.2374673659172444E-01
 2.2859375000000000E+01    -5.2865377787643453E-01
 2.2890625000000000E+01    -5.3295424745656006E-01
 2.2921875000000000E+01    -5.3665661723825497E-01
 2.2953125000000000E+01    -5.3977067666505718E-01
 2.2984375000000000E+01    -5.4230732895967537E-01
 2.3015625000000000E+01    -5.4427836276078145E-01
 2.3046875000000000E+01    -5.4569620254448936E-01
 2.3078125000000000E+01    -5.4657364194229430E-01
 2.3109375000000000E+01    -5.4692356472339876E-01
 2.3140625000000000E+01    -5.4675865877511209E-01
 2.3171875000000000E+01    -5.4609112886753219E-01
 2.3203125000000000E+01    -5.4493241430637940E-01
 2.3234375000000000E+01    -5.4329291774260269E-01
 2.3265625000000000E+01    -5.4118175140422364E-01
 2.3296875000000000E+01    -5.3860650683402833E-01
 2.3328125000000000E+01    -5.3557305385069454E-01
 2.3359375000000000E+01    -5.3208537390044253E-01
 2.3390625000000000E+01    -5.2814543223744514E-01
 2.3421875000000000E+01    -5.2375309247670432E-01
 2.3453125000000000E+01    -5.1890607602248773E-01
 2.3484375000000000E+01    -5.1359996771515293E-01
 2.3515625000000000E+01    -5.0782826779260892E-01
 2.3546875000000000E+01    -5.0158248896904789E-01
 2.3578125000000000E+01    -4.9485229613733134E-01
 2.3609375000000000E+01    -4.8762568495044373E-01
 2.3640625000000000E+01    -4.7988919438129152E-01
 2.3671875000000000E+01    -4.7162814734795688E-01
 2.3703125000000000E+01    -4.6282691266834192E-01
 2.3734375000000000E+01    -4.5346918101428962E-01
 2.3765625000000000E+01    -4.4353824720069435E-01
 2.3796875000000000E+01    -4.3301729109012216E-01
 2.3828125000000000E+01    -4.2188964962437692E-01
 2.3859375000000000E+01    -4.1013907300362012E-01
 2.3890625000000000E+01    -3.9774995879953834E-01
 2.3921875000000000E+01    -3.8470755877540774E-01
 2.3953125000000000E+01    -3.7099815434595595E-01
 2.3984375000000000E+01    -3.5660919788616763E-01
 2.4015625000000000E+01    -3.4170990994291373E-01
 2.4046875000000000E+01    -3.2745067418670354E-01
 2.4078125000000000E+01    -3.1418556907426598E-01
 2.4109375000000000E+01    -3.0206505970912889E-01
 2.4140625000000000E+01    -2.9120125932313462E-01
 2.4171875000000000E+01    -2.8166284502994504E-01
 2.4203125000000000E+01    -2.7347135154969610E-01
 2.4234375000000000E+01    -2.6659909986320462E-01
 2.4265625000000000E+01    -2.6096895144736643E-01
 2.4296875000000000E+01    -2.5645599190272889E-01
 2.4328125000000000E+01    -2.5289114586470646E-01
 2.4359375000000000E+01    -2.5006661549814679E-01
 2.4390625000000000E+01    -2.4774292615316970E-01
 2.4421875000000000E+01    -2.4565726361615547E-01
 2.4453125000000000E+01    -2.4353270572102920E-01
 2.4484375000000000E+01    -2.4108789314909407E-01
 2.4515625000000000E+01    -2.3804665408746278E-01
 2.4546875000000000E+01    -2.3414709663220068E-01
 2.4578125000000000E+01    -2.2914971064441764E-01
 2.4609375000000000E+01    -2.2284407441975335E-01
 2.4640625000000000E+01    -2.1505383675475087E-01
 2.4671875000000000E+01    -2.0563973662310378E-01
 2.4703125000000000E+01    -1.9450052517096647E-01
 2.4734375000000000E+01    -1.8157176260081087E-01
 2.4765625000000000E+01    -1.6682257054176838E-01
 2.4796875000000000E+01    -1.5025052394771329E-01
 2.4828125000000000E+01    -1.3187496115651826E-01
 2.4859375000000000E+01    -1.1172907270336868E-01
 2.4890625000000000E+01    -8.9851195508359682E-02
 2.4921875000000000E+01    -6.6275786360839056E-02
 2.4953125000000000E+01    -4.1024574975897898E-02
 2.4984375000000000E+01    -1.4098400740538447E-02
