#                  time                       real
 1.5625000000000000E-02    -9.2280458835944275E-03
 4.6875000000000000E-02    -2.7178746440591948E-02
 7.8125000000000000E-02    -4.4461417321675314E-02
 1.0937500000000000E-01    -6.1083048852053644E-02
 1.4062500000000000E-01    -7.7050631356936031E-02
 1.7187500000000000E-01    -9.2371155161531646E-02
 2.0312500000000000E-01    -1.0705161059104960E-01
 2.3437500000000000E-01    -1.2109898797069911E-01
 2.6562500000000000E-01    -1.3452027762568916E-01
 2.9687500000000000E-01    -1.4732246988122893E-01
 3.2812500000000000E-01    -1.5951255506252754E-01
 3.5937500000000000E-01    -1.7109752349479418E-01
 3.9062500000000000E-01    -1.8208436550323787E-01
 4.2187500000000000E-01    -1.9248007141306783E-01
 4.5312500000000000E-01    -2.0229163154949314E-01
 4.8437500000000000E-01    -2.1152603623772298E-01
 5.1562500000000000E-01    -2.2019027580296641E-01
 5.4687500000000000E-01    -2.2829134057043268E-01
 5.7812500000000000E-01    -2.3583622086533085E-01
 6.0937500000000000E-01    -2.4283190701286989E-01
 6.4062500000000000E-01    -2.4928538933825900E-01
 6.7187500000000000E-01    -2.5520365816670754E-01
 7.0312500000000000E-01    -2.6059370382342451E-01
 7.3437500000000000E-01    -2.6546251663361886E-01
 7.6562500000000000E-01    -2.6981708692249995E-01
 7.9687500000000000E-01    -2.7366440501527678E-01
 8.2812500000000000E-01    -2.7701146123715836E-01
 8.5937500000000000E-01    -2.7986524591335427E-01
 8.9062500000000000E-01    -2.8223274936907317E-01
 9.2187500000000000E-01    -2.8412096192952430E-01
 9.5312500000000000E-01    -2.8553687391991694E-01
 9.8437500000000000E-01    -2.8648747566546012E-01
 1.0156250000000000E+00    -2.8697975749136295E-01
 1.0468750000000000E+00    -2.8702070972283461E-01
 1.0781250000000000E+00    -2.8661732268508416E-01
 1.1093750000000000E+00    -2.8577658670332073E-01
 1.1406250000000000E+00    -2.8450549210275367E-01
 1.1718750000000000E+00    -2.8281102920859158E-01
 1.2031250000000000E+00    -2.8070018834604427E-01
 1.2343750000000000E+00    -2.7817995984032035E-01
 1.2656250000000000E+00    -2.7525733401662905E-01
 1.2968750000000000E+00    -2.7193930120017978E-01
 1.3281250000000000E+00    -2.6823285171618122E-01
 1.3593750000000000E+00    -2.6414497588984298E-01
 1.3906250000000000E+00    -2.5968266404637369E-01
 1.4218750000000000E+00    -2.5485290651098291E-01
 1.4531250000000000E+00    -2.4966269360887963E-01
 1.4843750000000000E+00    -2.4411901566527283E-01
 1.5156250000000000E+00    -2.3822886300537177E-01
 1.5468750000000000E+00    -2.3199922595438557E-01
 1.5781250000000000E+00    -2.2543709483752333E-01
 1.6093750000000000E+00    -2.1854945997999412E-01
 1.6406250000000000E+00    -2.1134331170700724E-01
 1.6718750000000000E+00    -2.0382564034377168E-01
 1.7031250000000000E+00    -1.9600343621549657E-01
 1.7343750000000000E+00    -1.8788368964739122E-01
 1.7656250000000000E+00    -1.7947339096466458E-01
 1.7968750000000000E+00    -1.7077953049252548E-01
 1.8281250000000000E+00    -1.6180909855618367E-01
 1.8593750000000000E+00    -1.5256908548084794E-01
 1.8906250000000000E+00    -1.4306648159172747E-01
 1.9218750000000000E+00    -1.3330827721403149E-01
 1.9531250000000000E+00    -1.2330146267296874E-01
 1.9843750000000000E+00    -1.1305302829374869E-01
 2.0156250000000000E+00    -1.0256996440158062E-01
 2.0468750000000000E+00    -9.1859261321673297E-02
 2.0781250000000000E+00    -8.0927909379236065E-02
 2.1093750000000000E+00    -6.9782898899477863E-02
 2.1406250000000000E+00    -5.8431220207607826E-02
 2.1718750000000000E+00    -4.6879863628835505E-02
 2.2031250000000000E+00    -3.5135819488369538E-02
 2.2343750000000000E+00    -2.3206078111419268E-02
 2.2656250000000000E+00    -1.1097629823193761E-02
 2.2968750000000000E+00     1.1825350510977358E-03
 2.3281250000000000E+00     1.3627426186246377E-02
 2.3593750000000000E+00     2.6230053257042793E-02
 2.3906250000000000E+00     3.8983425938277853E-02
 2.4218750000000000E+00     5.1880553904742596E-02
 2.4531250000000000E+00     6.4914446831227740E-02
 2.4843750000000000E+00     7.8078114392524184E-02
 2.5156250000000000E+00     9.1364566263422708E-02
 2.5468750000000000E+00     1.0476681211871436E-01
 2.5781250000000000E+00     1.1827786163318996E-01
 2.6093750000000000E+00     1.3189072448164038E-01
 2.6406250000000000E+00     1.4559841033885657E-01
 2.6718750000000000E+00     1.5939392887962928E-01
 2.7031250000000000E+00     1.7327028977874928E-01
 2.7343750000000000E+00     1.8722050271100762E-01
 2.7656250000000000E+00     2.0123757735119530E-01
 2.7968750000000000E+00     2.1531452337410276E-01
 2.8281250000000000E+00     2.2944435045452141E-01
 2.8593750000000000E+00     2.4362006826724153E-01
 2.8906250000000000E+00     2.5783468648705454E-01
 2.9218750000000000E+00     2.7208121478875102E-01
 2.9531250000000000E+00     2.8635266284712202E-01
 2.9843750000000000E+00     3.0064204033695813E-01
 3.0156250000000000E+00     3.1494235693305039E-01
 3.0468750000000000E+00     3.2924662231018986E-01
 3.0781250000000000E+00     3.4354784614316691E-01
 3.1093750000000000E+00     3.5783903810677276E-01
 3.1406250000000000E+00     3.7211320787579838E-01
 3.1718750000000000E+00     3.8636336512503466E-01
 3.2031250000000000E+00     4.0058251952927193E-01
 3.2343750000000000E+00     4.1476368076330167E-01
 3.2656250000000000E+00     4.2889985850191481E-01
 3.2968750000000000E+00     4.4298406241990163E-01
 3.3281250000000000E+00     4.5700930219205338E-01
 3.3593750000000000E+00     4.7096858749316073E-01
 3.3906250000000000E+00     4.8485492799801494E-01
 3.4218750000000000E+00     4.9866133338140634E-01
 3.4531250000000000E+00     5.1238081331812635E-01
 3.4843750000000000E+00     5.2600637748296541E-01
 3.5156250000000000E+00     5.3953103555071480E-01
 3.5468750000000000E+00     5.5294779719616471E-01
 3.5781250000000000E+00     5.6624967209410682E-01
 3.6093750000000000E+00     5.7942966991933176E-01
 3.6406250000000000E+00     5.9248080034663009E-01
 3.6718750000000000E+00     6.0539607305079313E-01
 3.7031250000000000E+00     6.1816849770661109E-01
 3.7343750000000000E+00     6.3079108398887551E-01
 3.7656250000000000E+00     6.4325684157237684E-01
 3.7968750000000000E+00     6.5555878013190627E-01
 3.8281250000000000E+00     6.6768990934225436E-01
 3.8593750000000000E+00     6.7964323887821232E-01
 3.8906250000000000E+00     6.9141177841457091E-01
 3.9218750000000000E+00     7.0298853762612035E-01
 3.9531250000000000E+00     7.1436652618765284E-01
 3.9843750000000000E+00     7.2553875377395827E-01
 4.0156250000000000E+00     7.3649823005982762E-01
 4.0468750000000000E+00     7.4723796472005222E-01
 4.0781250000000000E+00     7.5775096742942250E-01
 4.1093750000000000E+00     7.6803024786272911E-01
 4.1406250000000000E+00     7.7806881569476305E-01
 4.1718750000000000E+00     7.8785968060031608E-01
 4.2031250000000000E+00     7.9739585225417819E-01
 4.2343750000000000E+00     8.0667034033114060E-01
 4.2656250000000000E+00     8.1567615450599407E-01
 4.2968750000000000E+00     8.2440630445352880E-01
 4.3281250000000000E+00     8.3285379984853691E-01
 4.3593750000000000E+00     8.4101165036580872E-01
 4.3906250000000000E+00     8.4887286568013454E-01
 4.4218750000000000E+00     8.5643045546630625E-01
 4.4531250000000000E+00     8.6367742939911452E-01
 4.4843750000000000E+00     8.7060679715334899E-01
 4.5156250000000000E+00     8.7721156840380177E-01
 4.5468750000000000E+00     8.8348475297732132E-01
 4.5781250000000000E+00     8.8942121018010156E-01
 4.6093750000000000E+00     8.9502225614982711E-01
 4.6406250000000000E+00     9.0029061523171605E-01
 4.6718750000000000E+00     9.0522901177098491E-01
 4.7031250000000000E+00     9.0984017011285145E-01
 4.7343750000000000E+00     9.1412681460253387E-01
 4.7656250000000000E+00     9.1809166958524813E-01
 4.7968750000000000E+00     9.2173745940621210E-01
 4.8281250000000000E+00     9.2506690841064421E-01
 4.8593750000000000E+00     9.2808274094376042E-01
 4.8906250000000000E+00     9.3078768135077850E-01
 4.9218750000000000E+00     9.3318445397691596E-01
 4.9531250000000000E+00     9.3527578316739035E-01
 4.9843750000000000E+00     9.3706439326741897E-01
 5.0156250000000000E+00     9.3855300862221913E-01
 5.0468750000000000E+00     9.3974435357700803E-01
 5.0781250000000000E+00     9.4064115247700331E-01
 5.1093750000000000E+00     9.4124612966742216E-01
 5.1406250000000000E+00     9.4156200949348212E-01
 5.1718750000000000E+00     9.4159151630040061E-01
 5.2031250000000000E+00     9.4133737443339460E-01
 5.2343750000000000E+00     9.4080230823768174E-01
 5.2656250000000000E+00     9.3998904205847966E-01
 5.2968750000000000E+00     9.3890030024100568E-01
 5.3281250000000000E+00     9.3753880713047688E-01
 5.3593750000000000E+00     9.3590728707211079E-01
 5.3906250000000000E+00     9.3400846441112462E-01
 5.4218750000000000E+00     9.3184506349273577E-01
 5.4531250000000000E+00     9.2941980866216234E-01
 5.4843750000000000E+00     9.2673542426462041E-01
 5.5156250000000000E+00     9.2379463464532874E-01
 5.5468750000000000E+00     9.2060016414950385E-01
 5.5781250000000000E+00     9.1715473712236295E-01
 5.6093750000000000E+00     9.1346107790912401E-01
 5.6406250000000000E+00     9.0952191085500411E-01
 5.6718750000000000E+00     9.0533996030522068E-01
 5.7031250000000000E+00     9.0091795060499102E-01
 5.7343750000000000E+00     8.9625860609953278E-01
 5.7656250000000000E+00     8.9136465113406305E-01
 5.7968750000000000E+00     8.8623881005379956E-01
 5.8281250000000000E+00     8.8088380720395931E-01
 5.8593750000000000E+00     8.7530236692975971E-01
 5.8906250000000000E+00     8.6949721357641852E-01
 5.9218750000000000E+00     8.6347107148915236E-01
 5.9531250000000000E+00     8.5722666501317901E-01
 5.9843750000000000E+00     8.5076671849371666E-01
 6.0156250000000000E+00     8.4409395627598127E-01
 6.0468750000000000E+00     8.3721110270519117E-01
 6.0781250000000000E+00     8.3012088212656376E-01
 6.1093750000000000E+00     8.2282601888531570E-01
 6.1406250000000000E+00     8.1532923732666485E-01
 6.1718750000000000E+00     8.0763326179582873E-01
 6.2031250000000000E+00     7.9974081663802443E-01
 6.2343750000000000E+00     7.9165462619846949E-01
 6.2656250000000000E+00     7.8337741482238099E-01
 6.2968750000000000E+00     7.7491190685497646E-01
 6.3281250000000000E+00     7.6626082664147366E-01
 6.3593750000000000E+00     7.5742689852708955E-01
 6.3906250000000000E+00     7.4841284685704168E-01
 6.4218750000000000E+00     7.3922139597654735E-01
 6.4531250000000000E+00     7.2985527023082408E-01
 6.4843750000000000E+00     7.2031719396508909E-01
 6.5156250000000000E+00     7.1060989152455978E-01
 6.5468750000000000E+00     7.0073608725445347E-01
 6.5781250000000000E+00     6.9069850549998757E-01
 6.6093750000000000E+00     6.8049987060637984E-01
 6.6406250000000000E+00     6.7014290691884681E-01
 6.6718750000000000E+00     6.5963033878260680E-01
 6.7031250000000000E+00     6.4896489054287643E-01
 6.7343750000000000E+00     6.3814928654487357E-01
 6.7656250000000000E+00     6.2718625113381543E-01
 6.7968750000000000E+00     6.1607850865491942E-01
 6.8281250000000000E+00     6.0482879584958205E-01
 6.8593750000000000E+00     5.9344068130425764E-01
 6.8906250000000000E+00     5.8191907633205575E-01
 6.9218750000000000E+00     5.7026901422015241E-01
 6.9531250000000000E+00     5.5849552825572280E-01
 6.9843750000000000E+00     5.4660365172594261E-01
 7.0156250000000000E+00     5.3459841791798757E-01
 7.0468750000000000E+00     5.2248486011903283E-01
 7.0781250000000000E+00     5.1026801161625435E-01
 7.1093750000000000E+00     4.9795290569682760E-01
 7.1406250000000000E+00     4.8554457564792819E-01
 7.1718750000000000E+00     4.7304805475673123E-01
 7.2031250000000000E+00     4.6046837631041287E-01
 7.2343750000000000E+00     4.4781057359614829E-01
 7.2656250000000000E+00     4.3507967990111335E-01
 7.2968750000000000E+00     4.2228072851248344E-01
 7.3281250000000000E+00     4.0941875271743411E-01
 7.3593750000000000E+00     3.9649878580314063E-01
 7.3906250000000000E+00     3.8352586105677916E-01
 7.4218750000000000E+00     3.7050501176552503E-01
 7.4531250000000000E+00     3.5744127121655372E-01
 7.4843750000000000E+00     3.4433967269704086E-01
 7.5156250000000000E+00     3.3120524949416175E-01
 7.5468750000000000E+00     3.1804303489509222E-01
 7.5781250000000000E+00     3.0485806218700795E-01
 7.6093750000000000E+00     2.9165536465708403E-01
 7.6406250000000000E+00     2.7843997559249639E-01
 7.6718750000000000E+00     2.6521692828042059E-01
 7.7031250000000000E+00     2.5199125600803213E-01
 7.7343750000000000E+00     2.3876799206250651E-01
 7.7656250000000000E+00     2.2555216973101930E-01
 7.7968750000000000E+00     2.1234882230074609E-01
 7.8281250000000000E+00     1.9916298305886260E-01
 7.8593750000000000E+00     1.8599968529254421E-01
 7.8906250000000000E+00     1.7286396228896636E-01
 7.9218750000000000E+00     1.5976084733530471E-01
 7.9531250000000000E+00     1.4669537371873506E-01
 7.9843750000000000E+00     1.3367257472643262E-01
 8.0156250000000000E+00     1.2069748364557323E-01
 8.0468750000000000E+00     1.0777513376333224E-01
 8.0781250000000000E+00     9.4910558366885264E-02
 8.1093750000000000E+00     8.2108790743407947E-02
 8.1406250000000000E+00     6.9374864180075796E-02
 8.1718750000000000E+00     5.6713811964064324E-02
 8.2031250000000000E+00     4.4130667382549241E-02
 8.2343750000000000E+00     3.1630463722705879E-02
 8.2656250000000000E+00     1.9218234271710023E-02
 8.2968750000000000E+00     6.8990123167369782E-03
 8.3281250000000000E+00    -5.3221688550373659E-03
 8.3593750000000000E+00    -1.7440275956437670E-02
 8.3906250000000000E+00    -2.9450275700288370E-02
 8.4218750000000000E+00    -4.1347134799413730E-02
 8.4531250000000000E+00    -5.3125819966638552E-02
 8.4843750000000000E+00    -6.4781297914786873E-02
 8.5156250000000000E+00    -7.6308535356683374E-02
 8.5468750000000000E+00    -8.7702499005152479E-02
 8.5781250000000000E+00    -9.8958155573018430E-02
 8.6093750000000000E+00    -1.1007047177310590E-01
 8.6406250000000000E+00    -1.2103441431823928E-01
 8.6718750000000000E+00    -1.3184494992124285E-01
 8.7031250000000000E+00    -1.4249704529494131E-01
 8.7343750000000000E+00    -1.5298566715215886E-01
 8.7656250000000000E+00    -1.6330578220572009E-01
 8.7968750000000000E+00    -1.7345235716844934E-01
 8.8281250000000000E+00    -1.8342035875317111E-01
 8.8593750000000000E+00    -1.9320475367270984E-01
 8.8906250000000000E+00    -2.0280050863988999E-01
 8.9218750000000000E+00    -2.1220259036753603E-01
 8.9531250000000000E+00    -2.2140596556847220E-01
 8.9843750000000000E+00    -2.3040560095552315E-01
 9.0156250000000000E+00    -2.3919646324151328E-01
 9.0468750000000000E+00    -2.4777351913926690E-01
 9.0781250000000000E+00    -2.5613173536160871E-01
 9.1093750000000000E+00    -2.6426645613875682E-01
 9.1406250000000000E+00    -2.7217888297694676E-01
 9.1718750000000000E+00    -2.7987483539787306E-01
 9.2031250000000000E+00    -2.8736025818958433E-01
 9.2343750000000000E+00    -2.9464109614012957E-01
 9.2656250000000000E+00    -3.0172329403755710E-01
 9.2968750000000000E+00    -3.0861279666991576E-01
 9.3281250000000000E+00    -3.1531554882525437E-01
 9.3593750000000000E+00    -3.2183749529162137E-01
 9.3906250000000000E+00    -3.2818458085706587E-01
 9.4218750000000000E+00    -3.3436275030963614E-01
 9.4531250000000000E+00    -3.4037794843738134E-01
 9.4843750000000000E+00    -3.4623612002834991E-01
 9.5156250000000000E+00    -3.5194320987059047E-01
 9.5468750000000000E+00    -3.5750516275215199E-01
 9.5781250000000000E+00    -3.6292792346108294E-01
 9.6093750000000000E+00    -3.6821743678543217E-01
 9.6406250000000000E+00    -3.7337964751324848E-01
 9.6718750000000000E+00    -3.7842050043258041E-01
 9.7031250000000000E+00    -3.8334594033147651E-01
 9.7343750000000000E+00    -3.8816191199798594E-01
 9.7656250000000000E+00    -3.9287436022015698E-01
 9.7968750000000000E+00    -3.9748922978603857E-01
 9.8281250000000000E+00    -4.0201246548367925E-01
 9.8593750000000000E+00    -4.0645001210112808E-01
 9.8906250000000000E+00    -4.1080781442643338E-01
 9.9218750000000000E+00    -4.1509181724764421E-01
 9.9531250000000000E+00    -4.1930796535280895E-01
 9.9843750000000000E+00    -4.2346220352997643E-01
 1.0015625000000000E+01    -4.2756047656719531E-01
 1.0046875000000000E+01    -4.3160872925251453E-01
 1.0078125000000000E+01    -4.3561290637398248E-01
 1.0109375000000000E+01    -4.3957895271964809E-01
 1.0140625000000000E+01    -4.4351281307755996E-01
 1.0171875000000000E+01    -4.4742043223576694E-01
 1.0203125000000000E+01    -4.5130775498231734E-01
 1.0234375000000000E+01    -4.5518072610526050E-01
 1.0265625000000000E+01    -4.5904529039264474E-01
 1.0296875000000000E+01    -4.6290739263251879E-01
 1.0328125000000000E+01    -4.6677297761293129E-01
 1.0359375000000000E+01    -4.7064799012193109E-01
 1.0390625000000000E+01    -4.7453837494756690E-01
 1.0421875000000000E+01    -4.7845007687788754E-01
 1.0453125000000000E+01    -4.8238904070094141E-01
 1.0484375000000000E+01    -4.8636121120477732E-01
 1.0515625000000000E+01    -4.9037253317744400E-01
 1.0546875000000000E+01    -4.9442895140699039E-01
 1.0578125000000000E+01    -4.9853641068146487E-01
 1.0609375000000000E+01    -5.0270085578891643E-01
 1.0640625000000000E+01    -5.0692823151739330E-01
 1.0671875000000000E+01    -5.1122448265494480E-01
 1.0703125000000000E+01    -5.1559555398961909E-01
 1.0734375000000000E+01    -5.2004739030946567E-01
 1.0765625000000000E+01    -5.2458593640253226E-01
 1.0796875000000000E+01    -5.2921713705686835E-01
 1.0828125000000000E+01    -5.3394693706052210E-01
 1.0859375000000000E+01    -5.3878128120154245E-01
 1.0890625000000000E+01    -5.4372611426797846E-01
 1.0921875000000000E+01    -5.4878738104787828E-01
 1.0953125000000000E+01    -5.5397102632929052E-01
 1.0984375000000000E+01    -5.5928299490026445E-01
 1.1015625000000000E+01    -5.6472923154884846E-01
 1.1046875000000000E+01    -5.7031568106309138E-01
 1.1078125000000000E+01    -5.7604828823104204E-01
 1.1109375000000000E+01    -5.8193299784074881E-01
 1.1140625000000000E+01    -5.8797575468026053E-01
 1.1171875000000000E+01    -5.9418250353762603E-01
 1.1203125000000000E+01    -6.0055918920089402E-01
 1.1234375000000000E+01    -6.0711175645811277E-01
 1.1265625000000000E+01    -6.1384615009733179E-01
 1.1296875000000000E+01    -6.2076831490659878E-01
 1.1328125000000000E+01    -6.2788419567396359E-01
 1.1359375000000000E+01    -6.3519973718747402E-01
 1.1390625000000000E+01    -6.4271888980534742E-01
 1.1421875000000000E+01    -6.5043354106008622E-01
 1.1453125000000000E+01    -6.5833106651922757E-01
 1.1484375000000000E+01    -6.6639883389936683E-01
 1.1515625000000000E+01    -6.7462421091710068E-01
 1.1546875000000000E+01    -6.8299456528902369E-01
 1.1578125000000000E+01    -6.9149726473173223E-01
 1.1609375000000000E+01    -7.0011967696182220E-01
 1.1640625000000000E+01    -7.0884916969588874E-01
 1.1671875000000000E+01    -7.1767311065052808E-01
 1.1703125000000000E+01    -7.2657886754233569E-01
 1.1734375000000000E+01    -7.3555380808790760E-01
 1.1765625000000000E+01    -7.4458530000383938E-01
 1.1796875000000000E+01    -7.5366071100672660E-01
 1.1828125000000000E+01    -7.6276740881316507E-01
 1.1859375000000000E+01    -7.7189276113975114E-01
 1.1890625000000000E+01    -7.8102413570307938E-01
 1.1921875000000000E+01    -7.9014890021974660E-01
 1.1953125000000000E+01    -7.9925442240634825E-01
 1.1984375000000000E+01    -8.0832806997947992E-01
 1.2015625000000000E+01    -8.1735721065573741E-01
 1.2046875000000000E+01    -8.2632921215171629E-01
 1.2078125000000000E+01    -8.3523144218401235E-01
 1.2109375000000000E+01    -8.4405126846922174E-01
 1.2140625000000000E+01    -8.5277605872393969E-01
 1.2171875000000000E+01    -8.6139318066476211E-01
 1.2203125000000000E+01    -8.6989000200828515E-01
 1.2234375000000000E+01    -8.7825389047110403E-01
 1.2265625000000000E+01    -8.8647221376981422E-01
 1.2296875000000000E+01    -8.9453233962101231E-01
 1.2328125000000000E+01    -9.0242163574129330E-01
 1.2359375000000000E+01    -9.1012746984725390E-01
 1.2390625000000000E+01    -9.1763720965548901E-01
 1.2421875000000000E+01    -9.2493822288259431E-01
 1.2453125000000000E+01    -9.3201787724516583E-01
 1.2484375000000000E+01    -9.3886354045979903E-01
 1.2515625000000000E+01    -9.4546258024309027E-01
 1.2546875000000000E+01    -9.5180236431163512E-01
 1.2578125000000000E+01    -9.5787026038202872E-01
 1.2609375000000000E+01    -9.6365363617086763E-01
 1.2640625000000000E+01    -9.6913985939474689E-01
 1.2671875000000000E+01    -9.7431629777026263E-01
 1.2703125000000000E+01    -9.7917031901401019E-01
 1.2734375000000000E+01    -9.8368929084258605E-01
 1.2765625000000000E+01    -9.8786058097258544E-01
 1.2796875000000000E+01    -9.9167155712060384E-01
 1.2828125000000000E+01    -9.9510958700323771E-01
 1.2859375000000000E+01    -9.9816203833708206E-01
 1.2890625000000000E+01    -1.0008162788387336E+00
 1.2921875000000000E+01    -1.0030596762247868E+00
 1.2953125000000000E+01    -1.0048795982118386E+00
 1.2984375000000000E+01    -1.0062634125164840E+00
 1.3015625000000000E+01    -1.0071984868553188E+00
 1.3046875000000000E+01    -1.0076721889449389E+00
 1.3078125000000000E+01    -1.0076718865019407E+00
 1.3109375000000000E+01    -1.0071849472429182E+00
 1.3140625000000000E+01    -1.0061987388844686E+00
 1.3171875000000000E+01    -1.0047006291431875E+00
 1.3203125000000000E+01    -1.0026779857356705E+00
 1.3234375000000000E+01    -1.0001181763785127E+00
 1.3265625000000000E+01    -9.9700856878831057E-01
 1.3296875000000000E+01    -9.9333653068165972E-01
 1.3328125000000000E+01    -9.8908942977515601E-01
 1.3359375000000000E+01    -9.8425463378539502E-01
 1.3390625000000000E+01    -9.7881951042897208E-01
 1.3421875000000000E+01    -9.7277142742248357E-01
 1.3453125000000000E+01    -9.6609775248252516E-01
 1.3484375000000000E+01    -9.5878585332569222E-01
 1.3515625000000000E+01    -9.5082309766858042E-01
 1.3546875000000000E+01    -9.4219685322778624E-01
 1.3578125000000000E+01    -9.3289448771990480E-01
 1.3609375000000000E+01    -9.2290336886153179E-01
 1.3640625000000000E+01    -9.1221087774946108E-01
 1.3671875000000000E+01    -9.0081208512946143E-01
 1.3703125000000000E+01    -8.8872262017275805E-01
 1.3734375000000000E+01    -8.7596151111626697E-01
 1.3765625000000000E+01    -8.6254778619690464E-01
 1.3796875000000000E+01    -8.4850047365158709E-01
 1.3828125000000000E+01    -8.3383860171723034E-01
 1.3859375000000000E+01    -8.1858119863075074E-01
 1.3890625000000000E+01    -8.0274729262906375E-01
 1.3921875000000000E+01    -7.8635591194908616E-01
 1.3953125000000000E+01    -7.6942608482773467E-01
 1.3984375000000000E+01    -7.5197683950192440E-01
 1.4015625000000000E+01    -7.3402720420857170E-01
 1.4046875000000000E+01    -7.1559620718459249E-01
 1.4078125000000000E+01    -6.9670287666690356E-01
 1.4109375000000000E+01    -6.7736624089242115E-01
 1.4140625000000000E+01    -6.5760532809806049E-01
 1.4171875000000000E+01    -6.3743916652073818E-01
 1.4203125000000000E+01    -6.1688678439737088E-01
 1.4234375000000000E+01    -5.9596720996487362E-01
 1.4265625000000000E+01    -5.7469947146016342E-01
 1.4296875000000000E+01    -5.5310259712015619E-01
 1.4328125000000000E+01    -5.3119561518176805E-01
 1.4359375000000000E+01    -5.0899755388191537E-01
 1.4390625000000000E+01    -4.8652744145751370E-01
 1.4421875000000000E+01    -4.6380430614547929E-01
 1.4453125000000000E+01    -4.4084717618272873E-01
 1.4484375000000000E+01    -4.1767507980617813E-01
 1.4515625000000000E+01    -3.9430704525274313E-01
 1.4546875000000000E+01    -3.7076210075934035E-01
 1.4578125000000000E+01    -3.4705927456288588E-01
 1.4609375000000000E+01    -3.2321759490029517E-01
 1.4640625000000000E+01    -2.9925609000848519E-01
 1.4671875000000000E+01    -2.7519378812437206E-01
 1.4703125000000000E+01    -2.5104971748487148E-01
 1.4734375000000000E+01    -2.2684290632689968E-01
 1.4765625000000000E+01    -2.0259238288737283E-01
 1.4796875000000000E+01    -1.7831717540320713E-01
 1.4828125000000000E+01    -1.5403631211131885E-01
 1.4859375000000000E+01    -1.2976882124862393E-01
 1.4890625000000000E+01    -1.0553373105203853E-01
 1.4921875000000000E+01    -8.1350069758478999E-02
 1.4953125000000000E+01    -5.7236865604860909E-02
 1.4984375000000000E+01    -3.3213146828101010E-02
 1.5015625000000000E+01    -9.2979416651151909E-03
 1.5046875000000000E+01     1.4489721647180440E-02
 1.5078125000000000E+01     3.8130814871869673E-02
 1.5109375000000000E+01     6.1606309772036384E-02
 1.5140625000000000E+01     8.4897178110764374E-02
 1.5171875000000000E+01     1.0798439165113773E-01
 1.5203125000000000E+01     1.3084892215624006E-01
 1.5234375000000000E+01     1.5347174138915542E-01
 1.5265625000000000E+01     1.7583382111296755E-01
 1.5296875000000000E+01     1.9791613309076014E-01
 1.5328125000000000E+01     2.1969964908561740E-01
 1.5359375000000000E+01     2.4116534086062325E-01
 1.5390625000000000E+01     2.6229418017886119E-01
 1.5421875000000000E+01     2.8306713880341522E-01
 1.5453125000000000E+01     3.0346518849736903E-01
 1.5484375000000000E+01     3.2346930102380700E-01
 1.5515625000000000E+01     3.4306044814581260E-01
 1.5546875000000000E+01     3.6221960162646960E-01
 1.5578125000000000E+01     3.8092773322886214E-01
 1.5609375000000000E+01     3.9916581471607399E-01
 1.5640625000000000E+01     4.1691481785118895E-01
 1.5671875000000000E+01     4.3415571439729100E-01
 1.5703125000000000E+01     4.5086947611746375E-01
 1.5734375000000000E+01     4.6703707477479145E-01
 1.5765625000000000E+01     4.8263948213235769E-01
 1.5796875000000000E+01     4.9765766995324634E-01
 1.5828125000000000E+01     5.1207261000054127E-01
 1.5859375000000000E+01     5.2586527403732630E-01
 1.5890625000000000E+01     5.3901663382668574E-01
 1.5921875000000000E+01     5.5150802006146049E-01
 1.5953125000000000E+01     5.6333399558433839E-01
 1.5984375000000000E+01     5.7450590628142306E-01
 1.6015625000000000E+01     5.8503617975168087E-01
 1.6046875000000000E+01     5.9493724359408018E-01
 1.6078125000000000E+01     6.0422152540758745E-01
 1.6109375000000000E+01     6.1290145279116970E-01
 1.6140625000000000E+01     6.2098945334379407E-01
 1.6171875000000000E+01     6.2849795466442804E-01
 1.6203125000000000E+01     6.3543938435203839E-01
 1.6234375000000000E+01     6.4182617000559206E-01
 1.6265625000000000E+01     6.4767073922405727E-01
 1.6296875000000000E+01     6.5298551960639950E-01
 1.6328125000000000E+01     6.5778293875158733E-01
 1.6359375000000000E+01     6.6207542425858734E-01
 1.6390625000000000E+01     6.6587540372636622E-01
 1.6421875000000000E+01     6.6919530475389166E-01
 1.6453125000000000E+01     6.7204755494013102E-01
 1.6484375000000000E+01     6.7444458188405032E-01
 1.6515625000000000E+01     6.7639881318461792E-01
 1.6546875000000000E+01     6.7792267644080040E-01
 1.6578125000000000E+01     6.7902859925156456E-01
 1.6609375000000000E+01     6.7972900921587831E-01
 1.6640625000000000E+01     6.8003633393270813E-01
 1.6671875000000000E+01     6.7996300100102136E-01
 1.6703125000000000E+01     6.7952143801978537E-01
 1.6734375000000000E+01     6.7872407258796685E-01
 1.6765625000000000E+01     6.7758333230453349E-01
 1.6796875000000000E+01     6.7611164476845154E-01
 1.6828125000000000E+01     6.7432143757868923E-01
 1.6859375000000000E+01     6.7222513833421282E-01
 1.6890625000000000E+01     6.6983517463398989E-01
 1.6921875000000000E+01     6.6716397407698724E-01
 1.6953125000000000E+01     6.6422396426217234E-01
 1.6984375000000000E+01     6.6102757278851187E-01
 1.7015625000000000E+01     6.5758722725497387E-01
 1.7046875000000000E+01     6.5391535526052436E-01
 1.7078125000000000E+01     6.5002438440413102E-01
 1.7109375000000000E+01     6.4592674228476088E-01
 1.7140625000000000E+01     6.4163485650138119E-01
 1.7171875000000000E+01     6.3716115465295886E-01
 1.7203125000000000E+01     6.3251806433846136E-01
 1.7234375000000000E+01     6.2771801315685560E-01
 1.7265625000000000E+01     6.2277342870710861E-01
 1.7296875000000000E+01     6.1769673858818797E-01
 1.7328125000000000E+01     6.1250037039905980E-01
 1.7359375000000000E+01     6.0719675173869225E-01
 1.7390625000000000E+01     6.0179831020605212E-01
 1.7421875000000000E+01     5.9631747340010643E-01
 1.7453125000000000E+01     5.9076666891982255E-01
 1.7484375000000000E+01     5.8515832436416759E-01
 1.7515625000000000E+01     5.7950486733210838E-01
 1.7546875000000000E+01     5.7381872542261214E-01
 1.7578125000000000E+01     5.6811232623464614E-01
 1.7609375000000000E+01     5.6239809736717727E-01
 1.7640625000000000E+01     5.5668846641917302E-01
 1.7671875000000000E+01     5.5099586098960007E-01
 1.7703125000000000E+01     5.4533270867742600E-01
 1.7734375000000000E+01     5.3971143708161784E-01
 1.7765625000000000E+01     5.3414447380114272E-01
 1.7796875000000000E+01     5.2864424643496744E-01
 1.7828125000000000E+01     5.2322318258205935E-01
 1.7859375000000000E+01     5.1789370984138572E-01
 1.7890625000000000E+01     5.1266825581191344E-01
 1.7921875000000000E+01     5.0755924809260955E-01
 1.7953125000000000E+01     5.0257911428244173E-01
 1.7984375000000000E+01     4.9774028198037656E-01
 1.8015625000000000E+01     4.9305517878538146E-01
 1.8046875000000000E+01     4.8853623229642346E-01
 1.8078125000000000E+01     4.8419587011246956E-01
 1.8109375000000000E+01     4.8004651983248720E-01
 1.8140625000000000E+01     4.7610060905544321E-01
 1.8171875000000000E+01     4.7237056538030509E-01
 1.8203125000000000E+01     4.6886771455943688E-01
 1.8234375000000000E+01     4.6559125289133058E-01
 1.8265625000000000E+01     4.6253286224388468E-01
 1.8296875000000000E+01     4.5968411250473673E-01
 1.8328125000000000E+01     4.5703657356152305E-01
 1.8359375000000000E+01     4.5458181530188074E-01
 1.8390625000000000E+01     4.5231140761344668E-01
 1.8421875000000000E+01     4.5021692038385752E-01
 1.8453125000000000E+01     4.4828992350075053E-01
 1.8484375000000000E+01     4.4652198685176253E-01
 1.8515625000000000E+01     4.4490468032453007E-01
 1.8546875000000000E+01     4.4342957380669035E-01
 1.8578125000000000E+01     4.4208823718588008E-01
 1.8609375000000000E+01     4.4087224034973638E-01
 1.8640625000000000E+01     4.3977315318589594E-01
 1.8671875000000000E+01     4.3878254558199570E-01
 1.8703125000000000E+01     4.3789198742567248E-01
 1.8734375000000000E+01     4.3709304860456327E-01
 1.8765625000000000E+01     4.3637729900630468E-01
 1.8796875000000000E+01     4.3573630851853418E-01
 1.8828125000000000E+01     4.3516164702888804E-01
 1.8859375000000000E+01     4.3464488442500343E-01
 1.8890625000000000E+01     4.3417759059451722E-01
 1.8921875000000000E+01     4.3375133542506628E-01
 1.8953125000000000E+01     4.3335768880428743E-01
 1.8984375000000000E+01     4.3298822061981779E-01
 1.9015625000000000E+01     4.3263450075929372E-01
 1.9046875000000000E+01     4.3228809911035282E-01
 1.9078125000000000E+01     4.3194058556063142E-01
 1.9109375000000000E+01     4.3158352999776667E-01
 1.9140625000000000E+01     4.3120850230939511E-01
 1.9171875000000000E+01     4.3080707238315430E-01
 1.9203125000000000E+01     4.3037081010668038E-01
 1.9234375000000000E+01     4.2989128536761079E-01
 1.9265625000000000E+01     4.2936006805358207E-01
 1.9296875000000000E+01     4.2876872805223121E-01
 1.9328125000000000E+01     4.2810883525119514E-01
 1.9359375000000000E+01     4.2737195953811086E-01
 1.9390625000000000E+01     4.2654967080061501E-01
 1.9421875000000000E+01     4.2563353892634459E-01
 1.9453125000000000E+01     4.2461513380293636E-01
 1.9484375000000000E+01     4.2348602531802748E-01
 1.9515625000000000E+01     4.2223778335925444E-01
 1.9546875000000000E+01     4.2086197781425461E-01
 1.9578125000000000E+01     4.1935017857066464E-01
 1.9609375000000000E+01     4.1769395551612110E-01
 1.9640625000000000E+01     4.1588487853826128E-01
 1.9671875000000000E+01     4.1391451752472219E-01
 1.9703125000000000E+01     4.1177444236314020E-01
 1.9734375000000000E+01     4.0945622294115258E-01
 1.9765625000000000E+01     4.0695142914639615E-01
 1.9796875000000000E+01     4.0425163086650767E-01
 1.9828125000000000E+01     4.0134839798912414E-01
 1.9859375000000000E+01     3.9823330040188248E-01
 1.9890625000000000E+01     3.9489790799241931E-01
 1.9921875000000000E+01     3.9133379064837193E-01
 1.9953125000000000E+01     3.8753251825737689E-01
 1.9984375000000000E+01     3.8348566070707119E-01
 2.0015625000000000E+01     3.7918478788509163E-01
 2.0046875000000000E+01     3.7462146967907534E-01
 2.0078125000000000E+01     3.6978727597665895E-01
 2.0109375000000000E+01     3.6467377666547940E-01
 2.0140625000000000E+01     3.5927254163317374E-01
 2.0171875000000000E+01     3.5357514076737873E-01
 2.0203125000000000E+01     3.4757314395573125E-01
 2.0234375000000000E+01     3.4125812108586812E-01
 2.0265625000000000E+01     3.3462164204542633E-01
 2.0296875000000000E+01     3.2765527672204253E-01
 2.0328125000000000E+01     3.2035059500335389E-01
 2.0359375000000000E+01     3.1269916677699733E-01
 2.0390625000000000E+01     3.0469256193060962E-01
 2.0421875000000000E+01     2.9632235035182752E-01
 2.0453125000000000E+01     2.8758010192828820E-01
 2.0484375000000000E+01     2.7846003388588803E-01
 2.0515625000000000E+01     2.6896850187234983E-01
 2.0546875000000000E+01     2.5911533843586615E-01
 2.0578125000000000E+01     2.4891037641048860E-01
 2.0609375000000000E+01     2.3836344863026865E-01
 2.0640625000000000E+01     2.2748438792925785E-01
 2.0671875000000000E+01     2.1628302714150785E-01
 2.0703125000000000E+01     2.0476919910107000E-01
 2.0734375000000000E+01     1.9295273664199583E-01
 2.0765625000000000E+01     1.8084347259833711E-01
 2.0796875000000000E+01     1.6845123980414489E-01
 2.0828125000000000E+01     1.5578587109347103E-01
 2.0859375000000000E+01     1.4285719930036700E-01
 2.0890625000000000E+01     1.2967505725888412E-01
 2.0921875000000000E+01     1.1624927780307426E-01
 2.0953125000000000E+01     1.0258969376698854E-01
 2.0984375000000000E+01     8.8706137984678954E-02
 2.1015625000000000E+01     7.4608443290196613E-02
 2.1046875000000000E+01     6.0306442517593206E-02
 2.1078125000000000E+01     4.5809968500920277E-02
 2.1109375000000000E+01     3.1128854074229263E-02
 2.1140625000000000E+01     1.6272932071571773E-02
 2.1171875000000000E+01     1.2520353269993012E-03
 2.1203125000000000E+01    -1.3924003325436694E-02
 2.1234375000000000E+01    -2.9245351051684680E-02
 2.1265625000000000E+01    -4.4702175017693073E-02
 2.1296875000000000E+01    -6.0284642389410489E-02
 2.1328125000000000E+01    -7.5982920332785128E-02
 2.1359375000000000E+01    -9.1787176013765737E-02
 2.1390625000000000E+01    -1.0768757659830067E-01
 2.1421875000000000E+01    -1.2367428925233849E-01
 2.1453125000000000E+01    -1.3973748114182766E-01
 2.1484375000000000E+01    -1.5586731943271642E-01
 2.1515625000000000E+01    -1.7205397129095379E-01
 2.1546875000000000E+01    -1.8828760388248775E-01
 2.1578125000000000E+01    -2.0455838437326693E-01
 2.1609375000000000E+01    -2.2085647992923968E-01
 2.1640625000000000E+01    -2.3717205771635497E-01
 2.1671875000000000E+01    -2.5349528490056078E-01
 2.1703125000000000E+01    -2.6981632864780591E-01
 2.1734375000000000E+01    -2.8612535612403833E-01
 2.1765625000000000E+01    -3.0241253449520711E-01
 2.1796875000000000E+01    -3.1866803092726048E-01
 2.1828125000000000E+01    -3.3488201258614680E-01
 2.1859375000000000E+01    -3.5104464663781476E-01
 2.1890625000000000E+01    -3.6714610024821270E-01
 2.1921875000000000E+01    -3.8317654058328920E-01
 2.1953125000000000E+01    -3.9912613480899273E-01
 2.1984375000000000E+01    -4.1498505009127168E-01
 2.2015625000000000E+01    -4.3074345359607447E-01
 2.2046875000000000E+01    -4.4639151248934994E-01
 2.2078125000000000E+01    -4.6191939393704629E-01
 2.2109375000000000E+01    -4.7731726510511180E-01
 2.2140625000000000E+01    -4.9257529315949544E-01
 2.2171875000000000E+01    -5.0768364526614529E-01
 2.2203125000000000E+01    -5.2263248859101008E-01
 2.2234375000000000E+01    -5.3741199030003828E-01
 2.2265625000000000E+01    -5.5201231755917823E-01
 2.2296875000000000E+01    -5.6642363753437830E-01
 2.2328125000000000E+01    -5.8063611739158705E-01
 2.2359375000000000E+01    -5.9463992429675328E-01
 2.2390625000000000E+01    -6.0842522541582511E-01
 2.2421875000000000E+01    -6.2198218791475113E-01
 2.2453125000000000E+01    -6.3530097895947990E-01
 2.2484375000000000E+01    -6.4837176571595967E-01
 2.2515625000000000E+01    -6.6118471535013923E-01
 2.2546875000000000E+01    -6.7372999502796671E-01
 2.2578125000000000E+01    -6.8599777191539091E-01
 2.2609375000000000E+01    -6.9797821317836028E-01
 2.2640625000000000E+01    -7.0966148598282297E-01
 2.2671875000000000E+01    -7.2103775749472809E-01
 2.2703125000000000E+01    -7.3209719488002345E-01
 2.2734375000000000E+01    -7.4282996530465761E-01
 2.2765625000000000E+01    -7.5322623593457960E-01
 2.2796875000000000E+01    -7.6327617393573732E-01
 2.2828125000000000E+01    -7.7296994647407946E-01
 2.2859375000000000E+01    -7.8229772071555459E-01
 2.2890625000000000E+01    -7.9124966382611095E-01
 2.2921875000000000E+01    -7.9981594297169745E-01
 2.2953125000000000E+01    -8.0798672531826232E-01
 2.2984375000000000E+01    -8.1575217803175359E-01
 2.3015625000000000E+01    -8.2310246827812072E-01
 2.3046875000000000E+01    -8.3002776322331151E-01
 2.3078125000000000E+01    -8.3651823003327419E-01
 2.3109375000000000E+01    -8.4256403587395801E-01
 2.3140625000000000E+01    -8.4815534791131086E-01
 2.3171875000000000E+01    -8.5328233331128134E-01
 2.3203125000000000E+01    -8.5793515923981811E-01
 2.3234375000000000E+01    -8.6210399286286954E-01
 2.3265625000000000E+01    -8.6577900134638419E-01
 2.3296875000000000E+01    -8.6895035185631053E-01
 2.3328125000000000E+01    -8.7160821155859680E-01
 2.3359375000000000E+01    -8.7374274761919202E-01
 2.3390625000000000E+01    -8.7534412720404420E-01
 2.3421875000000000E+01    -8.7640251747910147E-01
 2.3453125000000000E+01    -8.7690808561031330E-01
 2.3484375000000000E+01    -8.7685099876362738E-01
 2.3515625000000000E+01    -8.7622142410499215E-01
 2.3546875000000000E+01    -8.7500952880035698E-01
 2.3578125000000000E+01    -8.7320548001566956E-01
 2.3609375000000000E+01    -8.7079944491687833E-01
 2.3640625000000000E+01    -8.6778159066993243E-01
 2.3671875000000000E+01    -8.6414208444077945E-01
 2.3703125000000000E+01    -8.5987109339536860E-01
 2.3734375000000000E+01    -8.5495878469964803E-01
 2.3765625000000000E+01    -8.4939532551956587E-01
 2.3796875000000000E+01    -8.4317088302107168E-01
 2.3828125000000000E+01    -8.3627562437011305E-01
 2.3859375000000000E+01    -8.2869971673263865E-01
 2.3890625000000000E+01    -8.2043332727459672E-01
 2.3921875000000000E+01    -8.1146662316193652E-01
 2.3953125000000000E+01    -8.0178977156060549E-01
 2.3984375000000000E+01    -7.9139293963655333E-01
 2.4015625000000000E+01    -7.8026629455572727E-01
 2.4046875000000000E+01    -7.6840000348407678E-01
 2.4078125000000000E+01    -7.5578423358754976E-01
 2.4109375000000000E+01    -7.4240915203209479E-01
 2.4140625000000000E+01    -7.2826492598366033E-01
 2.4171875000000000E+01    -7.1334172260819495E-01
 2.4203125000000000E+01    -6.9762970907164723E-01
 2.4234375000000000E+01    -6.8111905253996541E-01
 2.4265625000000000E+01    -6.6379992017909828E-01
 2.4296875000000000E+01    -6.4566247915499386E-01
 2.4328125000000000E+01    -6.2669689663360095E-01
 2.4359375000000000E+01    -6.0689333978086801E-01
 2.4390625000000000E+01    -5.8624197576274362E-01
 2.4421875000000000E+01    -5.6473297174517589E-01
 2.4453125000000000E+01    -5.4235649489411375E-01
 2.4484375000000000E+01    -5.1910271237550554E-01
 2.4515625000000000E+01    -4.9496179135529961E-01
 2.4546875000000000E+01    -4.6992389899944437E-01
 2.4578125000000000E+01    -4.4397920247388856E-01
 2.4609375000000000E+01    -4.1711786894458047E-01
 2.4640625000000000E+01    -3.8933006557746852E-01
 2.4671875000000000E+01    -3.6060595953850150E-01
 2.4703125000000000E+01    -3.3093571799362753E-01
 2.4734375000000000E+01    -3.0030950810879536E-01
 2.4765625000000000E+01    -2.6871749704995346E-01
 2.4796875000000000E+01    -2.3614985198305005E-01
 2.4828125000000000E+01    -2.0259674007403380E-01
 2.4859375000000000E+01    -1.6804832848885320E-01
 2.4890625000000000E+01    -1.3249478439345674E-01
 2.4921875000000000E+01    -9.5926274953792856E-02
 2.4953125000000000E+01    -5.8332967335810011E-02
 2.4984375000000000E+01    -1.9705028705456686E-02
