#                  time                       real
 1.5625000000000000E-02    -7.2976847392696809E-04
 4.6875000000000000E-02    -2.4408613636133555E-03
 7.8125000000000000E-02    -4.4823471259164988E-03
 1.0937500000000000E-01    -6.8482077010445863E-03
 1.4062500000000000E-01    -9.5324250292057981E-03
 1.7187500000000000E-01    -1.2528981050608325E-02
 2.0312500000000000E-01    -1.5831857705460355E-02
 2.3437500000000000E-01    -1.9435036933970074E-02
 2.6562500000000000E-01    -2.3332500676345670E-02
 2.9687500000000000E-01    -2.7518230872795313E-02
 3.2812500000000000E-01    -3.1986209463527190E-02
 3.5937500000000000E-01    -3.6730418388749526E-02
 3.9062500000000000E-01    -4.1744839588670458E-02
 4.2187500000000000E-01    -4.7023455003498194E-02
 4.5312500000000000E-01    -5.2560246573440897E-02
 4.8437500000000000E-01    -5.8349196238706810E-02
 5.1562500000000000E-01    -6.4384285939504085E-02
 5.4687500000000000E-01    -7.0659497616040887E-02
 5.7812500000000000E-01    -7.7168813208525450E-02
 6.0937500000000000E-01    -8.3906214657165940E-02
 6.4062500000000000E-01    -9.0865683902170480E-02
 6.7187500000000000E-01    -9.8041202883747292E-02
 7.0312500000000000E-01    -1.0542675354210468E-01
 7.3437500000000000E-01    -1.1301631781745067E-01
 7.6562500000000000E-01    -1.2080387764999355E-01
 7.9687500000000000E-01    -1.2878341497994139E-01
 8.2812500000000000E-01    -1.3694891174750246E-01
 8.5937500000000000E-01    -1.4529434989288503E-01
 8.9062500000000000E-01    -1.5381371135629712E-01
 9.2187500000000000E-01    -1.6250097807794703E-01
 9.5312500000000000E-01    -1.7135013199804283E-01
 9.8437500000000000E-01    -1.8035515505679278E-01
 1.0156250000000000E+00    -1.8951002919440513E-01
 1.0468750000000000E+00    -1.9880873635108806E-01
 1.0781250000000000E+00    -2.0824525846704955E-01
 1.1093750000000000E+00    -2.1781357748249802E-01
 1.1406250000000000E+00    -2.2750767533764163E-01
 1.1718750000000000E+00    -2.3732153397268849E-01
 1.2031250000000000E+00    -2.4724913532784668E-01
 1.2343750000000000E+00    -2.5728446134332450E-01
 1.2656250000000000E+00    -2.6742149395933035E-01
 1.2968750000000000E+00    -2.7765421511607208E-01
 1.3281250000000000E+00    -2.8797660675375802E-01
 1.3593750000000000E+00    -2.9838265081259618E-01
 1.3906250000000000E+00    -3.0886632923279522E-01
 1.4218750000000000E+00    -3.1942162395456281E-01
 1.4531250000000000E+00    -3.3004251691810749E-01
 1.4843750000000000E+00    -3.4072299006363727E-01
 1.5156250000000000E+00    -3.5145702533136025E-01
 1.5468750000000000E+00    -3.6223860466148472E-01
 1.5781250000000000E+00    -3.7306170999421912E-01
 1.6093750000000000E+00    -3.8392032326977116E-01
 1.6406250000000000E+00    -3.9480842642834918E-01
 1.6718750000000000E+00    -4.0572000141016162E-01
 1.7031250000000000E+00    -4.1664903015541627E-01
 1.7343750000000000E+00    -4.2758949460432188E-01
 1.7656250000000000E+00    -4.3853537669708609E-01
 1.7968750000000000E+00    -4.4948065837391737E-01
 1.8281250000000000E+00    -4.6041932157502385E-01
 1.8593750000000000E+00    -4.7134534824061358E-01
 1.8906250000000000E+00    -4.8225272031089478E-01
 1.9218750000000000E+00    -4.9313541972607577E-01
 1.9531250000000000E+00    -5.0398742842636468E-01
 1.9843750000000000E+00    -5.1480272835196961E-01
 2.0156250000000000E+00    -5.2557530144309916E-01
 2.0468750000000000E+00    -5.3629912963996107E-01
 2.0781250000000000E+00    -5.4696819488276360E-01
 2.1093750000000000E+00    -5.5757647911171482E-01
 2.1406250000000000E+00    -5.6811796426702332E-01
 2.1718750000000000E+00    -5.7858663228889684E-01
 2.2031250000000000E+00    -5.8897646511754376E-01
 2.2343750000000000E+00    -5.9928144469317246E-01
 2.2656250000000000E+00    -6.0949555295599067E-01
 2.2968750000000000E+00    -6.1961277184620700E-01
 2.3281250000000000E+00    -6.2962708330402983E-01
 2.3593750000000000E+00    -6.3953246926966678E-01
 2.3906250000000000E+00    -6.4932291168332579E-01
 2.4218750000000000E+00    -6.5899239248521602E-01
 2.4531250000000000E+00    -6.6853489361554486E-01
 2.4843750000000000E+00    -6.7794439701452081E-01
 2.5156250000000000E+00    -6.8721488462235225E-01
 2.5468750000000000E+00    -6.9634033837924703E-01
 2.5781250000000000E+00    -7.0531474022541318E-01
 2.6093750000000000E+00    -7.1413207210105933E-01
 2.6406250000000000E+00    -7.2278631594639364E-01
 2.6718750000000000E+00    -7.3127145370162427E-01
 2.7031250000000000E+00    -7.3958146730695873E-01
 2.7343750000000000E+00    -7.4771033870260628E-01
 2.7656250000000000E+00    -7.5565204982877432E-01
 2.7968750000000000E+00    -7.6340058262567134E-01
 2.8281250000000000E+00    -7.7094991903350563E-01
 2.8593750000000000E+00    -7.7829404099248523E-01
 2.8906250000000000E+00    -7.8542693044281831E-01
 2.9218750000000000E+00    -7.9234256932471292E-01
 2.9531250000000000E+00    -7.9903493957837757E-01
 2.9843750000000000E+00    -8.0549802314402008E-01
 3.0156250000000000E+00    -8.1172580196184896E-01
 3.0468750000000000E+00    -8.1771225797207248E-01
 3.0781250000000000E+00    -8.2345137311489824E-01
 3.1093750000000000E+00    -8.2893712933053498E-01
 3.1406250000000000E+00    -8.3416350855919041E-01
 3.1718750000000000E+00    -8.3912449274107337E-01
 3.2031250000000000E+00    -8.4381406381639179E-01
 3.2343750000000000E+00    -8.4822620372535362E-01
 3.2656250000000000E+00    -8.5235489440816714E-01
 3.2968750000000000E+00    -8.5619411780504029E-01
 3.3281250000000000E+00    -8.5973785585618190E-01
 3.3593750000000000E+00    -8.6298009050179991E-01
 3.3906250000000000E+00    -8.6591480368210183E-01
 3.4218750000000000E+00    -8.6853597733729693E-01
 3.4531250000000000E+00    -8.7083759340759270E-01
 3.4843750000000000E+00    -8.7281363383319766E-01
 3.5156250000000000E+00    -8.7445808055432006E-01
 3.5468750000000000E+00    -8.7576491551116664E-01
 3.5781250000000000E+00    -8.7672812064394789E-01
 3.6093750000000000E+00    -8.7734167789287087E-01
 3.6406250000000000E+00    -8.7759956919814375E-01
 3.6718750000000000E+00    -8.7749577649997490E-01
 3.7031250000000000E+00    -8.7702428173857205E-01
 3.7343750000000000E+00    -8.7617906685414426E-01
 3.7656250000000000E+00    -8.7495411378689869E-01
 3.7968750000000000E+00    -8.7334340447704406E-01
 3.8281250000000000E+00    -8.7134092086478798E-01
 3.8593750000000000E+00    -8.6894064489034006E-01
 3.8906250000000000E+00    -8.6613655849390758E-01
 3.9218750000000000E+00    -8.6292264361569815E-01
 3.9531250000000000E+00    -8.5929288219592104E-01
 3.9843750000000000E+00    -8.5524125617478397E-01
 4.0156250000000000E+00    -8.5076174749249445E-01
 4.0468750000000000E+00    -8.4584833808926185E-01
 4.0781250000000000E+00    -8.4049500990529380E-01
 4.1093750000000000E+00    -8.3469574488079823E-01
 4.1406250000000000E+00    -8.2844452495598375E-01
 4.1718750000000000E+00    -8.2173533207105809E-01
 4.2031250000000000E+00    -8.1456214816623018E-01
 4.2343750000000000E+00    -8.0691895518170753E-01
 4.2656250000000000E+00    -7.9879973505769897E-01
 4.2968750000000000E+00    -7.9019846973441199E-01
 4.3281250000000000E+00    -7.8110914115205465E-01
 4.3593750000000000E+00    -7.7152573125083612E-01
 4.3906250000000000E+00    -7.6144222197096401E-01
 4.4218750000000000E+00    -7.5085259525264647E-01
 4.4531250000000000E+00    -7.3975083303609190E-01
 4.4843750000000000E+00    -7.2813091726150780E-01
 4.5156250000000000E+00    -7.1598682986910289E-01
 4.5468750000000000E+00    -7.0331255313932983E-01
 4.5781250000000000E+00    -6.9010620774045872E-01
 4.6093750000000000E+00    -6.7638036212189545E-01
 4.6406250000000000E+00    -6.6215073573276606E-01
 4.6718750000000000E+00    -6.4743304802219459E-01
 4.7031250000000000E+00    -6.3224301843930697E-01
 4.7343750000000000E+00    -6.1659636643322902E-01
 4.7656250000000000E+00    -6.0050881145308510E-01
 4.7968750000000000E+00    -5.8399607294800093E-01
 4.8281250000000000E+00    -5.6707387036710233E-01
 4.8593750000000000E+00    -5.4975792315951311E-01
 4.8906250000000000E+00    -5.3206395077436019E-01
 4.9218750000000000E+00    -5.1400767266076819E-01
 4.9531250000000000E+00    -4.9560480826786213E-01
 4.9843750000000000E+00    -4.7687107704476778E-01
 5.0156250000000000E+00    -4.5782219844061001E-01
 5.0468750000000000E+00    -4.3847389190451447E-01
 5.0781250000000000E+00    -4.1884187688560615E-01
 5.1093750000000000E+00    -3.9894187283301080E-01
 5.1406250000000000E+00    -3.7878959919585320E-01
 5.1718750000000000E+00    -3.5840077542325932E-01
 5.2031250000000000E+00    -3.3779112096435349E-01
 5.2343750000000000E+00    -3.1697635526826168E-01
 5.2656250000000000E+00    -2.9597219778410894E-01
 5.2968750000000000E+00    -2.7479436796102086E-01
 5.3281250000000000E+00    -2.5345858524812237E-01
 5.3593750000000000E+00    -2.3198056909453879E-01
 5.3906250000000000E+00    -2.1037603894939572E-01
 5.4218750000000000E+00    -1.8866071426181835E-01
 5.4531250000000000E+00    -1.6685031448093163E-01
 5.4843750000000000E+00    -1.4496055905586117E-01
 5.5156250000000000E+00    -1.2300716743573251E-01
 5.5468750000000000E+00    -1.0100585906967038E-01
 5.5781250000000000E+00    -7.8972353406800297E-02
 5.6093750000000000E+00    -5.6922369896247750E-02
 5.6406250000000000E+00    -3.4871627987137721E-02
 5.6718750000000000E+00    -1.2835847128595885E-02
 5.7031250000000000E+00     9.1692532302529613E-03
 5.7343750000000000E+00     3.1127953640283021E-02
 5.7656250000000000E+00     5.3024534652369185E-02
 5.7968750000000000E+00     7.4843276817386464E-02
 5.8281250000000000E+00     9.6568460686209126E-02
 5.8593750000000000E+00     1.1818436680971217E-01
 5.8906250000000000E+00     1.3967527573877006E-01
 5.9218750000000000E+00     1.6102546802425766E-01
 5.9531250000000000E+00     1.8221922421704972E-01
 5.9843750000000000E+00     2.0324082486802075E-01
 6.0156250000000000E+00     2.2407455052804559E-01
 6.0468750000000000E+00     2.4470468174799886E-01
 6.0781250000000000E+00     2.6511549907875553E-01
 6.1093750000000000E+00     2.8529128307119006E-01
 6.1406250000000000E+00     3.0521631427617735E-01
 6.1718750000000000E+00     3.2487487324459174E-01
 6.2031250000000000E+00     3.4425124052730821E-01
 6.2343750000000000E+00     3.6332969667520154E-01
 6.2656250000000000E+00     3.8209452223914631E-01
 6.2968750000000000E+00     4.0052999777001680E-01
 6.3281250000000000E+00     4.1862040381868848E-01
 6.3593750000000000E+00     4.3635002093603603E-01
 6.3906250000000000E+00     4.5370312967293347E-01
 6.4218750000000000E+00     4.7066401058025614E-01
 6.4531250000000000E+00     4.8721694420887829E-01
 6.4843750000000000E+00     5.0334621110967481E-01
 6.5156250000000000E+00     5.1903609183352040E-01
 6.5468750000000000E+00     5.3427086693128989E-01
 6.5781250000000000E+00     5.4903481695385781E-01
 6.6093750000000000E+00     5.6331222245209900E-01
 6.6406250000000000E+00     5.7708736397688809E-01
 6.6718750000000000E+00     5.9034452207910015E-01
 6.7031250000000000E+00     6.0306797730960882E-01
 6.7343750000000000E+00     6.1524201021929015E-01
 6.7656250000000000E+00     6.2685090135901800E-01
 6.7968750000000000E+00     6.3787893127966744E-01
 6.8281250000000000E+00     6.4831051130897521E-01
 6.8593750000000000E+00     6.5813882855032069E-01
 6.8906250000000000E+00     6.6737123556706390E-01
 6.9218750000000000E+00     6.7601637172114004E-01
 6.9531250000000000E+00     6.8408287637448451E-01
 6.9843750000000000E+00     6.9157938888903203E-01
 7.0156250000000000E+00     6.9851454862671791E-01
 7.0468750000000000E+00     7.0489699494947733E-01
 7.0781250000000000E+00     7.1073536721924502E-01
 7.1093750000000000E+00     7.1603830479795660E-01
 7.1406250000000000E+00     7.2081444704754694E-01
 7.1718750000000000E+00     7.2507243332995086E-01
 7.2031250000000000E+00     7.2882090300710378E-01
 7.2343750000000000E+00     7.3206849544094066E-01
 7.2656250000000000E+00     7.3482384999339689E-01
 7.2968750000000000E+00     7.3709560602640722E-01
 7.3281250000000000E+00     7.3889240290190683E-01
 7.3593750000000000E+00     7.4022287998183112E-01
 7.3906250000000000E+00     7.4109567662811449E-01
 7.4218750000000000E+00     7.4151943220269301E-01
 7.4531250000000000E+00     7.4150278606750120E-01
 7.4843750000000000E+00     7.4105437758447412E-01
 7.5156250000000000E+00     7.4018284611554686E-01
 7.5468750000000000E+00     7.3889683102265458E-01
 7.5781250000000000E+00     7.3720497166773291E-01
 7.6093750000000000E+00     7.3511590741271615E-01
 7.6406250000000000E+00     7.3263827761953970E-01
 7.6718750000000000E+00     7.2978072165013874E-01
 7.7031250000000000E+00     7.2655187886644834E-01
 7.7343750000000000E+00     7.2296038863040379E-01
 7.7656250000000000E+00     7.1901489030393995E-01
 7.7968750000000000E+00     7.1472402324899176E-01
 7.8281250000000000E+00     7.1009642682749496E-01
 7.8593750000000000E+00     7.0514074040138419E-01
 7.8906250000000000E+00     6.9986560333259451E-01
 7.9218750000000000E+00     6.9427965498306099E-01
 7.9531250000000000E+00     6.8839153471471870E-01
 7.9843750000000000E+00     6.8220988188950327E-01
 8.0156250000000000E+00     6.7574333586934932E-01
 8.0468750000000000E+00     6.6900053601619192E-01
 8.0781250000000000E+00     6.6199012169196636E-01
 8.1093750000000000E+00     6.5472073225860772E-01
 8.1406250000000000E+00     6.4720100707805095E-01
 8.1718750000000000E+00     6.3943958551223146E-01
 8.2031250000000000E+00     6.3144510692308398E-01
 8.2343750000000000E+00     6.2322621067254391E-01
 8.2656250000000000E+00     6.1479153612254622E-01
 8.2968750000000000E+00     6.0614972263502587E-01
 8.3281250000000000E+00     5.9730940957191847E-01
 8.3593750000000000E+00     5.8827923629515866E-01
 8.3906250000000000E+00     5.7906784216668139E-01
 8.4218750000000000E+00     5.6968386654842218E-01
 8.4531250000000000E+00     5.6013594880231610E-01
 8.4843750000000000E+00     5.5043272829029821E-01
 8.5156250000000000E+00     5.4058284437430348E-01
 8.5468750000000000E+00     5.3059493641626698E-01
 8.5781250000000000E+00     5.2047764377812400E-01
 8.6093750000000000E+00     5.1023960582180938E-01
 8.6406250000000000E+00     4.9988946190925843E-01
 8.6718750000000000E+00     4.8943585140240636E-01
 8.7031250000000000E+00     4.7888741366318799E-01
 8.7343750000000000E+00     4.6825278805353876E-01
 8.7656250000000000E+00     4.5754061393539319E-01
 8.7968750000000000E+00     4.4675953067068697E-01
 8.8281250000000000E+00     4.3591817762135504E-01
 8.8593750000000000E+00     4.2502519414933232E-01
 8.8906250000000000E+00     4.1408921961655404E-01
 8.9218750000000000E+00     4.0311889338495560E-01
 8.9531250000000000E+00     3.9212285481647141E-01
 8.9843750000000000E+00     3.8110974327303709E-01
 9.0156250000000000E+00     3.7008819811658800E-01
 9.0468750000000000E+00     3.5906685870905841E-01
 9.0781250000000000E+00     3.4805436441238408E-01
 9.1093750000000000E+00     3.3705907959949305E-01
 9.1406250000000000E+00     3.2608510212065833E-01
 9.1718750000000000E+00     3.1513316599840779E-01
 9.2031250000000000E+00     3.0420391400948527E-01
 9.2343750000000000E+00     2.9329798893063513E-01
 9.2656250000000000E+00     2.8241603353860151E-01
 9.2968750000000000E+00     2.7155869061012866E-01
 9.3281250000000000E+00     2.6072660292196081E-01
 9.3593750000000000E+00     2.4992041325084219E-01
 9.3906250000000000E+00     2.3914076437351683E-01
 9.4218750000000000E+00     2.2838829906672914E-01
 9.4531250000000000E+00     2.1766366010722324E-01
 9.4843750000000000E+00     2.0696749027174344E-01
 9.5156250000000000E+00     1.9630043233703362E-01
 9.5468750000000000E+00     1.8566312907983840E-01
 9.5781250000000000E+00     1.7505622327690185E-01
 9.6093750000000000E+00     1.6448035770496794E-01
 9.6406250000000000E+00     1.5393617514078123E-01
 9.6718750000000000E+00     1.4342431836108571E-01
 9.7031250000000000E+00     1.3294543014262566E-01
 9.7343750000000000E+00     1.2250015326214528E-01
 9.7656250000000000E+00     1.1208913049638870E-01
 9.7968750000000000E+00     1.0171300462210023E-01
 9.8281250000000000E+00     9.1372418416024087E-02
 9.8593750000000000E+00     8.1068014654904375E-02
 9.8906250000000000E+00     7.0800436115485352E-02
 9.9218750000000000E+00     6.0570325574511238E-02
 9.9531250000000000E+00     5.0378325808726247E-02
 9.9843750000000000E+00     4.0225079594874501E-02
 1.0015625000000000E+01     3.0111229709700316E-02
 1.0046875000000000E+01     2.0037418929947926E-02
 1.0078125000000000E+01     1.0004290032361404E-02
 1.0109375000000000E+01     1.2485793685013558E-05
 1.0140625000000000E+01    -9.9373510093370490E-03
 1.0171875000000000E+01    -1.9844577599960504E-02
 1.0203125000000000E+01    -2.9708551201441152E-02
 1.0234375000000000E+01    -3.9528629037034954E-02
 1.0265625000000000E+01    -4.9304168329997539E-02
 1.0296875000000000E+01    -5.9034526303584717E-02
 1.0328125000000000E+01    -6.8719060181052338E-02
 1.0359375000000000E+01    -7.8357127185656142E-02
 1.0390625000000000E+01    -8.7948084540651922E-02
 1.0421875000000000E+01    -9.7491289469295583E-02
 1.0453125000000000E+01    -1.0698609919484277E-01
 1.0484375000000000E+01    -1.1643187094054938E-01
 1.0515625000000000E+01    -1.2582796192967111E-01
 1.0546875000000000E+01    -1.3517372938546385E-01
 1.0578125000000000E+01    -1.4446853053118328E-01
 1.0609375000000000E+01    -1.5371172259008531E-01
 1.0640625000000000E+01    -1.6290266278542564E-01
 1.0671875000000000E+01    -1.7204070834046023E-01
 1.0703125000000000E+01    -1.8112521647844471E-01
 1.0734375000000000E+01    -1.9015554442263480E-01
 1.0765625000000000E+01    -1.9913104939628651E-01
 1.0796875000000000E+01    -2.0805108862265548E-01
 1.0828125000000000E+01    -2.1691501932499765E-01
 1.0859375000000000E+01    -2.2572219872656865E-01
 1.0890625000000000E+01    -2.3447198405062442E-01
 1.0921875000000000E+01    -2.4316373252042067E-01
 1.0953125000000000E+01    -2.5179680135921301E-01
 1.0984375000000000E+01    -2.6037054779025753E-01
 1.1015625000000000E+01    -2.6888432903681003E-01
 1.1046875000000000E+01    -2.7733750232212606E-01
 1.1078125000000000E+01    -2.8572942486946162E-01
 1.1109375000000000E+01    -2.9405945390207239E-01
 1.1140625000000000E+01    -3.0232694664321419E-01
 1.1171875000000000E+01    -3.1053126031614287E-01
 1.1203125000000000E+01    -3.1867175214411414E-01
 1.1234375000000000E+01    -3.2674777935038385E-01
 1.1265625000000000E+01    -3.3475869915820772E-01
 1.1296875000000000E+01    -3.4270386879084153E-01
 1.1328125000000000E+01    -3.5058264547154139E-01
 1.1359375000000000E+01    -3.5839438642356253E-01
 1.1390625000000000E+01    -3.6613848415249850E-01
 1.1421875000000000E+01    -3.7381454456061092E-01
 1.1453125000000000E+01    -3.8142225336879859E-01
 1.1484375000000000E+01    -3.8896129643684618E-01
 1.1515625000000000E+01    -3.9643135962453913E-01
 1.1546875000000000E+01    -4.0383212879166186E-01
 1.1578125000000000E+01    -4.1116328979799949E-01
 1.1609375000000000E+01    -4.1842452850333695E-01
 1.1640625000000000E+01    -4.2561553076745923E-01
 1.1671875000000000E+01    -4.3273598245015138E-01
 1.1703125000000000E+01    -4.3978556941119806E-01
 1.1734375000000000E+01    -4.4676397751038471E-01
 1.1765625000000000E+01    -4.5367089260749571E-01
 1.1796875000000000E+01    -4.6050600056231639E-01
 1.1828125000000000E+01    -4.6726898723463151E-01
 1.1859375000000000E+01    -4.7395953848422601E-01
 1.1890625000000000E+01    -4.8057734017088477E-01
 1.1921875000000000E+01    -4.8712207815439323E-01
 1.1953125000000000E+01    -4.9359343829453572E-01
 1.1984375000000000E+01    -4.9999110645109751E-01
 1.2015625000000000E+01    -5.0631476848386336E-01
 1.2046875000000000E+01    -5.1256411025261850E-01
 1.2078125000000000E+01    -5.1873881761714769E-01
 1.2109375000000000E+01    -5.2483857643723586E-01
 1.2140625000000000E+01    -5.3086307257266818E-01
 1.2171875000000000E+01    -5.3681199188322926E-01
 1.2203125000000000E+01    -5.4268502022870413E-01
 1.2234375000000000E+01    -5.4848184346887807E-01
 1.2265625000000000E+01    -5.5420214746353569E-01
 1.2296875000000000E+01    -5.5984561807246203E-01
 1.2328125000000000E+01    -5.6541194115544191E-01
 1.2359375000000000E+01    -5.7090080257226039E-01
 1.2390625000000000E+01    -5.7631188818270263E-01
 1.2421875000000000E+01    -5.8164488384655311E-01
 1.2453125000000000E+01    -5.8689947542359722E-01
 1.2484375000000000E+01    -5.9207534877361967E-01
 1.2515625000000000E+01    -5.9717218975640518E-01
 1.2546875000000000E+01    -6.0218968423173935E-01
 1.2578125000000000E+01    -6.0712751805940679E-01
 1.2609375000000000E+01    -6.1198537709919243E-01
 1.2640625000000000E+01    -6.1676294721088121E-01
 1.2671875000000000E+01    -6.2145991425425773E-01
 1.2703125000000000E+01    -6.2607596408910760E-01
 1.2734375000000000E+01    -6.3061078257521530E-01
 1.2765625000000000E+01    -6.3506405557236656E-01
 1.2796875000000000E+01    -6.3943546894034453E-01
 1.2828125000000000E+01    -6.4372470853893593E-01
 1.2859375000000000E+01    -6.4793146022792525E-01
 1.2890625000000000E+01    -6.5205540986709720E-01
 1.2921875000000000E+01    -6.5609624331623684E-01
 1.2953125000000000E+01    -6.6005364643512887E-01
 1.2984375000000000E+01    -6.6392730508355868E-01
 1.3015625000000000E+01    -6.6771690512131099E-01
 1.3046875000000000E+01    -6.7142213240817095E-01
 1.3078125000000000E+01    -6.7504267280392305E-01
 1.3109375000000000E+01    -6.7857821216835246E-01
 1.3140625000000000E+01    -6.8202843636124399E-01
 1.3171875000000000E+01    -6.8539303124238327E-01
 1.3203125000000000E+01    -6.8867168267155443E-01
 1.3234375000000000E+01    -6.9186407650854287E-01
 1.3265625000000000E+01    -6.9496989861313319E-01
 1.3296875000000000E+01    -6.9798883484511076E-01
 1.3328125000000000E+01    -7.0092057106426031E-01
 1.3359375000000000E+01    -7.0376479313036688E-01
 1.3390625000000000E+01    -7.0652118690321497E-01
 1.3421875000000000E+01    -7.0918943824259029E-01
 1.3453125000000000E+01    -7.1176923300827721E-01
 1.3484375000000000E+01    -7.1426025706006091E-01
 1.3515625000000000E+01    -7.1666219625772620E-01
 1.3546875000000000E+01    -7.1897473646105814E-01
 1.3578125000000000E+01    -7.2119756352984177E-01
 1.3609375000000000E+01    -7.2333036332386191E-01
 1.3640625000000000E+01    -7.2537282143181037E-01
 1.3671875000000000E+01    -7.2732446764442926E-01
 1.3703125000000000E+01    -7.2918441522361821E-01
 1.3734375000000000E+01    -7.3095170856370384E-01
 1.3765625000000000E+01    -7.3262539205901245E-01
 1.3796875000000000E+01    -7.3420451010387056E-01
 1.3828125000000000E+01    -7.3568810709260479E-01
 1.3859375000000000E+01    -7.3707522741954157E-01
 1.3890625000000000E+01    -7.3836491547900696E-01
 1.3921875000000000E+01    -7.3955621566532748E-01
 1.3953125000000000E+01    -7.4064817237282965E-01
 1.3984375000000000E+01    -7.4163982999583977E-01
 1.4015625000000000E+01    -7.4253023292868436E-01
 1.4046875000000000E+01    -7.4331842556568994E-01
 1.4078125000000000E+01    -7.4400345230118281E-01
 1.4109375000000000E+01    -7.4458435752948937E-01
 1.4140625000000000E+01    -7.4506018564493592E-01
 1.4171875000000000E+01    -7.4542998104184899E-01
 1.4203125000000000E+01    -7.4569278811455519E-01
 1.4234375000000000E+01    -7.4584765125738040E-01
 1.4265625000000000E+01    -7.4589361486465178E-01
 1.4296875000000000E+01    -7.4582972333069486E-01
 1.4328125000000000E+01    -7.4565502104983683E-01
 1.4359375000000000E+01    -7.4536855241640376E-01
 1.4390625000000000E+01    -7.4496936182472218E-01
 1.4421875000000000E+01    -7.4445649366911848E-01
 1.4453125000000000E+01    -7.4382899234391875E-01
 1.4484375000000000E+01    -7.4308590224344961E-01
 1.4515625000000000E+01    -7.4222626776203759E-01
 1.4546875000000000E+01    -7.4124913329400943E-01
 1.4578125000000000E+01    -7.4015354323369120E-01
 1.4609375000000000E+01    -7.3893854197540887E-01
 1.4640625000000000E+01    -7.3760317391348940E-01
 1.4671875000000000E+01    -7.3614648344225908E-01
 1.4703125000000000E+01    -7.3456751495604466E-01
 1.4734375000000000E+01    -7.3286531284917156E-01
 1.4765625000000000E+01    -7.3103892151596728E-01
 1.4796875000000000E+01    -7.2908738535075768E-01
 1.4828125000000000E+01    -7.2700974874786928E-01
 1.4859375000000000E+01    -7.2480505610162849E-01
 1.4890625000000000E+01    -7.2247235180636182E-01
 1.4921875000000000E+01    -7.2001068025639581E-01
 1.4953125000000000E+01    -7.1741908584605651E-01
 1.4984375000000000E+01    -7.1469661296967035E-01
 1.5015625000000000E+01    -7.1184230602156395E-01
 1.5046875000000000E+01    -7.0885520939606383E-01
 1.5078125000000000E+01    -7.0573436748749607E-01
 1.5109375000000000E+01    -7.0247882469018719E-01
 1.5140625000000000E+01    -6.9908762539846370E-01
 1.5171875000000000E+01    -6.9555981400665201E-01
 1.5203125000000000E+01    -6.9189443490907876E-01
 1.5234375000000000E+01    -6.8809053250006991E-01
 1.5265625000000000E+01    -6.8414715117395208E-01
 1.5296875000000000E+01    -6.8006333532505148E-01
 1.5328125000000000E+01    -6.7583812934769527E-01
 1.5359375000000000E+01    -6.7147057763620877E-01
 1.5390625000000000E+01    -6.6695972458491914E-01
 1.5421875000000000E+01    -6.6230461458815260E-01
 1.5453125000000000E+01    -6.5750429204023564E-01
 1.5484375000000000E+01    -6.5255780133549413E-01
 1.5515625000000000E+01    -6.4746418686825569E-01
 1.5546875000000000E+01    -6.4222249303284529E-01
 1.5578125000000000E+01    -6.3683176422359056E-01
 1.5609375000000000E+01    -6.3129104483481746E-01
 1.5640625000000000E+01    -6.2559937926085207E-01
 1.5671875000000000E+01    -6.1975581189602114E-01
 1.5703125000000000E+01    -6.1375938713465095E-01
 1.5734375000000000E+01    -6.0760914937106814E-01
 1.5765625000000000E+01    -6.0130414299959900E-01
 1.5796875000000000E+01    -5.9484341241456973E-01
 1.5828125000000000E+01    -5.8822600201030695E-01
 1.5859375000000000E+01    -5.8145095618113718E-01
 1.5890625000000000E+01    -5.7451731932138672E-01
 1.5921875000000000E+01    -5.6742421776496854E-01
 1.5953125000000000E+01    -5.6017379859530214E-01
 1.5984375000000000E+01    -5.5277204027398130E-01
 1.6015625000000000E+01    -5.4522516820535971E-01
 1.6046875000000000E+01    -5.3753940779379039E-01
 1.6078125000000000E+01    -5.2972098444362681E-01
 1.6109375000000000E+01    -5.2177612355922209E-01
 1.6140625000000000E+01    -5.1371105054493005E-01
 1.6171875000000000E+01    -5.0553199080510369E-01
 1.6203125000000000E+01    -4.9724516974409649E-01
 1.6234375000000000E+01    -4.8885681276626181E-01
 1.6265625000000000E+01    -4.8037314527595310E-01
 1.6296875000000000E+01    -4.7180039267752349E-01
 1.6328125000000000E+01    -4.6314478037532669E-01
 1.6359375000000000E+01    -4.5441253377371571E-01
 1.6390625000000000E+01    -4.4560987827704412E-01
 1.6421875000000000E+01    -4.3674303928966529E-01
 1.6453125000000000E+01    -4.2781824221593256E-01
 1.6484375000000000E+01    -4.1884171246019897E-01
 1.6515625000000000E+01    -4.0981967542681863E-01
 1.6546875000000000E+01    -4.0075835652014430E-01
 1.6578125000000000E+01    -3.9166398114452922E-01
 1.6609375000000000E+01    -3.8254277470432740E-01
 1.6640625000000000E+01    -3.7340096260389161E-01
 1.6671875000000000E+01    -3.6424477024757551E-01
 1.6703125000000000E+01    -3.5508042303973258E-01
 1.6734375000000000E+01    -3.4591414638471585E-01
 1.6765625000000000E+01    -3.3675216568687882E-01
 1.6796875000000000E+01    -3.2760070635057492E-01
 1.6828125000000000E+01    -3.1846599378015750E-01
 1.6859375000000000E+01    -3.0935425337997985E-01
 1.6890625000000000E+01    -3.0027171055439533E-01
 1.6921875000000000E+01    -2.9122459070775741E-01
 1.6953125000000000E+01    -2.8221911924441945E-01
 1.6984375000000000E+01    -2.7326152156873462E-01
 1.7015625000000000E+01    -2.6435802308505651E-01
 1.7046875000000000E+01    -2.5551484919773837E-01
 1.7078125000000000E+01    -2.4673822531113368E-01
 1.7109375000000000E+01    -2.3803437682959566E-01
 1.7140625000000000E+01    -2.2940952915747770E-01
 1.7171875000000000E+01    -2.2086990769913323E-01
 1.7203125000000000E+01    -2.1242173785891555E-01
 1.7234375000000000E+01    -2.0407124504117805E-01
 1.7265625000000000E+01    -1.9582465465027413E-01
 1.7296875000000000E+01    -1.8768819209055718E-01
 1.7328125000000000E+01    -1.7966808276638041E-01
 1.7359375000000000E+01    -1.7177055208209729E-01
 1.7390625000000000E+01    -1.6400182544206129E-01
 1.7421875000000000E+01    -1.5636812825062546E-01
 1.7453125000000000E+01    -1.4887568591214353E-01
 1.7484375000000000E+01    -1.4153072383096871E-01
 1.7515625000000000E+01    -1.3433946741145431E-01
 1.7546875000000000E+01    -1.2730814205795371E-01
 1.7578125000000000E+01    -1.2044297317482036E-01
 1.7609375000000000E+01    -1.1375018616640753E-01
 1.7640625000000000E+01    -1.0723600643706852E-01
 1.7671875000000000E+01    -1.0090665939115695E-01
 1.7703125000000000E+01    -9.4768370433025967E-02
 1.7734375000000000E+01    -8.8827364967029074E-02
 1.7765625000000000E+01    -8.3089868397519417E-02
 1.7796875000000000E+01    -7.7562106128850630E-02
 1.7828125000000000E+01    -7.2250303565375970E-02
 1.7859375000000000E+01    -6.7160686111448667E-02
 1.7890625000000000E+01    -6.2299479171422326E-02
 1.7921875000000000E+01    -5.7672908149650086E-02
 1.7953125000000000E+01    -5.3287198450485400E-02
 1.7984375000000000E+01    -4.9148575478281720E-02
 1.8015625000000000E+01    -4.5263264637392282E-02
 1.8046875000000000E+01    -4.1637491332170505E-02
 1.8078125000000000E+01    -3.8277480966969764E-02
 1.8109375000000000E+01    -3.5189458946143490E-02
 1.8140625000000000E+01    -3.2379650674044885E-02
 1.8171875000000000E+01    -2.9854281555027434E-02
 1.8203125000000000E+01    -2.7618877380546095E-02
 1.8234375000000000E+01    -2.5671262395978896E-02
 1.8265625000000000E+01    -2.4004489590383496E-02
 1.8296875000000000E+01    -2.2611540851418099E-02
 1.8328125000000000E+01    -2.1485398066740768E-02
 1.8359375000000000E+01    -2.0619043124009535E-02
 1.8390625000000000E+01    -2.0005457910882551E-02
 1.8421875000000000E+01    -1.9637624315017851E-02
 1.8453125000000000E+01    -1.9508524224073596E-02
 1.8484375000000000E+01    -1.9611139525707741E-02
 1.8515625000000000E+01    -1.9938452107578532E-02
 1.8546875000000000E+01    -2.0483443857343943E-02
 1.8578125000000000E+01    -2.1239096662662073E-02
 1.8609375000000000E+01    -2.2198392411191009E-02
 1.8640625000000000E+01    -2.3354312990588884E-02
 1.8671875000000000E+01    -2.4699840288513734E-02
 1.8703125000000000E+01    -2.6227956192623705E-02
 1.8734375000000000E+01    -2.7931642590576795E-02
 1.8765625000000000E+01    -2.9803881370031152E-02
 1.8796875000000000E+01    -3.1837654418644834E-02
 1.8828125000000000E+01    -3.4025943624075961E-02
 1.8859375000000000E+01    -3.6361730873982576E-02
 1.8890625000000000E+01    -3.8837998056022754E-02
 1.8921875000000000E+01    -4.1447727057854662E-02
 1.8953125000000000E+01    -4.4183899767136325E-02
 1.8984375000000000E+01    -4.7039498071525847E-02
 1.9015625000000000E+01    -5.0007503858681239E-02
 1.9046875000000000E+01    -5.3080899016260757E-02
 1.9078125000000000E+01    -5.6252665431922318E-02
 1.9109375000000000E+01    -5.9515784993324106E-02
 1.9140625000000000E+01    -6.2863239588124106E-02
 1.9171875000000000E+01    -6.6288011103980568E-02
 1.9203125000000000E+01    -6.9783081428551427E-02
 1.9234375000000000E+01    -7.3341432449494801E-02
 1.9265625000000000E+01    -7.6956046054468805E-02
 1.9296875000000000E+01    -8.0619904131131570E-02
 1.9328125000000000E+01    -8.4325988567141089E-02
 1.9359375000000000E+01    -8.8067281250155519E-02
 1.9390625000000000E+01    -9.1836764067832824E-02
 1.9421875000000000E+01    -9.5627418907831260E-02
 1.9453125000000000E+01    -9.9432227657808819E-02
 1.9484375000000000E+01    -1.0324417220542360E-01
 1.9515625000000000E+01    -1.0705623443833368E-01
 1.9546875000000000E+01    -1.1086139624419719E-01
 1.9578125000000000E+01    -1.1465263951067213E-01
 1.9609375000000000E+01    -1.1842294612541665E-01
 1.9640625000000000E+01    -1.2216529797608880E-01
 1.9671875000000000E+01    -1.2587267695034676E-01
 1.9703125000000000E+01    -1.2953806493584855E-01
 1.9734375000000000E+01    -1.3315444382025216E-01
 1.9765625000000000E+01    -1.3671479549121579E-01
 1.9796875000000000E+01    -1.4021210183639748E-01
 1.9828125000000000E+01    -1.4363934474345535E-01
 1.9859375000000000E+01    -1.4698950610004755E-01
 1.9890625000000000E+01    -1.5025556779383201E-01
 1.9921875000000000E+01    -1.5343051171246685E-01
 1.9953125000000000E+01    -1.5650731974361032E-01
 1.9984375000000000E+01    -1.5947897377492029E-01
 2.0015625000000000E+01    -1.6233845569405492E-01
 2.0046875000000000E+01    -1.6507874738867245E-01
 2.0078125000000000E+01    -1.6769283074643065E-01
 2.0109375000000000E+01    -1.7017368765498794E-01
 2.0140625000000000E+01    -1.7251430000200219E-01
 2.0171875000000000E+01    -1.7470764967513164E-01
 2.0203125000000000E+01    -1.7674671856203417E-01
 2.0234375000000000E+01    -1.7862448855036800E-01
 2.0265625000000000E+01    -1.8033394152779131E-01
 2.0296875000000000E+01    -1.8186805938196196E-01
 2.0328125000000000E+01    -1.8321982400053813E-01
 2.0359375000000000E+01    -1.8438221727117787E-01
 2.0390625000000000E+01    -1.8534822108153942E-01
 2.0421875000000000E+01    -1.8611081731928075E-01
 2.0453125000000000E+01    -1.8666298787206007E-01
 2.0484375000000000E+01    -1.8699931237139822E-01
 2.0515625000000000E+01    -1.8712169633129760E-01
 2.0546875000000000E+01    -1.8703414367398935E-01
 2.0578125000000000E+01    -1.8674065849422794E-01
 2.0609375000000000E+01    -1.8624524488676858E-01
 2.0640625000000000E+01    -1.8555190694636581E-01
 2.0671875000000000E+01    -1.8466464876777469E-01
 2.0703125000000000E+01    -1.8358747444575005E-01
 2.0734375000000000E+01    -1.8232438807504669E-01
 2.0765625000000000E+01    -1.8087939375041950E-01
 2.0796875000000000E+01    -1.7925649556662315E-01
 2.0828125000000000E+01    -1.7745969761841279E-01
 2.0859375000000000E+01    -1.7549300400054307E-01
 2.0890625000000000E+01    -1.7336041880776881E-01
 2.0921875000000000E+01    -1.7106594613484505E-01
 2.0953125000000000E+01    -1.6861359007652654E-01
 2.0984375000000000E+01    -1.6600735472756808E-01
 2.1015625000000000E+01    -1.6325124418272463E-01
 2.1046875000000000E+01    -1.6034926253675080E-01
 2.1078125000000000E+01    -1.5730541388440183E-01
 2.1109375000000000E+01    -1.5412370232043238E-01
 2.1140625000000000E+01    -1.5080813193959722E-01
 2.1171875000000000E+01    -1.4736270683665126E-01
 2.1203125000000000E+01    -1.4379143110634932E-01
 2.1234375000000000E+01    -1.4009830884344637E-01
 2.1265625000000000E+01    -1.3628734414269708E-01
 2.1296875000000000E+01    -1.3236254109885651E-01
 2.1328125000000000E+01    -1.2832790380667941E-01
 2.1359375000000000E+01    -1.2418743636092067E-01
 2.1390625000000000E+01    -1.1994514285633504E-01
 2.1421875000000000E+01    -1.1560502738767736E-01
 2.1453125000000000E+01    -1.1117109404970266E-01
 2.1484375000000000E+01    -1.0664734693716560E-01
 2.1515625000000000E+01    -1.0203779014482110E-01
 2.1546875000000000E+01    -9.7346427767424151E-02
 2.1578125000000000E+01    -9.2577263899729409E-02
 2.1609375000000000E+01    -8.7734302636491873E-02
 2.1640625000000000E+01    -8.2821548072466125E-02
 2.1671875000000000E+01    -7.7843004302407356E-02
 2.1703125000000000E+01    -7.2802675421070190E-02
 2.1734375000000000E+01    -6.7704565523209664E-02
 2.1765625000000000E+01    -6.2552678703580458E-02
 2.1796875000000000E+01    -5.7351019056937506E-02
 2.1828125000000000E+01    -5.2103590678035688E-02
 2.1859375000000000E+01    -4.6814397661629724E-02
 2.1890625000000000E+01    -4.1487444102474687E-02
 2.1921875000000000E+01    -3.6126734095325186E-02
 2.1953125000000000E+01    -3.0736271734936163E-02
 2.1984375000000000E+01    -2.5320061116062605E-02
 2.2015625000000000E+01    -1.9882106333459187E-02
 2.2046875000000000E+01    -1.4426411481880813E-02
 2.2078125000000000E+01    -8.9569806560823584E-03
 2.2109375000000000E+01    -3.4778179508186402E-03
 2.2140625000000000E+01     2.0070725391554967E-03
 2.2171875000000000E+01     7.4936867190851519E-03
 2.2203125000000000E+01     1.2978020494215509E-02
 2.2234375000000000E+01     1.8456069769791639E-02
 2.2265625000000000E+01     2.3923830451058860E-02
 2.2296875000000000E+01     2.9377298443262159E-02
 2.2328125000000000E+01     3.4812469651646666E-02
 2.2359375000000000E+01     4.0225339981457803E-02
 2.2390625000000000E+01     4.5611905337940392E-02
 2.2421875000000000E+01     5.0968161626339714E-02
 2.2453125000000000E+01     5.6290104751900910E-02
 2.2484375000000000E+01     6.1573730619869177E-02
 2.2515625000000000E+01     6.6815035135489614E-02
 2.2546875000000000E+01     7.2010014204007378E-02
 2.2578125000000000E+01     7.7154663730667511E-02
 2.2609375000000000E+01     8.2244979620715419E-02
 2.2640625000000000E+01     8.7276957779395967E-02
 2.2671875000000000E+01     9.2246594111954544E-02
 2.2703125000000000E+01     9.7149884523636154E-02
 2.2734375000000000E+01     1.0198282491968591E-01
 2.2765625000000000E+01     1.0674141120534911E-01
 2.2796875000000000E+01     1.1142163928587077E-01
 2.2828125000000000E+01     1.1601950506649608E-01
 2.2859375000000000E+01     1.2053100445247028E-01
 2.2890625000000000E+01     1.2495213334903829E-01
 2.2921875000000000E+01     1.2927888766144557E-01
 2.2953125000000000E+01     1.3350726329493712E-01
 2.2984375000000000E+01     1.3763325615475785E-01
 2.3015625000000000E+01     1.4165286214615341E-01
 2.3046875000000000E+01     1.4556207717436848E-01
 2.3078125000000000E+01     1.4935689714464850E-01
 2.3109375000000000E+01     1.5303331796223843E-01
 2.3140625000000000E+01     1.5658733553238358E-01
 2.3171875000000000E+01     1.6001494576032896E-01
 2.3203125000000000E+01     1.6331214455131987E-01
 2.3234375000000000E+01     1.6647492781060122E-01
 2.3265625000000000E+01     1.6949929144341846E-01
 2.3296875000000000E+01     1.7238123135501662E-01
 2.3328125000000000E+01     1.7511674345064068E-01
 2.3359375000000000E+01     1.7770182363553599E-01
 2.3390625000000000E+01     1.8013246781494760E-01
 2.3421875000000000E+01     1.8240467189412066E-01
 2.3453125000000000E+01     1.8451443177830046E-01
 2.3484375000000000E+01     1.8645774337273202E-01
 2.3515625000000000E+01     1.8823060258266044E-01
 2.3546875000000000E+01     1.8982900531333088E-01
 2.3578125000000000E+01     1.9124894746998866E-01
 2.3609375000000000E+01     1.9248642495787877E-01
 2.3640625000000000E+01     1.9353743368224646E-01
 2.3671875000000000E+01     1.9439796954833677E-01
 2.3703125000000000E+01     1.9506402846139492E-01
 2.3734375000000000E+01     1.9553160632666600E-01
 2.3765625000000000E+01     1.9579669904939523E-01
 2.3796875000000000E+01     1.9585530253482775E-01
 2.3828125000000000E+01     1.9570341268820868E-01
 2.3859375000000000E+01     1.9533702541478309E-01
 2.3890625000000000E+01     1.9475213661979623E-01
 2.3921875000000000E+01     1.9394474220849334E-01
 2.3953125000000000E+01     1.9291083808611934E-01
 2.3984375000000000E+01     1.9164642015791949E-01
 2.4015625000000000E+01     1.9014748432913897E-01
 2.4046875000000000E+01     1.8841002650502295E-01
 2.4078125000000000E+01     1.8643004259081652E-01
 2.4109375000000000E+01     1.8420352849176480E-01
 2.4140625000000000E+01     1.8172648011311299E-01
 2.4171875000000000E+01     1.7899489336010616E-01
 2.4203125000000000E+01     1.7600476413798963E-01
 2.4234375000000000E+01     1.7275208835200839E-01
 2.4265625000000000E+01     1.6923286190740772E-01
 2.4296875000000000E+01     1.6544308070943256E-01
 2.4328125000000000E+01     1.6137874066332819E-01
 2.4359375000000000E+01     1.5703583767433993E-01
 2.4390625000000000E+01     1.5241036764771265E-01
 2.4421875000000000E+01     1.4749832648869154E-01
 2.4453125000000000E+01     1.4229571010252190E-01
 2.4484375000000000E+01     1.3679851439444873E-01
 2.4515625000000000E+01     1.3100273526971734E-01
 2.4546875000000000E+01     1.2490436863357270E-01
 2.4578125000000000E+01     1.1849941039126005E-01
 2.4609375000000000E+01     1.1178385644802452E-01
 2.4640625000000000E+01     1.0475370270911126E-01
 2.4671875000000000E+01     9.7404945079765423E-02
 2.4703125000000000E+01     8.9733579465232180E-02
 2.4734375000000000E+01     8.1735601770756644E-02
 2.4765625000000000E+01     7.3407007901583957E-02
 2.4796875000000000E+01     6.4743793762959329E-02
 2.4828125000000000E+01     5.5741955260127825E-02
 2.4859375000000000E+01     4.6397488298334635E-02
 2.4890625000000000E+01     3.6706388782824922E-02
 2.4921875000000000E+01     2.6664652618843817E-02
 2.4953125000000000E+01     1.6268275711636464E-02
 2.4984375000000000E+01     5.5132539664480232E-03
