#                  time                       real
 1.5625000000000000E-02    -1.1296644134922551E-04
 4.6875000000000000E-02    -4.6325068402005469E-05
 7.8125000000000000E-02     4.1221480713470092E-04
 1.0937500000000000E-01     1.2727643699345960E-03
 1.4062500000000000E-01     2.5530341116511454E-03
 1.7187500000000000E-01     4.2762416068544331E-03
 2.0312500000000000E-01     6.4686351849912570E-03
 2.3437500000000000E-01     9.1567485200742555E-03
 2.6562500000000000E-01     1.2364512004636631E-02
 2.9687500000000000E-01     1.6110353460285692E-02
 3.2812500000000000E-01     2.0404423069385447E-02
 3.5937500000000000E-01     2.5246075222470923E-02
 3.9062500000000000E-01     3.0621733110103320E-02
 4.2187500000000000E-01     3.6503250217839546E-02
 4.5312500000000000E-01     4.2846866343879027E-02
 4.8437500000000000E-01     4.9592834410357056E-02
 5.1562500000000000E-01     5.6665768443882707E-02
 5.4687500000000000E-01     6.3975733206882671E-02
 5.7812500000000000E-01     7.1420062971484261E-02
 6.0937500000000000E-01     7.8885862138217216E-02
 6.4062500000000000E-01     8.6253105491963092E-02
 6.7187500000000000E-01     9.3398222850601981E-02
 7.0312500000000000E-01     1.0019802387245690E-01
 7.3437500000000000E-01     1.0653379601582298E-01
 7.6562500000000000E-01     1.1229539402724142E-01
 7.9687500000000000E-01     1.1738513435446674E-01
 8.2812500000000000E-01     1.2172131335219227E-01
 8.5937500000000000E-01     1.2524118408689472E-01
 8.9062500000000000E-01     1.2790325211053466E-01
 9.2187500000000000E-01     1.2968878411923029E-01
 9.5312500000000000E-01     1.3060246265430425E-01
 9.8437500000000000E-01     1.3067216224121042E-01
 1.0156250000000000E+00     1.3003420309657657E-01
 1.0468750000000000E+00     1.2924557193762823E-01
 1.0781250000000000E+00     1.2839165131441693E-01
 1.1093750000000000E+00     1.2746836304174367E-01
 1.1406250000000000E+00     1.2647168978721443E-01
 1.1718750000000000E+00     1.2539768727470940E-01
 1.2031250000000000E+00     1.2424249609138925E-01
 1.2343750000000000E+00     1.2300235307126441E-01
 1.2656250000000000E+00     1.2167360222787056E-01
 1.2968750000000000E+00     1.2025270520808530E-01
 1.3281250000000000E+00     1.1873625123858120E-01
 1.3593750000000000E+00     1.1712096653587588E-01
 1.3906250000000000E+00     1.1540372315040762E-01
 1.4218750000000000E+00     1.1358154721459357E-01
 1.4531250000000000E+00     1.1165162656442848E-01
 1.4843750000000000E+00     1.0961131770384028E-01
 1.5156250000000000E+00     1.0745815208087231E-01
 1.5468750000000000E+00     1.0518984164470066E-01
 1.5781250000000000E+00     1.0280428365268632E-01
 1.6093750000000000E+00     1.0029956469702750E-01
 1.6406250000000000E+00     9.7673963921236492E-02
 1.6718750000000000E+00     9.4925955397594436E-02
 1.7031250000000000E+00     9.2054209637977738E-02
 1.7343750000000000E+00     8.9057594212090280E-02
 1.7656250000000000E+00     8.5935173449094543E-02
 1.7968750000000000E+00     8.2686207201075279E-02
 1.8281250000000000E+00     7.9310148649599371E-02
 1.8593750000000000E+00     7.5806641139962258E-02
 1.8906250000000000E+00     7.2175514031525514E-02
 1.9218750000000000E+00     6.8416777556863720E-02
 1.9531250000000000E+00     6.4530616687281661E-02
 1.9843750000000000E+00     6.0517384007664946E-02
 2.0156250000000000E+00     5.6377591609537508E-02
 2.0468750000000000E+00     5.2111902017711043E-02
 2.0781250000000000E+00     4.7721118172937317E-02
 2.1093750000000000E+00     4.3206172500556562E-02
 2.1406250000000000E+00     3.8568115103289093E-02
 2.1718750000000000E+00     3.3808101124918694E-02
 2.2031250000000000E+00     2.8927377340802866E-02
 2.2343750000000000E+00     2.3927268040720283E-02
 2.2656250000000000E+00     1.8809160279636510E-02
 2.2968750000000000E+00     1.3574488582372191E-02
 2.3281250000000000E+00     8.2247191989465018E-03
 2.3593750000000000E+00     2.7613340183783026E-03
 2.3906250000000000E+00    -2.8141857400104872E-03
 2.4218750000000000E+00    -8.5003759274186012E-03
 2.4531250000000000E+00    -1.4295805816732753E-02
 2.4843750000000000E+00    -2.0199094250991898E-02
 2.5156250000000000E+00    -2.6208925424962497E-02
 2.5468750000000000E+00    -3.2324064124900874E-02
 2.5781250000000000E+00    -3.8543370241265522E-02
 2.6093750000000000E+00    -4.4865812359505861E-02
 2.6406250000000000E+00    -5.1290480225225400E-02
 2.6718750000000000E+00    -5.7816595872223993E-02
 2.7031250000000000E+00    -6.4443523195362590E-02
 2.7343750000000000E+00    -7.1170775745120624E-02
 2.7656250000000000E+00    -7.7998022517393642E-02
 2.7968750000000000E+00    -8.4925091510749742E-02
 2.8281250000000000E+00    -9.1951970824393131E-02
 2.8593750000000000E+00    -9.9078807073714914E-02
 2.8906250000000000E+00    -1.0630590090695902E-01
 2.9218750000000000E+00    -1.1363369941648221E-01
 2.9531250000000000E+00    -1.2106278525176298E-01
 2.9843750000000000E+00    -1.2859386225905417E-01
 3.0156250000000000E+00    -1.3622773749477596E-01
 3.0468750000000000E+00    -1.4396529948678227E-01
 3.0781250000000000E+00    -1.5180749264985641E-01
 3.1093750000000000E+00    -1.5975528779954920E-01
 3.1406250000000000E+00    -1.6780964875205542E-01
 3.1718750000000000E+00    -1.7597149504747267E-01
 3.2031250000000000E+00    -1.8424166088968646E-01
 3.2343750000000000E+00    -1.9262085045834482E-01
 3.2656250000000000E+00    -2.0110958981685409E-01
 3.2968750000000000E+00    -2.0970817571496159E-01
 3.3281250000000000E+00    -2.1841662166476677E-01
 3.3593750000000000E+00    -2.2723460175460705E-01
 3.3906250000000000E+00    -2.3616139275509926E-01
 3.4218750000000000E+00    -2.4519581516501959E-01
 3.4531250000000000E+00    -2.5433617393994845E-01
 3.4843750000000000E+00    -2.6358019974240476E-01
 3.5156250000000000E+00    -2.7292499164629608E-01
 3.5468750000000000E+00    -2.8236696231884034E-01
 3.5781250000000000E+00    -2.9190178678681150E-01
 3.6093750000000000E+00    -3.0152435596825500E-01
 3.6406250000000000E+00    -3.1122873621229424E-01
 3.6718750000000000E+00    -3.2100813613488871E-01
 3.7031250000000000E+00    -3.3085488206367752E-01
 3.7343750000000000E+00    -3.4076040340670455E-01
 3.7656250000000000E+00    -3.5071522923402687E-01
 3.7968750000000000E+00    -3.6070899730460698E-01
 3.8281250000000000E+00    -3.7073047668026493E-01
 3.8593750000000000E+00    -3.8076760494138623E-01
 3.8906250000000000E+00    -3.9080754085353570E-01
 3.9218750000000000E+00    -4.0083673312964979E-01
 3.9531250000000000E+00    -4.1084100568914883E-01
 3.9843750000000000E+00    -4.2080565953517296E-01
 4.0156250000000000E+00    -4.3071559105742374E-01
 4.0468750000000000E+00    -4.4055542622587363E-01
 4.0781250000000000E+00    -4.5030966977657289E-01
 4.1093750000000000E+00    -4.5996286811359499E-01
 4.1406250000000000E+00    -4.6949978427052225E-01
 4.1718750000000000E+00    -4.7890558290251944E-01
 4.2031250000000000E+00    -4.8816602292829586E-01
 4.2343750000000000E+00    -4.9726765512309323E-01
 4.2656250000000000E+00    -5.0619802169265538E-01
 4.2968750000000000E+00    -5.1494585464655174E-01
 4.3281250000000000E+00    -5.2350126964867005E-01
 4.3593750000000000E+00    -5.3185595196362667E-01
 4.3906250000000000E+00    -5.4000333114688193E-01
 4.4218750000000000E+00    -5.4793874124917896E-01
 4.4531250000000000E+00    -5.5565956352309076E-01
 4.4843750000000000E+00    -5.6316534892899606E-01
 4.5156250000000000E+00    -5.7045791813413027E-01
 4.5468750000000000E+00    -5.7754143688551118E-01
 4.5781250000000000E+00    -5.8441899083368543E-01
 4.6093750000000000E+00    -5.9108395048542028E-01
 4.6406250000000000E+00    -5.9752945187382200E-01
 4.6718750000000000E+00    -6.0375100804639426E-01
 4.7031250000000000E+00    -6.0974644996456473E-01
 4.7343750000000000E+00    -6.1551584514069291E-01
 4.7656250000000000E+00    -6.2106139598296073E-01
 4.7968750000000000E+00    -6.2638732026067145E-01
 4.8281250000000000E+00    -6.3149971646786451E-01
 4.8593750000000000E+00    -6.3640641714124846E-01
 4.8906250000000000E+00    -6.4111683337360426E-01
 4.9218750000000000E+00    -6.4564179385284803E-01
 4.9531250000000000E+00    -6.4999338175130783E-01
 4.9843750000000000E+00    -6.5418477269300035E-01
 5.0156250000000000E+00    -6.5823007684646051E-01
 5.0468750000000000E+00    -6.6214418793530139E-01
 5.0781250000000000E+00    -6.6594264163976591E-01
 5.1093750000000000E+00    -6.6964148549145819E-01
 5.1406250000000000E+00    -6.7325716195242313E-01
 5.1718750000000000E+00    -6.7680640593163655E-01
 5.2031250000000000E+00    -6.8030615753742785E-01
 5.2343750000000000E+00    -6.8377349040523216E-01
 5.2656250000000000E+00    -6.8722555548496800E-01
 5.2968750000000000E+00    -6.9067953973056140E-01
 5.3281250000000000E+00    -6.9415263871171973E-01
 5.3593750000000000E+00    -6.9766204177145663E-01
 5.3906250000000000E+00    -7.0122492798583569E-01
 5.4218750000000000E+00    -7.0485847084887987E-01
 5.4531250000000000E+00    -7.0857984930743401E-01
 5.4843750000000000E+00    -7.1240626251034578E-01
 5.5156250000000000E+00    -7.1635494541436373E-01
 5.5468750000000000E+00    -7.2044318220726589E-01
 5.5781250000000000E+00    -7.2468831436737835E-01
 5.6093750000000000E+00    -7.2910774007949009E-01
 5.6406250000000000E+00    -7.3371890167116516E-01
 5.6718750000000000E+00    -7.3853925772275475E-01
 5.7031250000000000E+00    -7.4358623654154454E-01
 5.7343750000000000E+00    -7.4887716777795721E-01
 5.7656250000000000E+00    -7.5442918910412116E-01
 5.7968750000000000E+00    -7.6025912507648252E-01
 5.8281250000000000E+00    -7.6638333556974936E-01
 5.8593750000000000E+00    -7.7281753150623111E-01
 5.8906250000000000E+00    -7.7957655601830922E-01
 5.9218750000000000E+00    -7.8667412968106998E-01
 5.9531250000000000E+00    -7.9412255904395335E-01
 5.9843750000000000E+00    -8.0193240838360458E-01
 6.0156250000000000E+00    -8.1011213540202864E-01
 6.0468750000000000E+00    -8.1866769251223426E-01
 6.0781250000000000E+00    -8.2760209639292137E-01
 6.1093750000000000E+00    -8.3691496965734680E-01
 6.1406250000000000E+00    -8.4660205976813752E-01
 6.1718750000000000E+00    -8.5665474173383571E-01
 6.2031250000000000E+00    -8.6705951263022352E-01
 6.2343750000000000E+00    -8.7779748757868414E-01
 6.2656250000000000E+00    -8.8884390845122041E-01
 6.2968750000000000E+00    -9.0016767821129751E-01
 6.3281250000000000E+00    -9.1173093538015815E-01
 6.3593750000000000E+00    -9.2348868456226563E-01
 6.3906250000000000E+00    -9.3538850017680120E-01
 6.4218750000000000E+00    -9.4737032141382382E-01
 6.4531250000000000E+00    -9.5936635684000926E-01
 6.4843750000000000E+00    -9.7130111688510601E-01
 6.5156250000000000E+00    -9.8309159151018011E-01
 6.5468750000000000E+00    -9.9464758856293634E-01
 6.5781250000000000E+00    -1.0058722455528084E+00
 6.6093750000000000E+00    -1.0166627237535695E+00
 6.6406250000000000E+00    -1.0269110886365422E+00
 6.6718750000000000E+00    -1.0365053746935537E+00
 6.7031250000000000E+00    -1.0453308258462624E+00
 6.7343750000000000E+00    -1.0532712950694307E+00
 6.7656250000000000E+00    -1.0602107788891622E+00
 6.7968750000000000E+00    -1.0660350544515982E+00
 6.8281250000000000E+00    -1.0706335666025222E+00
 6.8593750000000000E+00    -1.0739135212225772E+00
 6.8906250000000000E+00    -1.0758092785056901E+00
 6.9218750000000000E+00    -1.0762654879499989E+00
 6.9531250000000000E+00    -1.0752366621369371E+00
 6.9843750000000000E+00    -1.0726883929460784E+00
 7.0156250000000000E+00    -1.0685983271397936E+00
 7.0468750000000000E+00    -1.0629568680926813E+00
 7.0781250000000000E+00    -1.0557675803499471E+00
 7.1093750000000000E+00    -1.0470472849296963E+00
 7.1406250000000000E+00    -1.0368258451883758E+00
 7.1718750000000000E+00    -1.0251456549373128E+00
 7.2031250000000000E+00    -1.0120608516242771E+00
 7.2343750000000000E+00    -9.9763628713225105E-01
 7.2656250000000000E+00    -9.8194629657098675E-01
 7.2968750000000000E+00    -9.6507331097626903E-01
 7.3281250000000000E+00    -9.4710636289997996E-01
 7.3593750000000000E+00    -9.2813953446826936E-01
 7.3906250000000000E+00    -9.0827039577445579E-01
 7.4218750000000000E+00    -8.8759847776613987E-01
 7.4531250000000000E+00    -8.6622381849251640E-01
 7.4843750000000000E+00    -8.4424561516361063E-01
 7.5156250000000000E+00    -8.2176100741649594E-01
 7.5468750000000000E+00    -7.9886400993691054E-01
 7.5781250000000000E+00    -7.7564460554440240E-01
 7.6093750000000000E+00    -7.5218800333665026E-01
 7.6406250000000000E+00    -7.2857406073902697E-01
 7.6718750000000000E+00    -7.0487686346912071E-01
 7.7031250000000000E+00    -6.8116445357169453E-01
 7.7343750000000000E+00    -6.5749869281006024E-01
 7.7656250000000000E+00    -6.3393524676174162E-01
 7.7968750000000000E+00    -6.1052367386926354E-01
 7.8281250000000000E+00    -5.8730760332411291E-01
 7.8593750000000000E+00    -5.6432498588644364E-01
 7.8906250000000000E+00    -5.4160840243574326E-01
 7.9218750000000000E+00    -5.1918541608544244E-01
 7.9531250000000000E+00    -4.9707895496701737E-01
 7.9843750000000000E+00    -4.7530771420014273E-01
 8.0156250000000000E+00    -4.5388656703534164E-01
 8.0468750000000000E+00    -4.3282697662137309E-01
 8.0781250000000000E+00    -4.1213740126258502E-01
 8.1093750000000000E+00    -3.9182368735804984E-01
 8.1406250000000000E+00    -3.7188944543100833E-01
 8.1718750000000000E+00    -3.5233640575171815E-01
 8.2031250000000000E+00    -3.3316475102324083E-01
 8.2343750000000000E+00    -3.1437342443899829E-01
 8.2656250000000000E+00    -2.9596041213757363E-01
 8.2968750000000000E+00    -2.7792299968204848E-01
 8.3281250000000000E+00    -2.6025800268762833E-01
 8.3593750000000000E+00    -2.4296197212292164E-01
 8.3906250000000000E+00    -2.2603137512780885E-01
 8.4218750000000000E+00    -2.0946275243498422E-01
 8.4531250000000000E+00    -1.9325285366325548E-01
 8.4843750000000000E+00    -1.7739875187789639E-01
 8.5156250000000000E+00    -1.6189793889547680E-01
 8.5468750000000000E+00    -1.4674840285556556E-01
 8.5781250000000000E+00    -1.3194868959612793E-01
 8.6093750000000000E+00    -1.1749794935973151E-01
 8.6406250000000000E+00    -1.0339597032886125E-01
 8.6718750000000000E+00    -8.9643200445295390E-02
 8.7031250000000000E+00    -7.6240758914520451E-02
 8.7343750000000000E+00    -6.3190438734684662E-02
 8.7656250000000000E+00    -5.0494701523408292E-02
 8.7968750000000000E+00    -3.8156665847013868E-02
 8.8281250000000000E+00    -2.6180090187284837E-02
 8.8593750000000000E+00    -1.4569351612063729E-02
 8.8906250000000000E+00    -3.3294211490891138E-03
 8.9218750000000000E+00     7.5341632017907282E-03
 8.9531250000000000E+00     1.8015324943784980E-02
 8.9843750000000000E+00     2.8107478228601539E-02
 9.0156250000000000E+00     3.7803556908095177E-02
 9.0468750000000000E+00     4.7096042776838348E-02
 9.0781250000000000E+00     5.5976992334822936E-02
 9.1093750000000000E+00     6.4439098526536537E-02
 9.1406250000000000E+00     7.2490766561647643E-02
 9.1718750000000000E+00     8.0152733345802321E-02
 9.2031250000000000E+00     8.7445753079177374E-02
 9.2343750000000000E+00     9.4390279290277851E-02
 9.2656250000000000E+00     1.0100648537800219E-01
 9.2968750000000000E+00     1.0731427927045531E-01
 9.3281250000000000E+00     1.1333331206518216E-01
 9.3593750000000000E+00     1.1908298054560121E-01
 9.3906250000000000E+00     1.2458242349766019E-01
 9.4218750000000000E+00     1.2985051178037943E-01
 9.4531250000000000E+00     1.3490583213504193E-01
 9.4843750000000000E+00     1.3976666475143862E-01
 9.5156250000000000E+00     1.4445095464683094E-01
 9.5468750000000000E+00     1.4897627695485377E-01
 9.5781250000000000E+00     1.5335979626837776E-01
 9.6093750000000000E+00     1.5761822023280125E-01
 9.6406250000000000E+00     1.6176774764492829E-01
 9.6718750000000000E+00     1.6582401137747158E-01
 9.7031250000000000E+00     1.6980201652059607E-01
 9.7343750000000000E+00     1.7371607420919727E-01
 9.7656250000000000E+00     1.7757973168744454E-01
 9.7968750000000000E+00     1.8140569924959507E-01
 9.8281250000000000E+00     1.8520577478707922E-01
 9.8593750000000000E+00     1.8899076676478993E-01
 9.8906250000000000E+00     1.9277041654288959E-01
 9.9218750000000000E+00     1.9655332105179193E-01
 9.9531250000000000E+00     2.0034685691529025E-01
 9.9843750000000000E+00     2.0415710719723928E-01
 1.0015625000000000E+01     2.0798879201801981E-01
 1.0046875000000000E+01     2.1184520434521958E-01
 1.0078125000000000E+01     2.1572815230548537E-01
 1.0109375000000000E+01     2.1963790938830671E-01
 1.0140625000000000E+01     2.2357317391463824E-01
 1.0171875000000000E+01     2.2753103912090883E-01
 1.0203125000000000E+01     2.3150697515993321E-01
 1.0234375000000000E+01     2.3549482424227949E-01
 1.0265625000000000E+01     2.3948681003362193E-01
 1.0296875000000000E+01     2.4347356228472583E-01
 1.0328125000000000E+01     2.4744415750110571E-01
 1.0359375000000000E+01     2.5138617626010940E-01
 1.0390625000000000E+01     2.5528577755618365E-01
 1.0421875000000000E+01     2.5912779030339383E-01
 1.0453125000000000E+01     2.6289582185183463E-01
 1.0484375000000000E+01     2.6657238308641307E-01
 1.0515625000000000E+01     2.7013902937847623E-01
 1.0546875000000000E+01     2.7357651635947700E-01
 1.0578125000000000E+01     2.7686496918853454E-01
 1.0609375000000000E+01     2.7998406370002110E-01
 1.0640625000000000E+01     2.8291321755084886E-01
 1.0671875000000000E+01     2.8563178924749133E-01
 1.0703125000000000E+01     2.8811928272723242E-01
 1.0734375000000000E+01     2.9035555500290794E-01
 1.0765625000000000E+01     2.9232102426111195E-01
 1.0796875000000000E+01     2.9399687573449423E-01
 1.0828125000000000E+01     2.9536526265214968E-01
 1.0859375000000000E+01     2.9640949960933544E-01
 1.0890625000000000E+01     2.9711424578830997E-01
 1.0921875000000000E+01     2.9746567560356052E-01
 1.0953125000000000E+01     2.9745163453369472E-01
 1.0984375000000000E+01     2.9706177813303158E-01
 1.1015625000000000E+01     2.9628769248252679E-01
 1.1046875000000000E+01     2.9512299463432651E-01
 1.1078125000000000E+01     2.9356341191942209E-01
 1.1109375000000000E+01     2.9160683931501330E-01
 1.1140625000000000E+01     2.8925337439960075E-01
 1.1171875000000000E+01     2.8650532975165555E-01
 1.1203125000000000E+01     2.8336722296524230E-01
 1.1234375000000000E+01     2.7984574475743684E-01
 1.1265625000000000E+01     2.7594970592291840E-01
 1.1296875000000000E+01     2.7168996414764351E-01
 1.1328125000000000E+01     2.6707933192372230E-01
 1.1359375000000000E+01     2.6213246701088572E-01
 1.1390625000000000E+01     2.5686444596179087E-01
 1.1421875000000000E+01     2.5128405361721262E-01
 1.1453125000000000E+01     2.4539853562640215E-01
 1.1484375000000000E+01     2.3921633240161330E-01
 1.1515625000000000E+01     2.3274686974099121E-01
 1.1546875000000000E+01     2.2600034390656876E-01
 1.1578125000000000E+01     2.1898750933405109E-01
 1.1609375000000000E+01     2.1171947173394379E-01
 1.1640625000000000E+01     2.0420748903839264E-01
 1.1671875000000000E+01     1.9646278233284131E-01
 1.1703125000000000E+01     1.8849635859581204E-01
 1.1734375000000000E+01     1.8031884676187021E-01
 1.1765625000000000E+01     1.7194034832866426E-01
 1.1796875000000000E+01     1.6337030345410336E-01
 1.1828125000000000E+01     1.5461737323795041E-01
 1.1859375000000000E+01     1.4568933865595723E-01
 1.1890625000000000E+01     1.3659301641558691E-01
 1.1921875000000000E+01     1.2733419183081507E-01
 1.1953125000000000E+01     1.1791756866915341E-01
 1.1984375000000000E+01     1.0834673580586091E-01
 1.2015625000000000E+01     9.8624150426690330E-02
 1.2046875000000000E+01     8.8751137449460435E-02
 1.2078125000000000E+01     7.8727904783786620E-02
 1.2109375000000000E+01     6.8553574014702384E-02
 1.2140625000000000E+01     5.8226226076746698E-02
 1.2171875000000000E+01     4.7742961477100818E-02
 1.2203125000000000E+01     3.7099974626211882E-02
 1.2234375000000000E+01     2.6292641838455345E-02
 1.2265625000000000E+01     1.5315622570138359E-02
 1.2296875000000000E+01     4.1629734636781084E-03
 1.2328125000000000E+01    -7.1717252387233105E-03
 1.2359375000000000E+01    -1.8695231365108332E-02
 1.2390625000000000E+01    -3.0414491052150831E-02
 1.2421875000000000E+01    -4.2336478086771892E-02
 1.2453125000000000E+01    -5.4468022958661433E-02
 1.2484375000000000E+01    -6.6815632330067237E-02
 1.2515625000000000E+01    -7.9385299757098043E-02
 1.2546875000000000E+01    -9.2182308656140771E-02
 1.2578125000000000E+01    -1.0521102870186187E-01
 1.2609375000000000E+01    -1.1847470707030949E-01
 1.2640625000000000E+01    -1.3197525620159606E-01
 1.2671875000000000E+01    -1.4571304004962726E-01
 1.2703125000000000E+01    -1.5968666110779470E-01
 1.2734375000000000E+01    -1.7389275084374337E-01
 1.2765625000000000E+01    -1.8832576653535263E-01
 1.2796875000000000E+01    -2.0297779786327425E-01
 1.2828125000000000E+01    -2.1783838696963520E-01
 1.2859375000000000E+01    -2.3289436602151353E-01
 1.2890625000000000E+01    -2.4812971660303212E-01
 1.2921875000000000E+01    -2.6352545547989237E-01
 1.2953125000000000E+01    -2.7905955141182687E-01
 1.2984375000000000E+01    -2.9470687770740778E-01
 1.3015625000000000E+01    -3.1043920509723555E-01
 1.3046875000000000E+01    -3.2622523922250868E-01
 1.3078125000000000E+01    -3.4203070657574486E-01
 1.3109375000000000E+01    -3.5781849207314342E-01
 1.3140625000000000E+01    -3.7354883057452554E-01
 1.3171875000000000E+01    -3.8917955359661360E-01
 1.3203125000000000E+01    -4.0466639119872083E-01
 1.3234375000000000E+01    -4.1996332757915866E-01
 1.3265625000000000E+01    -4.3502300734147942E-01
 1.3296875000000000E+01    -4.4979718772111965E-01
 1.3328125000000000E+01    -4.6423723036702591E-01
 1.3359375000000000E+01    -4.7829462462236522E-01
 1.3390625000000000E+01    -4.9192153272413891E-01
 1.3421875000000000E+01    -5.0507134602837978E-01
 1.3453125000000000E+01    -5.1769924034909187E-01
 1.3484375000000000E+01    -5.2976271785176565E-01
 1.3515625000000000E+01    -5.4122212273024450E-01
 1.3546875000000000E+01    -5.5204111816401946E-01
 1.3578125000000000E+01    -5.6218711282350353E-01
 1.3609375000000000E+01    -5.7163162645870180E-01
 1.3640625000000000E+01    -5.8035058547351470E-01
 1.3671875000000000E+01    -5.8832433346938406E-01
 1.3703125000000000E+01    -5.9553741070365251E-01
 1.3734375000000000E+01    -6.0197903682026044E-01
 1.3765625000000000E+01    -6.0764311341856259E-01
 1.3796875000000000E+01    -6.1252806104426905E-01
 1.3828125000000000E+01    -6.1663659656354519E-01
 1.3859375000000000E+01    -6.1997546161019090E-01
 1.3890625000000000E+01    -6.2255511373838190E-01
 1.3921875000000000E+01    -6.2438939232660062E-01
 1.3953125000000000E+01    -6.2549517117625975E-01
 1.3984375000000000E+01    -6.2589200917301535E-01
 1.4015625000000000E+01    -6.2560180939281751E-01
 1.4046875000000000E+01    -6.2464849571890468E-01
 1.4078125000000000E+01    -6.2305771447911540E-01
 1.4109375000000000E+01    -6.2085656690930779E-01
 1.4140625000000000E+01    -6.1807337648844851E-01
 1.4171875000000000E+01    -6.1473749345832340E-01
 1.4203125000000000E+01    -6.1087913720785825E-01
 1.4234375000000000E+01    -6.0652927572754489E-01
 1.4265625000000000E+01    -6.0171954006654915E-01
 1.4296875000000000E+01    -5.9648217068195586E-01
 1.4328125000000000E+01    -5.9084999176898911E-01
 1.4359375000000000E+01    -5.8485640910307157E-01
 1.4390625000000000E+01    -5.7853542659748758E-01
 1.4421875000000000E+01    -5.7192167666383398E-01
 1.4453125000000000E+01    -5.6505045952881428E-01
 1.4484375000000000E+01    -5.5795778687917186E-01
 1.4515625000000000E+01    -5.5068042554256724E-01
 1.4546875000000000E+01    -5.4325593733253319E-01
 1.4578125000000000E+01    -5.3572271165739660E-01
 1.4609375000000000E+01    -5.2811998798688331E-01
 1.4640625000000000E+01    -5.2048786575943540E-01
 1.4671875000000000E+01    -5.1286729977631329E-01
 1.4703125000000000E+01    -5.0530007954784406E-01
 1.4734375000000000E+01    -4.9782879141993908E-01
 1.4765625000000000E+01    -4.9049676260696440E-01
 1.4796875000000000E+01    -4.8334798648649402E-01
 1.4828125000000000E+01    -4.7642702867203596E-01
 1.4859375000000000E+01    -4.6977891347544948E-01
 1.4890625000000000E+01    -4.6344899040757676E-01
 1.4921875000000000E+01    -4.5748278035297735E-01
 1.4953125000000000E+01    -4.5192580100357210E-01
 1.4984375000000000E+01    -4.4682337105961351E-01
 1.5015625000000000E+01    -4.4222039261874535E-01
 1.5046875000000000E+01    -4.3816111109062850E-01
 1.5078125000000000E+01    -4.3468885191184781E-01
 1.5109375000000000E+01    -4.3184573331037479E-01
 1.5140625000000000E+01    -4.2967235439842127E-01
 1.5171875000000000E+01    -4.2820745797469334E-01
 1.5203125000000000E+01    -4.2748756760985518E-01
 1.5234375000000000E+01    -4.2754659889067187E-01
 1.5265625000000000E+01    -4.2841544512602675E-01
 1.5296875000000000E+01    -4.3012153838913986E-01
 1.5328125000000000E+01    -4.3268838749986871E-01
 1.5359375000000000E+01    -4.3613509545226165E-01
 1.5390625000000000E+01    -4.4047585987494703E-01
 1.5421875000000000E+01    -4.4571946138023288E-01
 1.5453125000000000E+01    -4.5186874610938410E-01
 1.5484375000000000E+01    -4.5892011040548319E-01
 1.5515625000000000E+01    -4.6686299731828967E-01
 1.5546875000000000E+01    -4.7567941653100126E-01
 1.5578125000000000E+01    -4.8534350124224918E-01
 1.5609375000000000E+01    -4.9582111746502477E-01
 1.5640625000000000E+01    -5.0706954302211749E-01
 1.5671875000000000E+01    -5.1903723510773769E-01
 1.5703125000000000E+01    -5.3166370650771178E-01
 1.5734375000000000E+01    -5.4487953126698541E-01
 1.5765625000000000E+01    -5.5860650058991101E-01
 1.5796875000000000E+01    -5.7275794887757259E-01
 1.5828125000000000E+01    -5.8723926787419067E-01
 1.5859375000000000E+01    -6.0194862376212388E-01
 1.5890625000000000E+01    -6.1677788760234353E-01
 1.5921875000000000E+01    -6.3161376730615948E-01
 1.5953125000000000E+01    -6.4633858261989074E-01
 1.5984375000000000E+01    -6.6083166223055767E-01
 1.6015625000000000E+01    -6.7497178166156302E-01
 1.6046875000000000E+01    -6.8863906414300846E-01
 1.6078125000000000E+01    -7.0171693448697225E-01
 1.6109375000000000E+01    -7.1409413219027473E-01
 1.6140625000000000E+01    -7.2566673340359777E-01
 1.6171875000000000E+01    -7.3634012642653135E-01
 1.6203125000000000E+01    -7.4603088250135952E-01
 1.6234375000000000E+01    -7.5466846328711334E-01
 1.6265625000000000E+01    -7.6219670876354528E-01
 1.6296875000000000E+01    -7.6857505452840691E-01
 1.6328125000000000E+01    -7.7377943539110594E-01
 1.6359375000000000E+01    -7.7780284250176868E-01
 1.6390625000000000E+01    -7.8065551346039563E-01
 1.6421875000000000E+01    -7.8236474824082691E-01
 1.6453125000000000E+01    -7.8297435755051026E-01
 1.6484375000000000E+01    -7.8254376360608391E-01
 1.6515625000000000E+01    -7.8114678545055927E-01
 1.6546875000000000E+01    -7.7887015119042879E-01
 1.6578125000000000E+01    -7.7581178737157908E-01
 1.6609375000000000E+01    -7.7207894082079132E-01
 1.6640625000000000E+01    -7.6778619054778674E-01
 1.6671875000000000E+01    -7.6305340682921308E-01
 1.6703125000000000E+01    -7.5800371165871661E-01
 1.6734375000000000E+01    -7.5276148976048263E-01
 1.6765625000000000E+01    -7.4745049283179366E-01
 1.6796875000000000E+01    -7.4219207214318739E-01
 1.6828125000000000E+01    -7.3710356661460186E-01
 1.6859375000000000E+01    -7.3229686548499506E-01
 1.6890625000000000E+01    -7.2787715710882084E-01
 1.6921875000000000E+01    -7.2394186855955911E-01
 1.6953125000000000E+01    -7.2057979481575829E-01
 1.6984375000000000E+01    -7.1787041147152331E-01
 1.7015625000000000E+01    -7.1588336119075369E-01
 1.7046875000000000E+01    -7.1467810148272393E-01
 1.7078125000000000E+01    -7.1430369973429797E-01
 1.7109375000000000E+01    -7.1479876067190806E-01
 1.7140625000000000E+01    -7.1619147140542649E-01
 1.7171875000000000E+01    -7.1849974977689057E-01
 1.7203125000000000E+01    -7.2173148275241206E-01
 1.7234375000000000E+01    -7.2588484291604805E-01
 1.7265625000000000E+01    -7.3094867262273011E-01
 1.7296875000000000E+01    -7.3690292693235415E-01
 1.7328125000000000E+01    -7.4371916798332116E-01
 1.7359375000000000E+01    -7.5136110489195596E-01
 1.7390625000000000E+01    -7.5978517452017469E-01
 1.7421875000000000E+01    -7.6894115948853714E-01
 1.7453125000000000E+01    -7.7877284058829799E-01
 1.7484375000000000E+01    -7.8921868124082106E-01
 1.7515625000000000E+01    -8.0021254185350088E-01
 1.7546875000000000E+01    -8.1168442182796030E-01
 1.7578125000000000E+01    -8.2356122659970288E-01
 1.7609375000000000E+01    -8.3576755645210943E-01
 1.7640625000000000E+01    -8.4822651298622231E-01
 1.7671875000000000E+01    -8.6086051808805863E-01
 1.7703125000000000E+01    -8.7359213907480782E-01
 1.7734375000000000E+01    -8.8634491248798808E-01
 1.7765625000000000E+01    -8.9904415781040203E-01
 1.7796875000000000E+01    -9.1161777129527266E-01
 1.7828125000000000E+01    -9.2399698919145001E-01
 1.7859375000000000E+01    -9.3611710900638112E-01
 1.7890625000000000E+01    -9.4791815713896865E-01
 1.7921875000000000E+01    -9.5934549129464752E-01
 1.7953125000000000E+01    -9.7035032660414988E-01
 1.7984375000000000E+01    -9.8089017532362943E-01
 1.8015625000000000E+01    -9.9092919138992019E-01
 1.8046875000000000E+01    -1.0004384129081272E+00
 1.8078125000000000E+01    -1.0093958978026736E+00
 1.8109375000000000E+01    -1.0177867502860913E+00
 1.8140625000000000E+01    -1.0256030383956209E+00
 1.8171875000000000E+01    -1.0328436055041486E+00
 1.8203125000000000E+01    -1.0395133976610915E+00
 1.8234375000000000E+01    -1.0456192426543216E+00
 1.8265625000000000E+01    -1.0511709973547898E+00
 1.8296875000000000E+01    -1.0561836000122145E+00
 1.8328125000000000E+01    -1.0606765260035964E+00
 1.8359375000000000E+01    -1.0646731569589882E+00
 1.8390625000000000E+01    -1.0682001159371439E+00
 1.8421875000000000E+01    -1.0712865826069233E+00
 1.8453125000000000E+01    -1.0739636021973822E+00
 1.8484375000000000E+01    -1.0762634013918451E+00
 1.8515625000000000E+01    -1.0782187234129383E+00
 1.8546875000000000E+01    -1.0798621933380470E+00
 1.8578125000000000E+01    -1.0812257232701172E+00
 1.8609375000000000E+01    -1.0823399654374128E+00
 1.8640625000000000E+01    -1.0832338196787368E+00
 1.8671875000000000E+01    -1.0839340001506215E+00
 1.8703125000000000E+01    -1.0844646645250855E+00
 1.8734375000000000E+01    -1.0848471074754364E+00
 1.8765625000000000E+01    -1.0850995189065469E+00
 1.8796875000000000E+01    -1.0852368061970599E+00
 1.8828125000000000E+01    -1.0852704786962735E+00
 1.8859375000000000E+01    -1.0852085918602072E+00
 1.8890625000000000E+01    -1.0850557477149061E+00
 1.8921875000000000E+01    -1.0848131477893266E+00
 1.8953125000000000E+01    -1.0844786942506819E+00
 1.8984375000000000E+01    -1.0840471346837477E+00
 1.9015625000000000E+01    -1.0835102457653363E+00
 1.9046875000000000E+01    -1.0828570509767952E+00
 1.9078125000000000E+01    -1.0820740674557954E+00
 1.9109375000000000E+01    -1.0811455770982397E+00
 1.9140625000000000E+01    -1.0800539170713979E+00
 1.9171875000000000E+01    -1.0787797849803320E+00
 1.9203125000000000E+01    -1.0773025540359171E+00
 1.9234375000000000E+01    -1.0756005937003905E+00
 1.9265625000000000E+01    -1.0736515914344897E+00
 1.9296875000000000E+01    -1.0714328713388985E+00
 1.9328125000000000E+01    -1.0689217056744869E+00
 1.9359375000000000E+01    -1.0660956154625458E+00
 1.9390625000000000E+01    -1.0629326566111985E+00
 1.9421875000000000E+01    -1.0594116882892426E+00
 1.9453125000000000E+01    -1.0555126205756682E+00
 1.9484375000000000E+01    -1.0512166387518929E+00
 1.9515625000000000E+01    -1.0465064019736035E+00
 1.9546875000000000E+01    -1.0413662144565343E+00
 1.9578125000000000E+01    -1.0357821677317498E+00
 1.9609375000000000E+01    -1.0297422529646383E+00
 1.9640625000000000E+01    -1.0232364427809297E+00
 1.9671875000000000E+01    -1.0162567424948732E+00
 1.9703125000000000E+01    -1.0087972110795587E+00
 1.9734375000000000E+01    -1.0008539526503855E+00
 1.9765625000000000E+01    -9.9242507963921001E-01
 1.9796875000000000E+01    -9.8351064921256492E-01
 1.9828125000000000E+01    -9.7411257482518332E-01
 1.9859375000000000E+01    -9.6423451509357827E-01
 1.9890625000000000E+01    -9.5388174242040780E-01
 1.9921875000000000E+01    -9.4306099399506704E-01
 1.9953125000000000E+01    -9.3178030793854194E-01
 1.9984375000000000E+01    -9.2004884745038140E-01
 2.0015625000000000E+01    -9.0787671585512908E-01
 2.0046875000000000E+01    -8.9527476543516005E-01
 2.0078125000000000E+01    -8.8225440288196444E-01
 2.0109375000000000E+01    -8.6882739410046572E-01
 2.0140625000000000E+01    -8.5500567096694979E-01
 2.0171875000000000E+01    -8.4080114247420568E-01
 2.0203125000000000E+01    -8.2622551250329468E-01
 2.0234375000000000E+01    -8.1129010624452758E-01
 2.0265625000000000E+01    -7.9600570705578155E-01
 2.0296875000000000E+01    -7.8038240529905301E-01
 2.0328125000000000E+01    -7.6442946044079807E-01
 2.0359375000000000E+01    -7.4815517744210736E-01
 2.0390625000000000E+01    -7.3156679820589610E-01
 2.0421875000000000E+01    -7.1467040859295716E-01
 2.0453125000000000E+01    -6.9747086127130242E-01
 2.0484375000000000E+01    -6.7997501319793652E-01
 2.0515625000000000E+01    -6.6220350693056151E-01
 2.0546875000000000E+01    -6.4417995014050589E-01
 2.0578125000000000E+01    -6.2592657395948159E-01
 2.0609375000000000E+01    -6.0746423910089509E-01
 2.0640625000000000E+01    -5.8881245668257420E-01
 2.0671875000000000E+01    -5.6998942197069780E-01
 2.0703125000000000E+01    -5.5101205952573462E-01
 2.0734375000000000E+01    -5.3189607817370899E-01
 2.0765625000000000E+01    -5.1265603420417616E-01
 2.0796875000000000E+01    -4.9330540120606969E-01
 2.0828125000000000E+01    -4.7385664499064079E-01
 2.0859375000000000E+01    -4.5432130211289445E-01
 2.0890625000000000E+01    -4.3471006058514261E-01
 2.0921875000000000E+01    -4.1503284147459485E-01
 2.0953125000000000E+01    -3.9529888018697223E-01
 2.0984375000000000E+01    -3.7551680635668050E-01
 2.1015625000000000E+01    -3.5569472138697722E-01
 2.1046875000000000E+01    -3.3584027280817746E-01
 2.1078125000000000E+01    -3.1596072474512610E-01
 2.1109375000000000E+01    -2.9606302390451605E-01
 2.1140625000000000E+01    -2.7615386060630648E-01
 2.1171875000000000E+01    -2.5623972448973248E-01
 2.1203125000000000E+01    -2.3632695462201009E-01
 2.1234375000000000E+01    -2.1642178382624289E-01
 2.1265625000000000E+01    -1.9653037712337784E-01
 2.1296875000000000E+01    -1.7665886425166610E-01
 2.1328125000000000E+01    -1.5681336628584339E-01
 2.1359375000000000E+01    -1.3700001642769846E-01
 2.1390625000000000E+01    -1.1722497508049812E-01
 2.1421875000000000E+01    -9.7494439352743753E-02
 2.1453125000000000E+01    -7.7814647162825129E-02
 2.1484375000000000E+01    -5.8191876136548068E-02
 2.1515625000000000E+01    -3.8632437505208415E-02
 2.1546875000000000E+01    -1.9142665224226876E-02
 2.1578125000000000E+01     2.7109945761957755E-04
 2.1609375000000000E+01     1.9602527739323028E-02
 2.1640625000000000E+01     3.8845327071047778E-02
 2.1671875000000000E+01     5.7993268761532359E-02
 2.1703125000000000E+01     7.7040219118931025E-02
 2.1734375000000000E+01     9.5980173839180241E-02
 2.1765625000000000E+01     1.1480729533690265E-01
 2.1796875000000000E+01     1.3351595269029787E-01
 2.1828125000000000E+01     1.5210076384304810E-01
 2.1859375000000000E+01     1.7055663967255183E-01
 2.1890625000000000E+01     1.8887882949473647E-01
 2.1921875000000000E+01     2.0706296753128794E-01
 2.1953125000000000E+01     2.2510511981561776E-01
 2.1984375000000000E+01     2.4300183095982378E-01
 2.2015625000000000E+01     2.6075017014690482E-01
 2.2046875000000000E+01     2.7834777565157570E-01
 2.2078125000000000E+01     2.9579289713037482E-01
 2.2109375000000000E+01     3.1308443485885196E-01
 2.2140625000000000E+01     3.3022197503198220E-01
 2.2171875000000000E+01     3.4720582018580037E-01
 2.2203125000000000E+01     3.6403701374532027E-01
 2.2234375000000000E+01     3.8071735765864412E-01
 2.2265625000000000E+01     3.9724942204225067E-01
 2.2296875000000000E+01     4.1363654574006248E-01
 2.2328125000000000E+01     4.2988282669188349E-01
 2.2359375000000000E+01     4.4599310101773831E-01
 2.2390625000000000E+01     4.6197290975590199E-01
 2.2421875000000000E+01     4.7782845224653880E-01
 2.2453125000000000E+01     4.9356652523214650E-01
 2.2484375000000000E+01     5.0919444685207904E-01
 2.2515625000000000E+01     5.2471996484321737E-01
 2.2546875000000000E+01     5.4015114842345613E-01
 2.2578125000000000E+01     5.5549626352947545E-01
 2.2609375000000000E+01     5.7076363130611274E-01
 2.2640625000000000E+01     5.8596147000030496E-01
 2.2671875000000000E+01     6.0109772069769363E-01
 2.2703125000000000E+01     6.1617985765196626E-01
 2.2734375000000000E+01     6.3121468429419181E-01
 2.2765625000000000E+01     6.4620811636743591E-01
 2.2796875000000000E+01     6.6116495400731312E-01
 2.2828125000000000E+01     6.7608864497603460E-01
 2.2859375000000000E+01     6.9098104165035479E-01
 2.2890625000000000E+01     7.0584215475452949E-01
 2.2921875000000000E+01     7.2066990721088575E-01
 2.2953125000000000E+01     7.3545989184190752E-01
 2.2984375000000000E+01     7.5020513699010682E-01
 2.3015625000000000E+01     7.6489588441199496E-01
 2.3046875000000000E+01     7.7951938403930909E-01
 2.3078125000000000E+01     7.9405971036938139E-01
 2.3109375000000000E+01     8.0849760533426063E-01
 2.3140625000000000E+01     8.2281035248998435E-01
 2.3171875000000000E+01     8.3697168724918658E-01
 2.3203125000000000E+01     8.5095174763922499E-01
 2.3234375000000000E+01     8.6471706969162887E-01
 2.3265625000000000E+01     8.7823063104815291E-01
 2.3296875000000000E+01     8.9145194569745168E-01
 2.3328125000000000E+01     9.0433721193323691E-01
 2.3359375000000000E+01     9.1683951465233038E-01
 2.3390625000000000E+01     9.2890908200050515E-01
 2.3421875000000000E+01     9.4049359514184727E-01
 2.3453125000000000E+01     9.5153854859862808E-01
 2.3484375000000000E+01     9.6198765721706336E-01
 2.3515625000000000E+01     9.7178330439991256E-01
 2.3546875000000000E+01     9.8086702485838240E-01
 2.3578125000000000E+01     9.8918001382602683E-01
 2.3609375000000000E+01     9.9666365350438657E-01
 2.3640625000000000E+01     1.0032600465311816E+00
 2.3671875000000000E+01     1.0089125455339478E+00
 2.3703125000000000E+01     1.0135662674046420E+00
 2.3734375000000000E+01     1.0171685808460194E+00
 2.3765625000000000E+01     1.0196695560264788E+00
 2.3796875000000000E+01     1.0210223658500293E+00
 2.3828125000000000E+01     1.0211836293972629E+00
 2.3859375000000000E+01     1.0201136894980871E+00
 2.3890625000000000E+01     1.0177768181146296E+00
 2.3921875000000000E+01     1.0141413451836760E+00
 2.3953125000000000E+01     1.0091797087163499E+00
 2.3984375000000000E+01     1.0028684261930743E+00
 2.4015625000000000E+01     9.9526358148183847E-01
 2.4046875000000000E+01     9.8675077478765028E-01
 2.4078125000000000E+01     9.7726163852466608E-01
 2.4109375000000000E+01     9.6665569728430289E-01
 2.4140625000000000E+01     9.5480484943100530E-01
 2.4171875000000000E+01     9.4159551894455007E-01
 2.4203125000000000E+01     9.2692996361747471E-01
 2.4234375000000000E+01     9.1072680750725932E-01
 2.4265625000000000E+01     8.9292089576816824E-01
 2.4296875000000000E+01     8.7346258872480809E-01
 2.4328125000000000E+01     8.5231662017456755E-01
 2.4359375000000000E+01     8.2946064385515939E-01
 2.4390625000000000E+01     8.0488358355693745E-01
 2.4421875000000000E+01     7.7858388842981707E-01
 2.4453125000000000E+01     7.5056777761494331E-01
 2.4484375000000000E+01     7.2084753936438450E-01
 2.4515625000000000E+01     6.8943993112451496E-01
 2.4546875000000000E+01     6.5636471025895837E-01
 2.4578125000000000E+01     6.2164331145734053E-01
 2.4609375000000000E+01     5.8529767724965909E-01
 2.4640625000000000E+01     5.4734924271190954E-01
 2.4671875000000000E+01     5.0781807410380542E-01
 2.4703125000000000E+01     4.6672216295799629E-01
 2.4734375000000000E+01     4.2407688072437644E-01
 2.4765625000000000E+01     3.7989460288651011E-01
 2.4796875000000000E+01     3.3418451391201859E-01
 2.4828125000000000E+01     2.8695260411221524E-01
 2.4859375000000000E+01     2.3820186556278866E-01
 2.4890625000000000E+01     1.8793268638427515E-01
 2.4921875000000000E+01     1.3614343128376535E-01
 2.4953125000000000E+01     8.2831182342230636E-02
 2.4984375000000000E+01     2.7992599132481602E-02
