#                  time                       real
 1.5625000000000000E-02     7.7232749063889036E-03
 4.6875000000000000E-02     2.2030935220321027E-02
 7.8125000000000000E-02     3.4880940709632220E-02
 1.0937500000000000E-01     4.6353289864883761E-02
 1.4062500000000000E-01     5.6534805587570472E-02
 1.7187500000000000E-01     6.5517509440819063E-02
 2.0312500000000000E-01     7.3396665635104927E-02
 2.3437500000000000E-01     8.0268584703752505E-02
 2.6562500000000000E-01     8.6228286326313464E-02
 2.9687500000000000E-01     9.1367126306316312E-02
 3.2812500000000000E-01     9.5770494147268848E-02
 3.5937500000000000E-01     9.9515684979967697E-02
 3.9062500000000000E-01     1.0267004288813182E-01
 4.2187500000000000E-01     1.0528946219366228E-01
 4.5312500000000000E-01     1.0741731935044391E-01
 4.8437500000000000E-01     1.0908389122341397E-01
 5.1562500000000000E-01     1.1030629627547012E-01
 5.4687500000000000E-01     1.1108897423224048E-01
 5.7812500000000000E-01     1.1142469792269391E-01
 6.0937500000000000E-01     1.1129608905858313E-01
 6.4062500000000000E-01     1.1067758862432157E-01
 6.7187500000000000E-01     1.0953781322081180E-01
 7.0312500000000000E-01     1.0784221202897752E-01
 7.3437500000000000E-01     1.0555592583453961E-01
 7.6562500000000000E-01     1.0264674045175581E-01
 7.9687500000000000E-01     9.9088022382358240E-02
 8.2812500000000000E-01     9.4861524904364364E-02
 8.5937500000000000E-01     8.9959958011813265E-02
 8.9062500000000000E-01     8.4389225471369234E-02
 9.2187500000000000E-01     7.8170246229642998E-02
 9.5312500000000000E-01     7.1340294784636896E-02
 9.8437500000000000E-01     6.3953815044854520E-02
 1.0156250000000000E+00     5.6181587026992753E-02
 1.0468750000000000E+00     4.8694749031216587E-02
 1.0781250000000000E+00     4.1659828472327694E-02
 1.1093750000000000E+00     3.5143458652915453E-02
 1.1406250000000000E+00     2.9212310671703233E-02
 1.1718750000000000E+00     2.3933095817524903E-02
 1.2031250000000000E+00     1.9372567079637415E-02
 1.2343750000000000E+00     1.5597519717505007E-02
 1.2656250000000000E+00     1.2674790854888311E-02
 1.2968750000000000E+00     1.0671258088575981E-02
 1.3281250000000000E+00     9.6538371314555723E-03
 1.3593750000000000E+00     9.6894785427674851E-03
 1.3906250000000000E+00     1.0845163635173877E-02
 1.4218750000000000E+00     1.3187899688463494E-02
 1.4531250000000000E+00     1.6784714642964521E-02
 1.4843750000000000E+00     2.1702651491724359E-02
 1.5156250000000000E+00     2.8008762638829419E-02
 1.5468750000000000E+00     3.5770104541548040E-02
 1.5781250000000000E+00     4.5053733005999366E-02
 1.6093750000000000E+00     5.5926699559560283E-02
 1.6406250000000000E+00     6.8456049378134626E-02
 1.6718750000000000E+00     8.2708602691896949E-02
 1.7031250000000000E+00     9.8677067036240282E-02
 1.7343750000000000E+00     1.1617248638150066E-01
 1.7656250000000000E+00     1.3497858865093323E-01
 1.7968750000000000E+00     1.5487912361319831E-01
 1.8281250000000000E+00     1.7565787830777857E-01
 1.8593750000000000E+00     1.9709869580674497E-01
 1.8906250000000000E+00     2.1898549644796325E-01
 1.9218750000000000E+00     2.4110230053060788E-01
 1.9531250000000000E+00     2.6323325134163533E-01
 1.9843750000000000E+00     2.8516263728326247E-01
 2.0156250000000000E+00     3.0667491179994044E-01
 2.0468750000000000E+00     3.2755470976416662E-01
 2.0781250000000000E+00     3.4758685898075342E-01
 2.1093750000000000E+00     3.6655638551720526E-01
 2.1406250000000000E+00     3.8424851167185575E-01
 2.1718750000000000E+00     4.0044864555891579E-01
 2.2031250000000000E+00     4.1494236152522868E-01
 2.2343750000000000E+00     4.2751537091808067E-01
 2.2656250000000000E+00     4.3795348309198123E-01
 2.2968750000000000E+00     4.4604255696333650E-01
 2.3281250000000000E+00     4.5156844387662454E-01
 2.3593750000000000E+00     4.5431692300815624E-01
 2.3906250000000000E+00     4.5407363097215592E-01
 2.4218750000000000E+00     4.5062398767327089E-01
 2.4531250000000000E+00     4.4375312073382672E-01
 2.4843750000000000E+00     4.3324579098063953E-01
 2.5156250000000000E+00     4.1889709819689691E-01
 2.5468750000000000E+00     4.0074950429180922E-01
 2.5781250000000000E+00     3.7909278873311109E-01
 2.6093750000000000E+00     3.5422695098874335E-01
 2.6406250000000000E+00     3.2645145070002185E-01
 2.6718750000000000E+00     2.9606523872404866E-01
 2.7031250000000000E+00     2.6336679907203631E-01
 2.7343750000000000E+00     2.2865419887190858E-01
 2.7656250000000000E+00     1.9222514366052357E-01
 2.7968750000000000E+00     1.5437703568452302E-01
 2.8281250000000000E+00     1.1540703339156989E-01
 2.8593750000000000E+00     7.5612110856935005E-02
 2.8906250000000000E+00     3.5289116449477312E-02
 2.9218750000000000E+00    -5.2651694601000953E-03
 2.9531250000000000E+00    -4.5753977552778255E-02
 2.9843750000000000E+00    -8.5880492926814656E-02
 3.0156250000000000E+00    -1.2534779823231262E-01
 3.0468750000000000E+00    -1.6385881610737979E-01
 3.0781250000000000E+00    -2.0111625068936473E-01
 3.1093750000000000E+00    -2.3682252836431561E-01
 3.1406250000000000E+00    -2.7067973842702114E-01
 3.1718750000000000E+00    -3.0238957491105428E-01
 3.2031250000000000E+00    -3.3165328145951645E-01
 3.2343750000000000E+00    -3.5817160167919332E-01
 3.2656250000000000E+00    -3.8164473788355635E-01
 3.2968750000000000E+00    -4.0177232141220165E-01
 3.3281250000000000E+00    -4.1825339775027576E-01
 3.3593750000000000E+00    -4.3083854910060027E-01
 3.3906250000000000E+00    -4.3962429099991862E-01
 3.4218750000000000E+00    -4.4484798583391039E-01
 3.4531250000000000E+00    -4.4674699596126216E-01
 3.4843750000000000E+00    -4.4555836192171988E-01
 3.5156250000000000E+00    -4.4151889970256686E-01
 3.5468750000000000E+00    -4.3486529680269725E-01
 3.5781250000000000E+00    -4.2583420394757332E-01
 3.6093750000000000E+00    -4.1466231964486255E-01
 3.6406250000000000E+00    -4.0158646525722536E-01
 3.6718750000000000E+00    -3.8684364885392636E-01
 3.7031250000000000E+00    -3.7067111673320952E-01
 3.7343750000000000E+00    -3.5330639213297865E-01
 3.7656250000000000E+00    -3.3498730122613141E-01
 3.7968750000000000E+00    -3.1595198699731730E-01
 3.8281250000000000E+00    -2.9643891199944095E-01
 3.8593750000000000E+00    -2.7668685128181880E-01
 3.8906250000000000E+00    -2.5693487696803513E-01
 3.9218750000000000E+00    -2.3742233604861948E-01
 3.9531250000000000E+00    -2.1838882295550205E-01
 3.9843750000000000E+00    -2.0007414841864482E-01
 4.0156250000000000E+00    -1.8271830598807368E-01
 4.0468750000000000E+00    -1.6656143745359339E-01
 4.0781250000000000E+00    -1.5184379822441424E-01
 4.1093750000000000E+00    -1.3880572355339679E-01
 4.1406250000000000E+00    -1.2768759631378715E-01
 4.1718750000000000E+00    -1.1872954777237468E-01
 4.2031250000000000E+00    -1.1208047660389203E-01
 4.2343750000000000E+00    -1.0766563171602241E-01
 4.2656250000000000E+00    -1.0537657575535440E-01
 4.2968750000000000E+00    -1.0510481261717874E-01
 4.3281250000000000E+00    -1.0674178139765098E-01
 4.3593750000000000E+00    -1.1017885230110624E-01
 4.3906250000000000E+00    -1.1530732401699668E-01
 4.4218750000000000E+00    -1.2201842215781430E-01
 4.4531250000000000E+00    -1.3020329841794021E-01
 4.4843750000000000E+00    -1.3975303017496951E-01
 4.5156250000000000E+00    -1.5055862031079806E-01
 4.5468750000000000E+00    -1.6251099708065037E-01
 4.5781250000000000E+00    -1.7550101390496139E-01
 4.6093750000000000E+00    -1.8941944900217153E-01
 4.6406250000000000E+00    -2.0415700482039725E-01
 4.6718750000000000E+00    -2.1960430726275731E-01
 4.7031250000000000E+00    -2.3565190473490866E-01
 4.7343750000000000E+00    -2.5219026707402509E-01
 4.7656250000000000E+00    -2.6910978444581479E-01
 4.7968750000000000E+00    -2.8630076632005963E-01
 4.8281250000000000E+00    -3.0365344065524491E-01
 4.8593750000000000E+00    -3.2105795343884913E-01
 4.8906250000000000E+00    -3.3840436874151231E-01
 4.9218750000000000E+00    -3.5558266945018641E-01
 4.9531250000000000E+00    -3.7248275884735982E-01
 4.9843750000000000E+00    -3.8899446320013265E-01
 5.0156250000000000E+00    -4.0500842164905232E-01
 5.0468750000000000E+00    -4.2043558623998234E-01
 5.0781250000000000E+00    -4.3520722852979232E-01
 5.1093750000000000E+00    -4.4925545279237594E-01
 5.1406250000000000E+00    -4.6251231930500464E-01
 5.1718750000000000E+00    -4.7490985481603620E-01
 5.2031250000000000E+00    -4.8638006402097167E-01
 5.2343750000000000E+00    -4.9685494198580371E-01
 5.2656250000000000E+00    -5.0626648742460301E-01
 5.2968750000000000E+00    -5.1454671670533270E-01
 5.3281250000000000E+00    -5.2162767842505120E-01
 5.3593750000000000E+00    -5.2744146836402106E-01
 5.3906250000000000E+00    -5.3192024459915510E-01
 5.4218750000000000E+00    -5.3499624253207201E-01
 5.4531250000000000E+00    -5.3660178956718263E-01
 5.4843750000000000E+00    -5.3666931916226690E-01
 5.5156250000000000E+00    -5.3513138396918447E-01
 5.5468750000000000E+00    -5.3192066778693858E-01
 5.5781250000000000E+00    -5.2696999606424666E-01
 5.6093750000000000E+00    -5.2021234471477962E-01
 5.6406250000000000E+00    -5.1158084704533380E-01
 5.6718750000000000E+00    -5.0100879864544656E-01
 5.7031250000000000E+00    -4.8842966014539124E-01
 5.7343750000000000E+00    -4.7377705781704194E-01
 5.7656250000000000E+00    -4.5698478206693133E-01
 5.7968750000000000E+00    -4.3798678395097457E-01
 5.8281250000000000E+00    -4.1671716992321173E-01
 5.8593750000000000E+00    -3.9313843129297832E-01
 5.8906250000000000E+00    -3.6740091366521344E-01
 5.9218750000000000E+00    -3.3973166512061770E-01
 5.9531250000000000E+00    -3.1035806551610245E-01
 5.9843750000000000E+00    -2.7950758013912208E-01
 6.0156250000000000E+00    -2.4740774122114970E-01
 6.0468750000000000E+00    -2.1428613172175376E-01
 6.0781250000000000E+00    -1.8037037153208391E-01
 6.1093750000000000E+00    -1.4588810610565270E-01
 6.1406250000000000E+00    -1.1106699739525652E-01
 6.1718750000000000E+00    -7.6134716862051366E-02
 6.2031250000000000E+00    -4.1318940229047099E-02
 6.2343750000000000E+00    -6.8473435780705919E-03
 6.2656250000000000E+00     2.7052399662844263E-02
 6.2968750000000000E+00     6.0152621325704300E-02
 6.3281250000000000E+00     9.2225661196852549E-02
 6.3593750000000000E+00     1.2304387028390254E-01
 6.3906250000000000E+00     1.5237961511057677E-01
 6.4218750000000000E+00     1.8000528344656191E-01
 6.4531250000000000E+00     2.0569329181358975E-01
 6.4843750000000000E+00     2.2921609502671375E-01
 6.5156250000000000E+00     2.5034619793341939E-01
 6.5468750000000000E+00     2.6885616940595231E-01
 6.5781250000000000E+00     2.8451865852832586E-01
 6.6093750000000000E+00     2.9710641280442485E-01
 6.6406250000000000E+00     3.0639229810389629E-01
 6.6718750000000000E+00     3.1214968799211762E-01
 6.7031250000000000E+00     3.1427687891110562E-01
 6.7343750000000000E+00     3.1297817847608822E-01
 6.7656250000000000E+00     3.0850408588051353E-01
 6.7968750000000000E+00     3.0110528470625642E-01
 6.8281250000000000E+00     2.9103263570618415E-01
 6.8593750000000000E+00     2.7853716746848878E-01
 6.8906250000000000E+00     2.6387006510802186E-01
 6.9218750000000000E+00     2.4728265721371043E-01
 6.9531250000000000E+00     2.2902640133279528E-01
 6.9843750000000000E+00     2.0935286829402916E-01
 7.0156250000000000E+00     1.8851372566676192E-01
 7.0468750000000000E+00     1.6676072062619440E-01
 7.0781250000000000E+00     1.4434566245274527E-01
 7.1093750000000000E+00     1.2152040484184801E-01
 7.1406250000000000E+00     9.8536828145734834E-02
 7.1718750000000000E+00     7.5646821616766849E-02
 7.2031250000000000E+00     5.3102265677815931E-02
 7.2343750000000000E+00     3.1155014213369130E-02
 7.2656250000000000E+00     1.0056876858780348E-02
 7.2968750000000000E+00    -9.9403987334301894E-03
 7.3281250000000000E+00    -2.8585144651021469E-02
 7.3593750000000000E+00    -4.5625790465035530E-02
 7.3906250000000000E+00    -6.0810880863816141E-02
 7.4218750000000000E+00    -7.3889093012232926E-02
 7.4531250000000000E+00    -8.4609253387708874E-02
 7.4843750000000000E+00    -9.2720353755282592E-02
 7.5156250000000000E+00    -9.7981402459255518E-02
 7.5468750000000000E+00    -1.0037784231514517E-01
 7.5781250000000000E+00    -1.0012155312340987E-01
 7.6093750000000000E+00    -9.7434431720747561E-02
 7.6406250000000000E+00    -9.2538531131099860E-02
 7.6718750000000000E+00    -8.5656034333130390E-02
 7.7031250000000000E+00    -7.7009226516585011E-02
 7.7343750000000000E+00    -6.6820466065861700E-02
 7.7656250000000000E+00    -5.5312154596708782E-02
 7.7968750000000000E+00    -4.2706706458441476E-02
 7.8281250000000000E+00    -2.9226518196558776E-02
 7.8593750000000000E+00    -1.5093938545953740E-02
 7.8906250000000000E+00    -5.3123958937490714E-04
 7.9218750000000000E+00     1.4239410234547901E-02
 7.9531250000000000E+00     2.8995970558764947E-02
 7.9843750000000000E+00     4.3516550228472478E-02
 8.0156250000000000E+00     5.7579424452683520E-02
 8.0468750000000000E+00     7.0963047315275612E-02
 8.0781250000000000E+00     8.3446059078506302E-02
 8.1093750000000000E+00     9.4807287831453119E-02
 8.1406250000000000E+00     1.0482574519031501E-01
 8.1718750000000000E+00     1.1328061594525449E-01
 8.2031250000000000E+00     1.1995124176587112E-01
 8.2343750000000000E+00     1.2461709931913403E-01
 8.2656250000000000E+00     1.2705777341280841E-01
 8.2968750000000000E+00     1.2705292604630206E-01
 8.3281250000000000E+00     1.2438226252130016E-01
 8.3593750000000000E+00     1.1886509185430690E-01
 8.3906250000000000E+00     1.1058392830207558E-01
 8.4218750000000000E+00     9.9728606029205108E-02
 8.4531250000000000E+00     8.6489179371338029E-02
 8.4843750000000000E+00     7.1055583137762210E-02
 8.5156250000000000E+00     5.3617621115089671E-02
 8.5468750000000000E+00     3.4364965717248216E-02
 8.5781250000000000E+00     1.3487168124013873E-02
 8.6093750000000000E+00    -8.8263220524848439E-03
 8.6406250000000000E+00    -3.2386128778071052E-02
 8.6718750000000000E+00    -5.7002914682895978E-02
 8.7031250000000000E+00    -8.2487340779323626E-02
 8.7343750000000000E+00    -1.0865002249614811E-01
 8.7656250000000000E+00    -1.3530148382601295E-01
 8.7968750000000000E+00    -1.6225211148304386E-01
 8.8281250000000000E+00    -1.8931211105615628E-01
 8.8593750000000000E+00    -2.1629146721439002E-01
 8.8906250000000000E+00    -2.4299991006237931E-01
 8.9218750000000000E+00    -2.6924688973998967E-01
 8.9531250000000000E+00    -2.9484156129045958E-01
 8.9843750000000000E+00    -3.1959278166542893E-01
 9.0156250000000000E+00    -3.4330912047482309E-01
 9.0468750000000000E+00    -3.6579888571220592E-01
 9.0781250000000000E+00    -3.8687016518896877E-01
 9.1093750000000000E+00    -4.0633088380275417E-01
 9.1406250000000000E+00    -4.2398887607087260E-01
 9.1718750000000000E+00    -4.3965215283927117E-01
 9.2031250000000000E+00    -4.5318991475259213E-01
 9.2343750000000000E+00    -4.6462132467695805E-01
 9.2656250000000000E+00    -4.7398836193665761E-01
 9.2968750000000000E+00    -4.8133336697560070E-01
 9.3281250000000000E+00    -4.8669910032270197E-01
 9.3593750000000000E+00    -4.9012878808591365E-01
 9.3906250000000000E+00    -4.9166615340508496E-01
 9.4218750000000000E+00    -4.9135543398906900E-01
 9.4531250000000000E+00    -4.8924138644001947E-01
 9.4843750000000000E+00    -4.8536927850427425E-01
 9.5156250000000000E+00    -4.7978487067494235E-01
 9.5468750000000000E+00    -4.7253438870966524E-01
 9.5781250000000000E+00    -4.6366448863284326E-01
 9.6093750000000000E+00    -4.5322221568839166E-01
 9.6406250000000000E+00    -4.4125495852586799E-01
 9.6718750000000000E+00    -4.2781039967107581E-01
 9.7031250000000000E+00    -4.1293646308307397E-01
 9.7343750000000000E+00    -3.9668125936102405E-01
 9.7656250000000000E+00    -3.7909302895978059E-01
 9.7968750000000000E+00    -3.6022008362007762E-01
 9.8281250000000000E+00    -3.4011074612817482E-01
 9.8593750000000000E+00    -3.1881328849515411E-01
 9.8906250000000000E+00    -2.9637586868507076E-01
 9.9218750000000000E+00    -2.7284646611622487E-01
 9.9531250000000000E+00    -2.4827281629819287E-01
 9.9843750000000000E+00    -2.2270234513335993E-01
 1.0015625000000000E+01    -1.9618382639085577E-01
 1.0046875000000000E+01    -1.6880521991417519E-01
 1.0078125000000000E+01    -1.4069362583927170E-01
 1.0109375000000000E+01    -1.1197737133056526E-01
 1.0140625000000000E+01    -8.2784298748748097E-02
 1.0171875000000000E+01    -5.3241784925561274E-02
 1.0203125000000000E+01    -2.3476767546461073E-02
 1.0234375000000000E+01     6.3842220722441943E-03
 1.0265625000000000E+01     3.6215020600988773E-02
 1.0296875000000000E+01     6.5889789522636896E-02
 1.0328125000000000E+01     9.5282967964467488E-02
 1.0359375000000000E+01     1.2426922229545725E-01
 1.0390625000000000E+01     1.5272339320090653E-01
 1.0421875000000000E+01     1.8052044090728323E-01
 1.0453125000000000E+01     2.0753538921205672E-01
 1.0484375000000000E+01     2.3364326898604099E-01
 1.0515625000000000E+01     2.5871906186458299E-01
 1.0546875000000000E+01     2.8263764492892618E-01
 1.0578125000000000E+01     3.0527373729479468E-01
 1.0609375000000000E+01     3.2650184966064422E-01
 1.0640625000000000E+01     3.4619623800714217E-01
 1.0671875000000000E+01     3.6423086276198069E-01
 1.0703125000000000E+01     3.8047935482722445E-01
 1.0734375000000000E+01     3.9481498988644514E-01
 1.0765625000000000E+01     4.0711067234405485E-01
 1.0796875000000000E+01     4.1723893008202806E-01
 1.0828125000000000E+01     4.2507192093962770E-01
 1.0859375000000000E+01     4.3050900491974242E-01
 1.0890625000000000E+01     4.3363239872631520E-01
 1.0921875000000000E+01     4.3459877907802402E-01
 1.0953125000000000E+01     4.3356484930940087E-01
 1.0984375000000000E+01     4.3068719192588811E-01
 1.1015625000000000E+01     4.2612233682969952E-01
 1.1046875000000000E+01     4.2002682321642182E-01
 1.1078125000000000E+01     4.1255725395383874E-01
 1.1109375000000000E+01     4.0387034164843555E-01
 1.1140625000000000E+01     3.9412294599515107E-01
 1.1171875000000000E+01     3.8347210236828205E-01
 1.1203125000000000E+01     3.7207504192737295E-01
 1.1234375000000000E+01     3.6008920376891140E-01
 1.1265625000000000E+01     3.4767223984648582E-01
 1.1296875000000000E+01     3.3498201350817203E-01
 1.1328125000000000E+01     3.2217659256461656E-01
 1.1359375000000000E+01     3.0941423781206279E-01
 1.1390625000000000E+01     2.9685338790120547E-01
 1.1421875000000000E+01     2.8465264137557988E-01
 1.1453125000000000E+01     2.7297073661212440E-01
 1.1484375000000000E+01     2.6196653029049338E-01
 1.1515625000000000E+01     2.5179897490331460E-01
 1.1546875000000000E+01     2.4262709570191704E-01
 1.1578125000000000E+01     2.3460996735369438E-01
 1.1609375000000000E+01     2.2790669046918272E-01
 1.1640625000000000E+01     2.2267636803864027E-01
 1.1671875000000000E+01     2.1907782995696173E-01
 1.1703125000000000E+01     2.1718452039658956E-01
 1.1734375000000000E+01     2.1686061835935494E-01
 1.1765625000000000E+01     2.1793875076664887E-01
 1.1796875000000000E+01     2.2025145050205269E-01
 1.1828125000000000E+01     2.2363114903057560E-01
 1.1859375000000000E+01     2.2791017039659431E-01
 1.1890625000000000E+01     2.3292072659739466E-01
 1.1921875000000000E+01     2.3849491448313581E-01
 1.1953125000000000E+01     2.4446471446003851E-01
 1.1984375000000000E+01     2.5066199136994738E-01
 1.2015625000000000E+01     2.5691849798343114E-01
 1.2046875000000000E+01     2.6306588157209077E-01
 1.2078125000000000E+01     2.6893569401543910E-01
 1.2109375000000000E+01     2.7435940584577434E-01
 1.2140625000000000E+01     2.7916842453908985E-01
 1.2171875000000000E+01     2.8319411722105886E-01
 1.2203125000000000E+01     2.8626783777689074E-01
 1.2234375000000000E+01     2.8822095813770932E-01
 1.2265625000000000E+01     2.8888490327324967E-01
 1.2296875000000000E+01     2.8809118916422682E-01
 1.2328125000000000E+01     2.8567146277490002E-01
 1.2359375000000000E+01     2.8145754281795554E-01
 1.2390625000000000E+01     2.7528145992311165E-01
 1.2421875000000000E+01     2.6697549471202264E-01
 1.2453125000000000E+01     2.5637221226832219E-01
 1.2484375000000000E+01     2.4330449159232881E-01
 1.2515625000000000E+01     2.2761324079640638E-01
 1.2546875000000000E+01     2.0931663558973712E-01
 1.2578125000000000E+01     1.8861011846768283E-01
 1.2609375000000000E+01     1.6569715068233565E-01
 1.2640625000000000E+01     1.4078148071107591E-01
 1.2671875000000000E+01     1.1406710177177899E-01
 1.2703125000000000E+01     8.5758209159626619E-02
 1.2734375000000000E+01     5.6059159498445157E-02
 1.2765625000000000E+01     2.5174433634289374E-02
 1.2796875000000000E+01    -6.6913955594760603E-03
 1.2828125000000000E+01    -3.9333689706592165E-02
 1.2859375000000000E+01    -7.2547765546483137E-02
 1.2890625000000000E+01    -1.0612890991570967E-01
 1.2921875000000000E+01    -1.3987238981850247E-01
 1.2953125000000000E+01    -1.7357345870256108E-01
 1.2984375000000000E+01    -2.0702736036306640E-01
 1.3015625000000000E+01    -2.4002933210973729E-01
 1.3046875000000000E+01    -2.7237460894015519E-01
 1.3078125000000000E+01    -3.0385843046091199E-01
 1.3109375000000000E+01    -3.3427605218198642E-01
 1.3140625000000000E+01    -3.6342276257677469E-01
 1.3171875000000000E+01    -3.9109390695177243E-01
 1.3203125000000000E+01    -4.1708491871224418E-01
 1.3234375000000000E+01    -4.4119135805663923E-01
 1.3265625000000000E+01    -4.6320895750517838E-01
 1.3296875000000000E+01    -4.8293367299918577E-01
 1.3328125000000000E+01    -5.0016173864005808E-01
 1.3359375000000000E+01    -5.1472381545291113E-01
 1.3390625000000000E+01    -5.2667760041648115E-01
 1.3421875000000000E+01    -5.3617367057885246E-01
 1.3453125000000000E+01    -5.4336330630474261E-01
 1.3484375000000000E+01    -5.4839821620350560E-01
 1.3515625000000000E+01    -5.5143052625253364E-01
 1.3546875000000000E+01    -5.5261276052434505E-01
 1.3578125000000000E+01    -5.5209781413760217E-01
 1.3609375000000000E+01    -5.5003891945154715E-01
 1.3640625000000000E+01    -5.4658960682495494E-01
 1.3671875000000000E+01    -5.4190366145843583E-01
 1.3703125000000000E+01    -5.3613507793383697E-01
 1.3734375000000000E+01    -5.2943801406411739E-01
 1.3765625000000000E+01    -5.2196674558431300E-01
 1.3796875000000000E+01    -5.1387562306532963E-01
 1.3828125000000000E+01    -5.0531903223577823E-01
 1.3859375000000000E+01    -4.9645135867149393E-01
 1.3890625000000000E+01    -4.8742695757542043E-01
 1.3921875000000000E+01    -4.7840012913820701E-01
 1.3953125000000000E+01    -4.6952509975493817E-01
 1.3984375000000000E+01    -4.6095600918611512E-01
 1.4015625000000000E+01    -4.5284690359831004E-01
 1.4046875000000000E+01    -4.4535173430587016E-01
 1.4078125000000000E+01    -4.3862436196120230E-01
 1.4109375000000000E+01    -4.3281856590704054E-01
 1.4140625000000000E+01    -4.2808805840738967E-01
 1.4171875000000000E+01    -4.2458628949761390E-01
 1.4203125000000000E+01    -4.2239413372735879E-01
 1.4234375000000000E+01    -4.2141462229190352E-01
 1.4265625000000000E+01    -4.2152406300311773E-01
 1.4296875000000000E+01    -4.2259881474820932E-01
 1.4328125000000000E+01    -4.2451530670626353E-01
 1.4359375000000000E+01    -4.2715005414360885E-01
 1.4390625000000000E+01    -4.3037967070229111E-01
 1.4421875000000000E+01    -4.3408087703490389E-01
 1.4453125000000000E+01    -4.3813050558910877E-01
 1.4484375000000000E+01    -4.4240550131077028E-01
 1.4515625000000000E+01    -4.4678291801966197E-01
 1.4546875000000000E+01    -4.5113991021918276E-01
 1.4578125000000000E+01    -4.5535372013414754E-01
 1.4609375000000000E+01    -4.5930165982976018E-01
 1.4640625000000000E+01    -4.6286108835072642E-01
 1.4671875000000000E+01    -4.6590938393083597E-01
 1.4703125000000000E+01    -4.6832391145730978E-01
 1.4734375000000000E+01    -4.6998198552592962E-01
 1.4765625000000000E+01    -4.7076082958561116E-01
 1.4796875000000000E+01    -4.7053753183596658E-01
 1.4828125000000000E+01    -4.6918899869816166E-01
 1.4859375000000000E+01    -4.6659190681638663E-01
 1.4890625000000000E+01    -4.6262265465249297E-01
 1.4921875000000000E+01    -4.5715731479762339E-01
 1.4953125000000000E+01    -4.5007158813158887E-01
 1.4984375000000000E+01    -4.4124076090435288E-01
 1.5015625000000000E+01    -4.3054586506903997E-01
 1.5046875000000000E+01    -4.1801003066289960E-01
 1.5078125000000000E+01    -4.0379846789239315E-01
 1.5109375000000000E+01    -3.8808209005419109E-01
 1.5140625000000000E+01    -3.7103134130075405E-01
 1.5171875000000000E+01    -3.5281623007278845E-01
 1.5203125000000000E+01    -3.3360636651081832E-01
 1.5234375000000000E+01    -3.1357100205660288E-01
 1.5265625000000000E+01    -2.9287906963560484E-01
 1.5296875000000000E+01    -2.7169922306588695E-01
 1.5328125000000000E+01    -2.5019987464149307E-01
 1.5359375000000000E+01    -2.2854923016530190E-01
 1.5390625000000000E+01    -2.0691532103512544E-01
 1.5421875000000000E+01    -1.8546603329828851E-01
 1.5453125000000000E+01    -1.6436913386837310E-01
 1.5484375000000000E+01    -1.4379229433112048E-01
 1.5515625000000000E+01    -1.2390311294607854E-01
 1.5546875000000000E+01    -1.0486913557095938E-01
 1.5578125000000000E+01    -8.6857876294184205E-02
 1.5609375000000000E+01    -7.0036838557494457E-02
 1.5640625000000000E+01    -5.4573537486941388E-02
 1.5671875000000000E+01    -4.0635524031281317E-02
 1.5703125000000000E+01    -2.8390411338409458E-02
 1.5734375000000000E+01    -1.8005903591904182E-02
 1.5765625000000000E+01    -9.6498272925460496E-03
 1.5796875000000000E+01    -3.4901647179119656E-03
 1.5828125000000000E+01     3.0491095659490911E-04
 1.5859375000000000E+01     1.5995861479191193E-03
 1.5890625000000000E+01     4.7442085569443569E-04
 1.5921875000000000E+01    -2.9019356985238018E-03
 1.5953125000000000E+01    -8.3608692377895606E-03
 1.5984375000000000E+01    -1.5734066259412722E-02
 1.6015625000000000E+01    -2.4853517499650465E-02
 1.6046875000000000E+01    -3.5551519671637694E-02
 1.6078125000000000E+01    -4.7660675534474728E-02
 1.6109375000000000E+01    -6.1013892452718016E-02
 1.6140625000000000E+01    -7.5444379679925788E-02
 1.6171875000000000E+01    -9.0785644644002891E-02
 1.6203125000000000E+01    -1.0687148852480778E-01
 1.6234375000000000E+01    -1.2353600139697765E-01
 1.6265625000000000E+01    -1.4061355716642224E-01
 1.6296875000000000E+01    -1.5793880846233155E-01
 1.6328125000000000E+01    -1.7534668156410577E-01
 1.6359375000000000E+01    -1.9267237135150950E-01
 1.6390625000000000E+01    -2.0975133617411101E-01
 1.6421875000000000E+01    -2.2641929245024928E-01
 1.6453125000000000E+01    -2.4251220873325219E-01
 1.6484375000000000E+01    -2.5786629892955304E-01
 1.6515625000000000E+01    -2.7231801432429614E-01
 1.6546875000000000E+01    -2.8570403406828543E-01
 1.6578125000000000E+01    -2.9786125380705986E-01
 1.6609375000000000E+01    -3.0862677218822376E-01
 1.6640625000000000E+01    -3.1783787506487160E-01
 1.6671875000000000E+01    -3.2533218849954559E-01
 1.6703125000000000E+01    -3.3100551775261550E-01
 1.6734375000000000E+01    -3.3489604469349199E-01
 1.6765625000000000E+01    -3.3706344304204588E-01
 1.6796875000000000E+01    -3.3756744712118386E-01
 1.6828125000000000E+01    -3.3646782018967047E-01
 1.6859375000000000E+01    -3.3382432586554456E-01
 1.6890625000000000E+01    -3.2969670315461158E-01
 1.6921875000000000E+01    -3.2414464543852417E-01
 1.6953125000000000E+01    -3.1722778361247339E-01
 1.6984375000000000E+01    -3.0900567340199836E-01
 1.7015625000000000E+01    -2.9953778673873543E-01
 1.7046875000000000E+01    -2.8888350694154852E-01
 1.7078125000000000E+01    -2.7710212733595818E-01
 1.7109375000000000E+01    -2.6425285285325889E-01
 1.7140625000000000E+01    -2.5039480408157500E-01
 1.7171875000000000E+01    -2.3558702319373503E-01
 1.7203125000000000E+01    -2.1988848114948223E-01
 1.7234375000000000E+01    -2.0335808555985974E-01
 1.7265625000000000E+01    -1.8605468860686705E-01
 1.7296875000000000E+01    -1.6803709442892262E-01
 1.7328125000000000E+01    -1.4936406540965941E-01
 1.7359375000000000E+01    -1.3009432684183136E-01
 1.7390625000000000E+01    -1.1028656947796925E-01
 1.7421875000000000E+01    -8.9999449523659139E-02
 1.7453125000000000E+01    -6.9291585677497755E-02
 1.7484375000000000E+01    -4.8221552873945125E-02
 1.7515625000000000E+01    -2.6849108974284823E-02
 1.7546875000000000E+01    -5.2623850813933830E-03
 1.7578125000000000E+01     1.6422125485543868E-02
 1.7609375000000000E+01     3.8086772845664439E-02
 1.7640625000000000E+01     5.9613984263121561E-02
 1.7671875000000000E+01     8.0886262056378527E-02
 1.7703125000000000E+01     1.0178618249379506E-01
 1.7734375000000000E+01     1.2219639568277875E-01
 1.7765625000000000E+01     1.4199962644637301E-01
 1.7796875000000000E+01     1.6107867615252902E-01
 1.7828125000000000E+01     1.7931642542011428E-01
 1.7859375000000000E+01     1.9659583757525462E-01
 1.7890625000000000E+01     2.1279996267535492E-01
 1.7921875000000000E+01     2.2781194185991846E-01
 1.7953125000000000E+01     2.4151501173073125E-01
 1.7984375000000000E+01     2.5379250841263545E-01
 1.8015625000000000E+01     2.6452787090321384E-01
 1.8046875000000000E+01     2.7360464328794687E-01
 1.8078125000000000E+01     2.8090647537895169E-01
 1.8109375000000000E+01     2.8631712133186016E-01
 1.8140625000000000E+01     2.8972043580760271E-01
 1.8171875000000000E+01     2.9100036727411027E-01
 1.8203125000000000E+01     2.9004094808694048E-01
 1.8234375000000000E+01     2.8672628104684406E-01
 1.8265625000000000E+01     2.8094052220530885E-01
 1.8296875000000000E+01     2.7256785977508174E-01
 1.8328125000000000E+01     2.6149248910077472E-01
 1.8359375000000000E+01     2.4763350035808251E-01
 1.8390625000000000E+01     2.3114205673296009E-01
 1.8421875000000000E+01     2.1226394243673163E-01
 1.8453125000000000E+01     1.9124514293082440E-01
 1.8484375000000000E+01     1.6833156480539299E-01
 1.8515625000000000E+01     1.4376903571543981E-01
 1.8546875000000000E+01     1.1780330604225464E-01
 1.8578125000000000E+01     9.0680053254318854E-02
 1.8609375000000000E+01     6.2644889854527874E-02
 1.8640625000000000E+01     3.3943375668687298E-02
 1.8671875000000000E+01     4.8210350562568607E-03
 1.8703125000000000E+01    -2.4476620588355445E-02
 1.8734375000000000E+01    -5.3704064922510293E-02
 1.8765625000000000E+01    -8.2615723483731390E-02
 1.8796875000000000E+01    -1.1096593570904455E-01
 1.8828125000000000E+01    -1.3850891290091122E-01
 1.8859375000000000E+01    -1.6499869320060606E-01
 1.8890625000000000E+01    -1.9018909491986358E-01
 1.8921875000000000E+01    -2.1383366984035707E-01
 1.8953125000000000E+01    -2.3568565830072177E-01
 1.8984375000000000E+01    -2.5549794803447845E-01
 1.9015625000000000E+01    -2.7302303878187012E-01
 1.9046875000000000E+01    -2.8801301465881246E-01
 1.9078125000000000E+01    -3.0021952611449176E-01
 1.9109375000000000E+01    -3.0939378303816589E-01
 1.9140625000000000E+01    -3.1528656018385731E-01
 1.9171875000000000E+01    -3.1764858677688007E-01
 1.9203125000000000E+01    -3.1635604441490051E-01
 1.9234375000000000E+01    -3.1159324768892716E-01
 1.9265625000000000E+01    -3.0359065081045139E-01
 1.9296875000000000E+01    -2.9257853911940740E-01
 1.9328125000000000E+01    -2.7878711898984110E-01
 1.9359375000000000E+01    -2.6244660089960548E-01
 1.9390625000000000E+01    -2.4378727333557387E-01
 1.9421875000000000E+01    -2.2303956577153961E-01
 1.9453125000000000E+01    -2.0043409955356559E-01
 1.9484375000000000E+01    -1.7620172611941948E-01
 1.9515625000000000E+01    -1.5057355253407145E-01
 1.9546875000000000E+01    -1.2378095481927262E-01
 1.9578125000000000E+01    -9.6055579977275832E-02
 1.9609375000000000E+01    -6.7629337949640739E-02
 1.9640625000000000E+01    -3.8734385010787707E-02
 1.9671875000000000E+01    -9.6031002764025292E-03
 1.9703125000000000E+01     1.9531942884129769E-02
 1.9734375000000000E+01     4.8438008695825562E-02
 1.9765625000000000E+01     7.6882232259130351E-02
 1.9796875000000000E+01     1.0463165249020331E-01
 1.9828125000000000E+01     1.3145324304035888E-01
 1.9859375000000000E+01     1.5711393964298295E-01
 1.9890625000000000E+01     1.8138066249640639E-01
 1.9921875000000000E+01     2.0402033248124959E-01
 1.9953125000000000E+01     2.2479988022942898E-01
 1.9984375000000000E+01     2.4348624730802196E-01
 2.0015625000000000E+01     2.5985373169149911E-01
 2.0046875000000000E+01     2.7384573037414101E-01
 2.0078125000000000E+01     2.8557472156967090E-01
 2.0109375000000000E+01     2.9516049404921868E-01
 2.0140625000000000E+01     3.0272278485875148E-01
 2.0171875000000000E+01     3.0838126885975076E-01
 2.0203125000000000E+01     3.1225554825113172E-01
 2.0234375000000000E+01     3.1446514288661287E-01
 2.0265625000000000E+01     3.1512948200467772E-01
 2.0296875000000000E+01     3.1436789780829388E-01
 2.0328125000000000E+01     3.1229962117101129E-01
 2.0359375000000000E+01     3.0904377960674057E-01
 2.0390625000000000E+01     3.0471939752326899E-01
 2.0421875000000000E+01     2.9944539868489861E-01
 2.0453125000000000E+01     2.9334061073675716E-01
 2.0484375000000000E+01     2.8652377159140568E-01
 2.0515625000000000E+01     2.7911353744541834E-01
 2.0546875000000000E+01     2.7122849217763839E-01
 2.0578125000000000E+01     2.6298715787929244E-01
 2.0609375000000000E+01     2.5450800627663578E-01
 2.0640625000000000E+01     2.4590947082679365E-01
 2.0671875000000000E+01     2.3730995929463922E-01
 2.0703125000000000E+01     2.2882786665094623E-01
 2.0734375000000000E+01     2.2058158816787696E-01
 2.0765625000000000E+01     2.1268953262579321E-01
 2.0796875000000000E+01     2.0527013558441268E-01
 2.0828125000000000E+01     1.9844187271060285E-01
 2.0859375000000000E+01     1.9230401722187648E-01
 2.0890625000000000E+01     1.8682789436686906E-01
 2.0921875000000000E+01     1.8193267499111929E-01
 2.0953125000000000E+01     1.7753743336478595E-01
 2.0984375000000000E+01     1.7356128766819640E-01
 2.1015625000000000E+01     1.6992338694845668E-01
 2.1046875000000000E+01     1.6654289862290267E-01
 2.1078125000000000E+01     1.6333899650146544E-01
 2.1109375000000000E+01     1.6023084926656783E-01
 2.1140625000000000E+01     1.5713760932660170E-01
 2.1171875000000000E+01     1.5397840194673726E-01
 2.1203125000000000E+01     1.5067231455808944E-01
 2.1234375000000000E+01     1.4713838615229241E-01
 2.1265625000000000E+01     1.4329559668234487E-01
 2.1296875000000000E+01     1.3906285641095156E-01
 2.1328125000000000E+01     1.3435899517311067E-01
 2.1359375000000000E+01     1.2910275154864420E-01
 2.1390625000000000E+01     1.2321276197086393E-01
 2.1421875000000000E+01     1.1660754982751789E-01
 2.1453125000000000E+01     1.0920551463723832E-01
 2.1484375000000000E+01     1.0092492140675002E-01
 2.1515625000000000E+01     9.1683890288724909E-02
 2.1546875000000000E+01     8.1400386665401642E-02
 2.1578125000000000E+01     6.9992211777163846E-02
 2.1609375000000000E+01     5.7376993996948657E-02
 2.1640625000000000E+01     4.3472180820048660E-02
 2.1671875000000000E+01     2.8195202204481618E-02
 2.1703125000000000E+01     1.1521130086148345E-02
 2.1734375000000000E+01    -6.4333835315414992E-03
 2.1765625000000000E+01    -2.5530544468119733E-02
 2.1796875000000000E+01    -4.5632718668178966E-02
 2.1828125000000000E+01    -6.6602407286655327E-02
 2.1859375000000000E+01    -8.8302222569377642E-02
 2.1890625000000000E+01    -1.1059486476206110E-01
 2.1921875000000000E+01    -1.3334310019481085E-01
 2.1953125000000000E+01    -1.5640974059555807E-01
 2.1984375000000000E+01    -1.7965762359220205E-01
 2.2015625000000000E+01    -2.0294959427639372E-01
 2.2046875000000000E+01    -2.2614848762771628E-01
 2.2078125000000000E+01    -2.4911711154030963E-01
 2.2109375000000000E+01    -2.7171823015841379E-01
 2.2140625000000000E+01    -2.9381454721533395E-01
 2.2171875000000000E+01    -3.1526868908331174E-01
 2.2203125000000000E+01    -3.3594318727972255E-01
 2.2234375000000000E+01    -3.5570046023681262E-01
 2.2265625000000000E+01    -3.7440279422536349E-01
 2.2296875000000000E+01    -3.9191232342349935E-01
 2.2328125000000000E+01    -4.0809100923535940E-01
 2.2359375000000000E+01    -4.2280061908428523E-01
 2.2390625000000000E+01    -4.3590270502420170E-01
 2.2421875000000000E+01    -4.4725858262280582E-01
 2.2453125000000000E+01    -4.5672931066226080E-01
 2.2484375000000000E+01    -4.6417567226843004E-01
 2.2515625000000000E+01    -4.6946377345237178E-01
 2.2546875000000000E+01    -4.7258856687486972E-01
 2.2578125000000000E+01    -4.7367384921990641E-01
 2.2609375000000000E+01    -4.7284873919046677E-01
 2.2640625000000000E+01    -4.7024208772470677E-01
 2.2671875000000000E+01    -4.6598250538615515E-01
 2.2703125000000000E+01    -4.6019839080585695E-01
 2.2734375000000000E+01    -4.5301795967641051E-01
 2.2765625000000000E+01    -4.4456927377310917E-01
 2.2796875000000000E+01    -4.3498026948313218E-01
 2.2828125000000000E+01    -4.2437878535609697E-01
 2.2859375000000000E+01    -4.1289258824358654E-01
 2.2890625000000000E+01    -4.0064939766610214E-01
 2.2921875000000000E+01    -3.8777690812786542E-01
 2.2953125000000000E+01    -3.7440280918760083E-01
 2.2984375000000000E+01    -3.6065480318214449E-01
 2.3015625000000000E+01    -3.4666062058507563E-01
 2.3046875000000000E+01    -3.3254803306120839E-01
 2.3078125000000000E+01    -3.1844486434692082E-01
 2.3109375000000000E+01    -3.0447899914411558E-01
 2.3140625000000000E+01    -2.9077839026088514E-01
 2.3171875000000000E+01    -2.7747106426416729E-01
 2.3203125000000000E+01    -2.6468512592887472E-01
 2.3234375000000000E+01    -2.5254876177455560E-01
 2.3265625000000000E+01    -2.4119024297545355E-01
 2.3296875000000000E+01    -2.3073792791381958E-01
 2.3328125000000000E+01    -2.2132026462078222E-01
 2.3359375000000000E+01    -2.1304898143509438E-01
 2.3390625000000000E+01    -2.0592413572418267E-01
 2.3421875000000000E+01    -1.9990028363506224E-01
 2.3453125000000000E+01    -1.9493193286405736E-01
 2.3484375000000000E+01    -1.9097366986954456E-01
 2.3515625000000000E+01    -1.8798015335997781E-01
 2.3546875000000000E+01    -1.8590610843487268E-01
 2.3578125000000000E+01    -1.8470632126725206E-01
 2.3609375000000000E+01    -1.8433563422762134E-01
 2.3640625000000000E+01    -1.8474894136151879E-01
 2.3671875000000000E+01    -1.8590118414467816E-01
 2.3703125000000000E+01    -1.8774734745153498E-01
 2.3734375000000000E+01    -1.9024245568397480E-01
 2.3765625000000000E+01    -1.9334156901768582E-01
 2.3796875000000000E+01    -1.9699977973312174E-01
 2.3828125000000000E+01    -2.0117220860685173E-01
 2.3859375000000000E+01    -2.0581400134689806E-01
 2.3890625000000000E+01    -2.1088032506258131E-01
 2.3921875000000000E+01    -2.1632636476538486E-01
 2.3953125000000000E+01    -2.2210731990248839E-01
 2.3984375000000000E+01    -2.2817840092893252E-01
 2.4015625000000000E+01    -2.3423885631748920E-01
 2.4046875000000000E+01    -2.3870161939924017E-01
 2.4078125000000000E+01    -2.4127289820180958E-01
 2.4109375000000000E+01    -2.4195705521075705E-01
 2.4140625000000000E+01    -2.4080073811122737E-01
 2.4171875000000000E+01    -2.3789015536672997E-01
 2.4203125000000000E+01    -2.3334714330241924E-01
 2.4234375000000000E+01    -2.2732416605261829E-01
 2.4265625000000000E+01    -2.1999842867370917E-01
 2.4296875000000000E+01    -2.1156531571177228E-01
 2.4328125000000000E+01    -2.0223139135943088E-01
 2.4359375000000000E+01    -1.9220721218556117E-01
 2.4390625000000000E+01    -1.8170020878263274E-01
 2.4421875000000000E+01    -1.7090788842193330E-01
 2.4453125000000000E+01    -1.6001159716168553E-01
 2.4484375000000000E+01    -1.4917105737025396E-01
 2.4515625000000000E+01    -1.3851986615570983E-01
 2.4546875000000000E+01    -1.2816210284435225E-01
 2.4578125000000000E+01    -1.1817015075934460E-01
 2.4609375000000000E+01    -1.0858379163920298E-01
 2.4640625000000000E+01    -9.9410581777374440E-02
 2.4671875000000000E+01    -9.0627469139901037E-02
 2.4703125000000000E+01    -8.2183562170609695E-02
 2.4734375000000000E+01    -7.4003915570140050E-02
 2.4765625000000000E+01    -6.5994157825364982E-02
 2.4796875000000000E+01    -5.8045751327919892E-02
 2.4828125000000000E+01    -5.0041650007666479E-02
 2.4859375000000000E+01    -4.1862102692302408E-02
 2.4890625000000000E+01    -3.3390343715217027E-02
 2.4921875000000000E+01    -2.4517916058161896E-02
 2.4953125000000000E+01    -1.5149386528455539E-02
 2.4984375000000000E+01    -5.2062366833602229E-03
