#                  time                       real
 1.5625000000000000E-02     2.4496737703857637E-03
 4.6875000000000000E-02     6.9343846529618357E-03
 7.8125000000000000E-02     1.0883966173251464E-02
 1.0937500000000000E-01     1.4319681749623647E-02
 1.4062500000000000E-01     1.7262794800447373E-02
 1.7187500000000000E-01     1.9734568744091650E-02
 2.0312500000000000E-01     2.1756266998925487E-02
 2.3437500000000000E-01     2.3349152983317863E-02
 2.6562500000000000E-01     2.4534490115637776E-02
 2.9687500000000000E-01     2.5333541814254235E-02
 3.2812500000000000E-01     2.5767571497536234E-02
 3.5937500000000000E-01     2.5857842583852764E-02
 3.9062500000000000E-01     2.5625618491572827E-02
 4.2187500000000000E-01     2.5092162639065423E-02
 4.5312500000000000E-01     2.4278738444699556E-02
 4.8437500000000000E-01     2.3206609326844204E-02
 5.1562500000000000E-01     2.1897038703868384E-02
 5.4687500000000000E-01     2.0371289994141083E-02
 5.7812500000000000E-01     1.8650626616031306E-02
 6.0937500000000000E-01     1.6756311987908050E-02
 6.4062500000000000E-01     1.4709609528140303E-02
 6.7187500000000000E-01     1.2531782655097076E-02
 7.0312500000000000E-01     1.0244094787147360E-02
 7.3437500000000000E-01     7.8678093426601450E-03
 7.6562500000000000E-01     5.4241897400044469E-03
 7.9687500000000000E-01     2.9344993975492393E-03
 8.2812500000000000E-01     4.2000173366354618E-04
 8.5937500000000000E-01    -2.0980398332836447E-03
 8.9062500000000000E-01    -4.5983618849233365E-03
 9.2187500000000000E-01    -7.0597010028865493E-03
 9.5312500000000000E-01    -9.4607937688042411E-03
 9.8437500000000000E-01    -1.1780376764307463E-02
 1.0156250000000000E+00    -1.3997186571027189E-02
 1.0468750000000000E+00    -1.6089959770594419E-02
 1.0781250000000000E+00    -1.8037432944640157E-02
 1.1093750000000000E+00    -1.9818342674795448E-02
 1.1406250000000000E+00    -2.1411425542691237E-02
 1.1718750000000000E+00    -2.2795418129958556E-02
 1.2031250000000000E+00    -2.3949057018228369E-02
 1.2343750000000000E+00    -2.4851078789131762E-02
 1.2656250000000000E+00    -2.5480220024299630E-02
 1.2968750000000000E+00    -2.5815217305363066E-02
 1.3281250000000000E+00    -2.5834807213953030E-02
 1.3593750000000000E+00    -2.5517726331700505E-02
 1.3906250000000000E+00    -2.4842711240236542E-02
 1.4218750000000000E+00    -2.3788498521192119E-02
 1.4531250000000000E+00    -2.2333824756198231E-02
 1.4843750000000000E+00    -2.0457426526885879E-02
 1.5156250000000000E+00    -1.8138040414886092E-02
 1.5468750000000000E+00    -1.5354403001829844E-02
 1.5781250000000000E+00    -1.2085250869348155E-02
 1.6093750000000000E+00    -8.3093205990719954E-03
 1.6406250000000000E+00    -4.0053487726323927E-03
 1.6718750000000000E+00     8.4787715144064033E-04
 1.7031250000000000E+00     6.2543224458664962E-03
 1.7343750000000000E+00     1.2175673680320583E-02
 1.7656250000000000E+00     1.8567257812107177E-02
 1.7968750000000000E+00     2.5384401798530607E-02
 1.8281250000000000E+00     3.2582432596895083E-02
 1.8593750000000000E+00     4.0116677164504885E-02
 1.8906250000000000E+00     4.7942462458664264E-02
 1.9218750000000000E+00     5.6015115436677532E-02
 1.9531250000000000E+00     6.4289963055848970E-02
 1.9843750000000000E+00     7.2722332273482806E-02
 2.0156250000000000E+00     8.1267550046883325E-02
 2.0468750000000000E+00     8.9880943333354751E-02
 2.0781250000000000E+00     9.8517839090201439E-02
 2.1093750000000000E+00     1.0713356427472762E-01
 2.1406250000000000E+00     1.1568344584423752E-01
 2.1718750000000000E+00     1.2412281075603544E-01
 2.2031250000000000E+00     1.3240698596742570E-01
 2.2343750000000000E+00     1.4049129843571251E-01
 2.2656250000000000E+00     1.4833107511820012E-01
 2.2968750000000000E+00     1.5588164297219287E-01
 2.3281250000000000E+00     1.6309832895499496E-01
 2.3593750000000000E+00     1.6993646002391080E-01
 2.3906250000000000E+00     1.7635136313624442E-01
 2.4218750000000000E+00     1.8229836524930032E-01
 2.4531250000000000E+00     1.8773279332038256E-01
 2.4843750000000000E+00     1.9260997430679558E-01
 2.5156250000000000E+00     1.9688562461360984E-01
 2.5468750000000000E+00     2.0052441794452042E-01
 2.5781250000000000E+00     2.0349998530184710E-01
 2.6093750000000000E+00     2.0578634713567542E-01
 2.6406250000000000E+00     2.0735752389609147E-01
 2.6718750000000000E+00     2.0818753603318108E-01
 2.7031250000000000E+00     2.0825040399703013E-01
 2.7343750000000000E+00     2.0752014823772444E-01
 2.7656250000000000E+00     2.0597078920534995E-01
 2.7968750000000000E+00     2.0357634734999258E-01
 2.8281250000000000E+00     2.0031084312173797E-01
 2.8593750000000000E+00     1.9614829697067226E-01
 2.8906250000000000E+00     1.9106272934688120E-01
 2.9218750000000000E+00     1.8502816070045064E-01
 2.9531250000000000E+00     1.7801861148146658E-01
 2.9843750000000000E+00     1.7000810214001472E-01
 3.0156250000000000E+00     1.6097065312618103E-01
 3.0468750000000000E+00     1.5088028489005145E-01
 3.0781250000000000E+00     1.3971101788171172E-01
 3.1093750000000000E+00     1.2743687255124780E-01
 3.1406250000000000E+00     1.1403186934874548E-01
 3.1718750000000000E+00     9.9470028724290671E-02
 3.2031250000000000E+00     8.3725371127969336E-02
 3.2343750000000000E+00     6.6771917009867274E-02
 3.2656250000000000E+00     4.8583686820070290E-02
 3.2968750000000000E+00     2.9134701008664349E-02
 3.3281250000000000E+00     8.3989800257353291E-03
 3.3593750000000000E+00    -1.3629044200526755E-02
 3.3906250000000000E+00    -3.6819244235495110E-02
 3.4218750000000000E+00    -6.0986136715924344E-02
 3.4531250000000000E+00    -8.5944074986744237E-02
 3.4843750000000000E+00    -1.1150741239288477E-01
 3.5156250000000000E+00    -1.3749050227927551E-01
 3.5468750000000000E+00    -1.6370769799084636E-01
 3.5781250000000000E+00    -1.8997335287252715E-01
 3.6093750000000000E+00    -2.1610182026924762E-01
 3.6406250000000000E+00    -2.4190745352593779E-01
 3.6718750000000000E+00    -2.6720460598752704E-01
 3.7031250000000000E+00    -2.9180763099894569E-01
 3.7343750000000000E+00    -3.1553088190512324E-01
 3.7656250000000000E+00    -3.3818871205098944E-01
 3.7968750000000000E+00    -3.5959547478147424E-01
 3.8281250000000000E+00    -3.7956552344150740E-01
 3.8593750000000000E+00    -3.9791321137601865E-01
 3.8906250000000000E+00    -4.1445289192993795E-01
 3.9218750000000000E+00    -4.2899891844819527E-01
 3.9531250000000000E+00    -4.4136564427572000E-01
 3.9843750000000000E+00    -4.5136742275744202E-01
 4.0156250000000000E+00    -4.5881860723829138E-01
 4.0468750000000000E+00    -4.6353355106319738E-01
 4.0781250000000000E+00    -4.6532660757709055E-01
 4.1093750000000000E+00    -4.6401213012490006E-01
 4.1406250000000000E+00    -4.5940447205155638E-01
 4.1718750000000000E+00    -4.5131831898160485E-01
 4.2031250000000000E+00    -4.3968099932947124E-01
 4.2343750000000000E+00    -4.2469596587061281E-01
 4.2656250000000000E+00    -4.0660820633250788E-01
 4.2968750000000000E+00    -3.8566270844263428E-01
 4.3281250000000000E+00    -3.6210445992847018E-01
 4.3593750000000000E+00    -3.3617844851749334E-01
 4.3906250000000000E+00    -3.0812966193718211E-01
 4.4218750000000000E+00    -2.7820308791501402E-01
 4.4531250000000000E+00    -2.4664371417846728E-01
 4.4843750000000000E+00    -2.1369652845502007E-01
 4.5156250000000000E+00    -1.7960651847214998E-01
 4.5468750000000000E+00    -1.4461867195733544E-01
 4.5781250000000000E+00    -1.0897797663805432E-01
 4.6093750000000000E+00    -7.2929420241784448E-02
 4.6406250000000000E+00    -3.6717990496003938E-02
 4.6718750000000000E+00    -5.8867512819087229E-04
 4.7031250000000000E+00     3.5213538134176964E-02
 4.7343750000000000E+00     7.0443661563621376E-02
 4.7656250000000000E+00     1.0485670743266456E-01
 4.7968750000000000E+00     1.3820768801382827E-01
 4.8281250000000000E+00     1.7025161557963472E-01
 4.8593750000000000E+00     2.0074350240260572E-01
 4.8906250000000000E+00     2.2943836075526353E-01
 4.9218750000000000E+00     2.5609120291012993E-01
 4.9531250000000000E+00     2.8045704113972686E-01
 4.9843750000000000E+00     3.0229088771657664E-01
 5.0156250000000000E+00     3.2135496397085256E-01
 5.0468750000000000E+00     3.3757729955871302E-01
 5.0781250000000000E+00     3.5105173246230081E-01
 5.1093750000000000E+00     3.6187930972141102E-01
 5.1406250000000000E+00     3.7016107837583789E-01
 5.1718750000000000E+00     3.7599808546537622E-01
 5.2031250000000000E+00     3.7949137802982053E-01
 5.2343750000000000E+00     3.8074200310896522E-01
 5.2656250000000000E+00     3.7985100774260527E-01
 5.2968750000000000E+00     3.7691943897053504E-01
 5.3281250000000000E+00     3.7204834383254926E-01
 5.3593750000000000E+00     3.6533876936844240E-01
 5.3906250000000000E+00     3.5689176261800909E-01
 5.4218750000000000E+00     3.4680837062104375E-01
 5.4531250000000000E+00     3.3518964041734139E-01
 5.4843750000000000E+00     3.2213661904669655E-01
 5.5156250000000000E+00     3.0775035354890345E-01
 5.5468750000000000E+00     2.9213189096375708E-01
 5.5781250000000000E+00     2.7538227833105167E-01
 5.6093750000000000E+00     2.5760256269058224E-01
 5.6406250000000000E+00     2.3889379108214309E-01
 5.6718750000000000E+00     2.1935701054552892E-01
 5.7031250000000000E+00     1.9909326812053432E-01
 5.7343750000000000E+00     1.7820361084695396E-01
 5.7656250000000000E+00     1.5678908576458239E-01
 5.7968750000000000E+00     1.3495073991321405E-01
 5.8281250000000000E+00     1.1278962033264379E-01
 5.8593750000000000E+00     9.0407449990656696E-02
 5.8906250000000000E+00     6.7910445424319496E-02
 5.9218750000000000E+00     4.5406656287409274E-02
 5.9531250000000000E+00     2.3004137641127114E-02
 5.9843750000000000E+00     8.1094454667426583E-04
 6.0156250000000000E+00    -2.1064867934748214E-02
 6.0468750000000000E+00    -4.2515244741939351E-02
 6.0781250000000000E+00    -6.3432130813697890E-02
 6.1093750000000000E+00    -8.3707471088822760E-02
 6.1406250000000000E+00    -1.0323321050611294E-01
 6.1718750000000000E+00    -1.2190129400436725E-01
 6.2031250000000000E+00    -1.3960366652238457E-01
 6.2343750000000000E+00    -1.5623227299896394E-01
 6.2656250000000000E+00    -1.7167905837290420E-01
 6.2968750000000000E+00    -1.8583596758300405E-01
 6.3281250000000000E+00    -1.9859494556806259E-01
 6.3593750000000000E+00    -2.0984793726687875E-01
 6.3906250000000000E+00    -2.1948688761825130E-01
 6.4218750000000000E+00    -2.2740374156097914E-01
 6.4531250000000000E+00    -2.3349044403386143E-01
 6.4843750000000000E+00    -2.3763893997569660E-01
 6.5156250000000000E+00    -2.3974117432528391E-01
 6.5468750000000000E+00    -2.3968909202142222E-01
 6.5781250000000000E+00    -2.3737463800291025E-01
 6.6093750000000000E+00    -2.3268975720854718E-01
 6.6406250000000000E+00    -2.2552639457713153E-01
 6.6718750000000000E+00    -2.1577671752897404E-01
 6.7031250000000000E+00    -2.0340831471679069E-01
 6.7343750000000000E+00    -1.8857365692937170E-01
 6.7656250000000000E+00    -1.7145302514444749E-01
 6.7968750000000000E+00    -1.5222670033974850E-01
 6.8281250000000000E+00    -1.3107496349300504E-01
 6.8593750000000000E+00    -1.0817809558194762E-01
 6.8906250000000000E+00    -8.3716377584306528E-02
 6.9218750000000000E+00    -5.7870090477812122E-02
 6.9531250000000000E+00    -3.0819515240194911E-02
 6.9843750000000000E+00    -2.7449328491851348E-03
 7.0156250000000000E+00     2.6173375717486611E-02
 7.0468750000000000E+00     5.5755129482090167E-02
 7.0781250000000000E+00     8.5820047466894839E-02
 7.1093750000000000E+00     1.1618784869417050E-01
 7.1406250000000000E+00     1.4667825218618669E-01
 7.1718750000000000E+00     1.7711097696521300E-01
 7.2031250000000000E+00     2.0730574205351901E-01
 7.2343750000000000E+00     2.3708226647337435E-01
 7.2656250000000000E+00     2.6626026924704882E-01
 7.2968750000000000E+00     2.9465946939681165E-01
 7.3281250000000000E+00     3.2209958594493271E-01
 7.3593750000000000E+00     3.4840033791368141E-01
 7.3906250000000000E+00     3.7338144432532755E-01
 7.4218750000000000E+00     3.9686262420214080E-01
 7.4531250000000000E+00     4.1866359656639063E-01
 7.4843750000000000E+00     4.3860408044034649E-01
 7.5156250000000000E+00     4.5650847918043264E-01
 7.5468750000000000E+00     4.7230893582862554E-01
 7.5781250000000000E+00     4.8604533311245407E-01
 7.6093750000000000E+00     4.9776223809360098E-01
 7.6406250000000000E+00     5.0750421783375022E-01
 7.6718750000000000E+00     5.1531583939458458E-01
 7.7031250000000000E+00     5.2124166983778719E-01
 7.7343750000000000E+00     5.2532627622504136E-01
 7.7656250000000000E+00     5.2761422561803062E-01
 7.7968750000000000E+00     5.2815008507843841E-01
 7.8281250000000000E+00     5.2697842166794717E-01
 7.8593750000000000E+00     5.2414380244824077E-01
 7.8906250000000000E+00     5.1969079448100219E-01
 7.9218750000000000E+00     5.1366396482791488E-01
 7.9531250000000000E+00     5.0610788055066203E-01
 7.9843750000000000E+00     4.9706710871092652E-01
 8.0156250000000000E+00     4.8658621637039201E-01
 8.0468750000000000E+00     4.7470977059074160E-01
 8.0781250000000000E+00     4.6148233843365871E-01
 8.1093750000000000E+00     4.4694848696082623E-01
 8.1406250000000000E+00     4.3115278323392753E-01
 8.1718750000000000E+00     4.1413979431464598E-01
 8.2031250000000000E+00     3.9595408726466474E-01
 8.2343750000000000E+00     3.7664022914566708E-01
 8.2656250000000000E+00     3.5624278701933620E-01
 8.2968750000000000E+00     3.3480632794735521E-01
 8.3281250000000000E+00     3.1237541899140775E-01
 8.3593750000000000E+00     2.8900478505407995E-01
 8.3906250000000000E+00     2.6481668036428424E-01
 8.4218750000000000E+00     2.3996090721546209E-01
 8.4531250000000000E+00     2.1458734916378280E-01
 8.4843750000000000E+00     1.8884588976541553E-01
 8.5156250000000000E+00     1.6288641257652930E-01
 8.5468750000000000E+00     1.3685880115329324E-01
 8.5781250000000000E+00     1.1091293905187637E-01
 8.6093750000000000E+00     8.5198709828447836E-02
 8.6406250000000000E+00     5.9865997039176770E-02
 8.6718750000000000E+00     3.5064684240232270E-02
 8.7031250000000000E+00     1.0944654987783388E-02
 8.7343750000000000E+00    -1.2344207162000803E-02
 8.7656250000000000E+00    -3.4652018652951047E-02
 8.7968750000000000E+00    -5.5828895928898351E-02
 8.8281250000000000E+00    -7.5724955433673719E-02
 8.8593750000000000E+00    -9.4190313611107884E-02
 8.8906250000000000E+00    -1.1107508690503176E-01
 8.9218750000000000E+00    -1.2622939175927633E-01
 8.9531250000000000E+00    -1.3950334461767247E-01
 8.9843750000000000E+00    -1.5074706192405102E-01
 9.0156250000000000E+00    -1.5981066012224299E-01
 9.0468750000000000E+00    -1.6654425565607917E-01
 9.0781250000000000E+00    -1.7079796496939051E-01
 9.1093750000000000E+00    -1.7242190450600792E-01
 9.1406250000000000E+00    -1.7126619070976232E-01
 9.1718750000000000E+00    -1.6718122982864542E-01
 9.2031250000000000E+00    -1.6011567172121843E-01
 9.2343750000000000E+00    -1.5025899350380892E-01
 9.2656250000000000E+00    -1.3783689781286579E-01
 9.2968750000000000E+00    -1.2307508728483824E-01
 9.3281250000000000E+00    -1.0619926455617516E-01
 9.3593750000000000E+00    -8.7435132263325721E-02
 9.3906250000000000E+00    -6.7008393042738798E-02
 9.4218750000000000E+00    -4.5144749530863580E-02
 9.4531250000000000E+00    -2.2069904364148938E-02
 9.4843750000000000E+00     1.9904398209560532E-03
 9.5156250000000000E+00     2.6810580388002419E-02
 9.5468750000000000E+00     5.2164814700540886E-02
 9.5781250000000000E+00     7.7827440122122699E-02
 9.6093750000000000E+00     1.0357275401629884E-01
 9.6406250000000000E+00     1.2917505374662008E-01
 9.6718750000000000E+00     1.5440863667663751E-01
 9.7031250000000000E+00     1.7904780016990213E-01
 9.7343750000000000E+00     2.0286684158996487E-01
 9.7656250000000000E+00     2.2564005830037667E-01
 9.7968750000000000E+00     2.4714174766468855E-01
 9.8281250000000000E+00     2.6714620704645148E-01
 9.8593750000000000E+00     2.8542773380921649E-01
 9.8906250000000000E+00     3.0176062531653447E-01
 9.9218750000000000E+00     3.1591917893195637E-01
 9.9531250000000000E+00     3.2767769201903324E-01
 9.9843750000000000E+00     3.3681046194131614E-01
 1.0015625000000000E+01     3.4309968067985985E-01
 1.0046875000000000E+01     3.4650911641831383E-01
 1.0078125000000000E+01     3.4718411354292189E-01
 1.0109375000000000E+01     3.4527791105743150E-01
 1.0140625000000000E+01     3.4094374796559040E-01
 1.0171875000000000E+01     3.3433486327114670E-01
 1.0203125000000000E+01     3.2560449597784741E-01
 1.0234375000000000E+01     3.1490588508944045E-01
 1.0265625000000000E+01     3.0239226960967369E-01
 1.0296875000000000E+01     2.8821688854229455E-01
 1.0328125000000000E+01     2.7253298089105127E-01
 1.0359375000000000E+01     2.5549378565969105E-01
 1.0390625000000000E+01     2.3725254185196176E-01
 1.0421875000000000E+01     2.1796248847161098E-01
 1.0453125000000000E+01     1.9777686452238655E-01
 1.0484375000000000E+01     1.7684890900803601E-01
 1.0515625000000000E+01     1.5533186093230725E-01
 1.0546875000000000E+01     1.3337895929894789E-01
 1.0578125000000000E+01     1.1114344311170558E-01
 1.0609375000000000E+01     8.8778551374328024E-02
 1.0640625000000000E+01     6.6437523090563083E-02
 1.0671875000000000E+01     4.4273597264158165E-02
 1.0703125000000000E+01     2.2440012898861193E-02
 1.0734375000000000E+01     1.0900089984197726E-03
 1.0765625000000000E+01    -1.9623175433418405E-02
 1.0796875000000000E+01    -3.9546301392905617E-02
 1.0828125000000000E+01    -5.8526129876294117E-02
 1.0859375000000000E+01    -7.6423720331661310E-02
 1.0890625000000000E+01    -9.3195188314817781E-02
 1.0921875000000000E+01    -1.0883542678292342E-01
 1.0953125000000000E+01    -1.2333944308075293E-01
 1.0984375000000000E+01    -1.3670224455308100E-01
 1.1015625000000000E+01    -1.4891883854468230E-01
 1.1046875000000000E+01    -1.5998423240033144E-01
 1.1078125000000000E+01    -1.6989343346480312E-01
 1.1109375000000000E+01    -1.7864144908287205E-01
 1.1140625000000000E+01    -1.8622328659931281E-01
 1.1171875000000000E+01    -1.9263395335889996E-01
 1.1203125000000000E+01    -1.9786845670640832E-01
 1.1234375000000000E+01    -2.0192180398661252E-01
 1.1265625000000000E+01    -2.0478900254428731E-01
 1.1296875000000000E+01    -2.0646505972420712E-01
 1.1328125000000000E+01    -2.0694498287114677E-01
 1.1359375000000000E+01    -2.0622377932988090E-01
 1.1390625000000000E+01    -2.0429645644518424E-01
 1.1421875000000000E+01    -2.0115802156183121E-01
 1.1453125000000000E+01    -1.9680348202459674E-01
 1.1484375000000000E+01    -1.9122784517825528E-01
 1.1515625000000000E+01    -1.8442611836758169E-01
 1.1546875000000000E+01    -1.7639330893735047E-01
 1.1578125000000000E+01    -1.6712442423233637E-01
 1.1609375000000000E+01    -1.5661447159731390E-01
 1.1640625000000000E+01    -1.4485845837705791E-01
 1.1671875000000000E+01    -1.3185150209140784E-01
 1.1703125000000000E+01    -1.1762606960719407E-01
 1.1734375000000000E+01    -1.0230618327015381E-01
 1.1765625000000000E+01    -8.6029637309132836E-02
 1.1796875000000000E+01    -6.8934225952977018E-02
 1.1828125000000000E+01    -5.1157743430532303E-02
 1.1859375000000000E+01    -3.2837983970644517E-02
 1.1890625000000000E+01    -1.4112741802159523E-02
 1.1921875000000000E+01     4.8801888460768394E-03
 1.1953125000000000E+01     2.4003013745218637E-02
 1.1984375000000000E+01     4.3117938666420087E-02
 1.2015625000000000E+01     6.2087169380835250E-02
 1.2046875000000000E+01     8.0772911659618252E-02
 1.2078125000000000E+01     9.9037371273923203E-02
 1.2109375000000000E+01     1.1674275399490437E-01
 1.2140625000000000E+01     1.3375126559371581E-01
 1.2171875000000000E+01     1.4992511184151158E-01
 1.2203125000000000E+01     1.6512649850944588E-01
 1.2234375000000000E+01     1.7921763136867286E-01
 1.2265625000000000E+01     1.9206071619034656E-01
 1.2296875000000000E+01     2.0351795874562120E-01
 1.2328125000000000E+01     2.1345156480565092E-01
 1.2359375000000000E+01     2.2172374014158974E-01
 1.2390625000000000E+01     2.2819669052459191E-01
 1.2421875000000000E+01     2.3273262172581161E-01
 1.2453125000000000E+01     2.3519373951640274E-01
 1.2484375000000000E+01     2.3544224966751981E-01
 1.2515625000000000E+01     2.3334693731063877E-01
 1.2546875000000000E+01     2.2892791286464864E-01
 1.2578125000000000E+01     2.2235661203585042E-01
 1.2609375000000000E+01     2.1381104989086774E-01
 1.2640625000000000E+01     2.0346924149632356E-01
 1.2671875000000000E+01     1.9150920191884160E-01
 1.2703125000000000E+01     1.7810894622504497E-01
 1.2734375000000000E+01     1.6344648948155729E-01
 1.2765625000000000E+01     1.4769984675500170E-01
 1.2796875000000000E+01     1.3104703311200161E-01
 1.2828125000000000E+01     1.1366606361918055E-01
 1.2859375000000000E+01     9.5734953343161830E-02
 1.2890625000000000E+01     7.7431717350568724E-02
 1.2921875000000000E+01     5.8934370708024639E-02
 1.2953125000000000E+01     4.0420928482153048E-02
 1.2984375000000000E+01     2.2069405739577198E-02
 1.3015625000000000E+01     4.0578175469204898E-03
 1.3046875000000000E+01    -1.3435821029193662E-02
 1.3078125000000000E+01    -3.0233494922141842E-02
 1.3109375000000000E+01    -4.6157189065300877E-02
 1.3140625000000000E+01    -6.1028888392047162E-02
 1.3171875000000000E+01    -7.4670577835757493E-02
 1.3203125000000000E+01    -8.6904242329808423E-02
 1.3234375000000000E+01    -9.7551866807576548E-02
 1.3265625000000000E+01    -1.0643543620243852E-01
 1.3296875000000000E+01    -1.1337693544777112E-01
 1.3328125000000000E+01    -1.1819834947695074E-01
 1.3359375000000000E+01    -1.2075147353217744E-01
 1.3390625000000000E+01    -1.2108628178870889E-01
 1.3421875000000000E+01    -1.1933359397933133E-01
 1.3453125000000000E+01    -1.1562446831930193E-01
 1.3484375000000000E+01    -1.1008996302387757E-01
 1.3515625000000000E+01    -1.0286113630831550E-01
 1.3546875000000000E+01    -9.4069046387872557E-02
 1.3578125000000000E+01    -8.3844751477805901E-02
 1.3609375000000000E+01    -7.2319309793372547E-02
 1.3640625000000000E+01    -5.9623779549829434E-02
 1.3671875000000000E+01    -4.5889218962433684E-02
 1.3703125000000000E+01    -3.1246686246442296E-02
 1.3734375000000000E+01    -1.5827239617112236E-02
 1.3765625000000000E+01     2.3806271029928015E-04
 1.3796875000000000E+01     1.6818162520535373E-02
 1.3828125000000000E+01     3.3782001598338940E-02
 1.3859375000000000E+01     5.0998521728452997E-02
 1.3890625000000000E+01     6.8336664695620497E-02
 1.3921875000000000E+01     8.5665372284584429E-02
 1.3953125000000000E+01     1.0285358628008773E-01
 1.3984375000000000E+01     1.1977024846687329E-01
 1.4015625000000000E+01     1.3628430062968416E-01
 1.4046875000000000E+01     1.5226468455326342E-01
 1.4078125000000000E+01     1.6758034202235381E-01
 1.4109375000000000E+01     1.8210021482169847E-01
 1.4140625000000000E+01     1.9569324473604036E-01
 1.4171875000000000E+01     2.0822852168247233E-01
 1.4203125000000000E+01     2.1962535244475012E-01
 1.4234375000000000E+01     2.2992614178951035E-01
 1.4265625000000000E+01     2.3919181102714407E-01
 1.4296875000000000E+01     2.4748328146804260E-01
 1.4328125000000000E+01     2.5486147442259699E-01
 1.4359375000000000E+01     2.6138731120119874E-01
 1.4390625000000000E+01     2.6712171311423871E-01
 1.4421875000000000E+01     2.7212560147210840E-01
 1.4453125000000000E+01     2.7645989758519890E-01
 1.4484375000000000E+01     2.8018552276390141E-01
 1.4515625000000000E+01     2.8336339831860707E-01
 1.4546875000000000E+01     2.8605444555970716E-01
 1.4578125000000000E+01     2.8831958579759304E-01
 1.4609375000000000E+01     2.9021974034265569E-01
 1.4640625000000000E+01     2.9181583050528637E-01
 1.4671875000000000E+01     2.9316877759587628E-01
 1.4703125000000000E+01     2.9433950292481670E-01
 1.4734375000000000E+01     2.9538892780249898E-01
 1.4765625000000000E+01     2.9637797353931383E-01
 1.4796875000000000E+01     2.9736756144565291E-01
 1.4828125000000000E+01     2.9841861283190729E-01
 1.4859375000000000E+01     2.9959204900846814E-01
 1.4890625000000000E+01     3.0094879128572682E-01
 1.4921875000000000E+01     3.0254976097407443E-01
 1.4953125000000000E+01     3.0445587938390201E-01
 1.4984375000000000E+01     3.0672806782560103E-01
 1.5015625000000000E+01     3.0942478197953316E-01
 1.5046875000000000E+01     3.1254776803538409E-01
 1.5078125000000000E+01     3.1604206269216401E-01
 1.5109375000000000E+01     3.1985023701885246E-01
 1.5140625000000000E+01     3.2391486208443049E-01
 1.5171875000000000E+01     3.2817850895787815E-01
 1.5203125000000000E+01     3.3258374870817559E-01
 1.5234375000000000E+01     3.3707315240430302E-01
 1.5265625000000000E+01     3.4158929111524128E-01
 1.5296875000000000E+01     3.4607473590997045E-01
 1.5328125000000000E+01     3.5047205785747076E-01
 1.5359375000000000E+01     3.5472382802672253E-01
 1.5390625000000000E+01     3.5877261748670614E-01
 1.5421875000000000E+01     3.6256099730640173E-01
 1.5453125000000000E+01     3.6603153855479020E-01
 1.5484375000000000E+01     3.6912681230085115E-01
 1.5515625000000000E+01     3.7178938961356545E-01
 1.5546875000000000E+01     3.7396184156191298E-01
 1.5578125000000000E+01     3.7558673921487440E-01
 1.5609375000000000E+01     3.7660665364142976E-01
 1.5640625000000000E+01     3.7696415591055948E-01
 1.5671875000000000E+01     3.7660181709124418E-01
 1.5703125000000000E+01     3.7546220825246374E-01
 1.5734375000000000E+01     3.7348790046319863E-01
 1.5765625000000000E+01     3.7062146479242919E-01
 1.5796875000000000E+01     3.6680547230913596E-01
 1.5828125000000000E+01     3.6198249408229893E-01
 1.5859375000000000E+01     3.5610482543301869E-01
 1.5890625000000000E+01     3.4918940851049235E-01
 1.5921875000000000E+01     3.4127955763566659E-01
 1.5953125000000000E+01     3.3241866492350569E-01
 1.5984375000000000E+01     3.2265012248897335E-01
 1.6015625000000000E+01     3.1201732244703401E-01
 1.6046875000000000E+01     3.0056365691265130E-01
 1.6078125000000000E+01     2.8833251800078963E-01
 1.6109375000000000E+01     2.7536729782641278E-01
 1.6140625000000000E+01     2.6171138850448478E-01
 1.6171875000000000E+01     2.4740818214996954E-01
 1.6203125000000000E+01     2.3250107087783120E-01
 1.6234375000000000E+01     2.1703344680303399E-01
 1.6265625000000000E+01     2.0104870204054159E-01
 1.6296875000000000E+01     1.8459022870531824E-01
 1.6328125000000000E+01     1.6770141891232790E-01
 1.6359375000000000E+01     1.5042566477653449E-01
 1.6390625000000000E+01     1.3280635841290228E-01
 1.6421875000000000E+01     1.1488689193639495E-01
 1.6453125000000000E+01     9.6710657461976796E-02
 1.6484375000000000E+01     7.8321047104611713E-02
 1.6515625000000000E+01     5.9761452979263822E-02
 1.6546875000000000E+01     4.1075267200897013E-02
 1.6578125000000000E+01     2.2305881884475381E-02
 1.6609375000000000E+01     3.4966891449629408E-03
 1.6640625000000000E+01    -1.5308918902676277E-02
 1.6671875000000000E+01    -3.4067557003709129E-02
 1.6703125000000000E+01    -5.2738165521655396E-02
 1.6734375000000000E+01    -7.1285385671858686E-02
 1.6765625000000000E+01    -8.9674716198516968E-02
 1.6796875000000000E+01    -1.0787165584582818E-01
 1.6828125000000000E+01    -1.2584170335799039E-01
 1.6859375000000000E+01    -1.4355035747920125E-01
 1.6890625000000000E+01    -1.6096311695365903E-01
 1.6921875000000000E+01    -1.7804548052556149E-01
 1.6953125000000000E+01    -1.9476294693910678E-01
 1.6984375000000000E+01    -2.1108101493849263E-01
 1.7015625000000000E+01    -2.2696518326791709E-01
 1.7046875000000000E+01    -2.4238095067157805E-01
 1.7078125000000000E+01    -2.5729381589367378E-01
 1.7109375000000000E+01    -2.7166927767840165E-01
 1.7140625000000000E+01    -2.8547283476996022E-01
 1.7171875000000000E+01    -2.9866998591254701E-01
 1.7203125000000000E+01    -3.1122622985036014E-01
 1.7234375000000000E+01    -3.2310706532759770E-01
 1.7265625000000000E+01    -3.3427799108845729E-01
 1.7296875000000000E+01    -3.4470450587713708E-01
 1.7328125000000000E+01    -3.5435210843783504E-01
 1.7359375000000000E+01    -3.6318629751474929E-01
 1.7390625000000000E+01    -3.7117257185207730E-01
 1.7421875000000000E+01    -3.7827643019401747E-01
 1.7453125000000000E+01    -3.8446337128476754E-01
 1.7484375000000000E+01    -3.8969889386852563E-01
 1.7515625000000000E+01    -3.9395009337255948E-01
 1.7546875000000000E+01    -3.9722078893474966E-01
 1.7578125000000000E+01    -3.9955152340358813E-01
 1.7609375000000000E+01    -4.0098443631063768E-01
 1.7640625000000000E+01    -4.0156166718746006E-01
 1.7671875000000000E+01    -4.0132535556561855E-01
 1.7703125000000000E+01    -4.0031764097667488E-01
 1.7734375000000000E+01    -3.9858066295219169E-01
 1.7765625000000000E+01    -3.9615656102373148E-01
 1.7796875000000000E+01    -3.9308747472285654E-01
 1.7828125000000000E+01    -3.8941554358112918E-01
 1.7859375000000000E+01    -3.8518290713011194E-01
 1.7890625000000000E+01    -3.8043170490136718E-01
 1.7921875000000000E+01    -3.7520407642645759E-01
 1.7953125000000000E+01    -3.6954216123694505E-01
 1.7984375000000000E+01    -3.6348809886439237E-01
 1.8015625000000000E+01    -3.5708402884036172E-01
 1.8046875000000000E+01    -3.5037209069641551E-01
 1.8078125000000000E+01    -3.4339442396411640E-01
 1.8109375000000000E+01    -3.3619316817502659E-01
 1.8140625000000000E+01    -3.2881046286070847E-01
 1.8171875000000000E+01    -3.2128844755272451E-01
 1.8203125000000000E+01    -3.1366926178263710E-01
 1.8234375000000000E+01    -3.0599504508200875E-01
 1.8265625000000000E+01    -2.9830793698240160E-01
 1.8296875000000000E+01    -2.9065007701537848E-01
 1.8328125000000000E+01    -2.8306360471250147E-01
 1.8359375000000000E+01    -2.7558314558431452E-01
 1.8390625000000000E+01    -2.6819337192963177E-01
 1.8421875000000000E+01    -2.6085857802226509E-01
 1.8453125000000000E+01    -2.5354299802385849E-01
 1.8484375000000000E+01    -2.4621086609605586E-01
 1.8515625000000000E+01    -2.3882641640050092E-01
 1.8546875000000000E+01    -2.3135388309883786E-01
 1.8578125000000000E+01    -2.2375750035271047E-01
 1.8609375000000000E+01    -2.1600150232376250E-01
 1.8640625000000000E+01    -2.0805012317363789E-01
 1.8671875000000000E+01    -1.9986759706398075E-01
 1.8703125000000000E+01    -1.9141815815643476E-01
 1.8734375000000000E+01    -1.8266604061264397E-01
 1.8765625000000000E+01    -1.7357547859425218E-01
 1.8796875000000000E+01    -1.6411070626290319E-01
 1.8828125000000000E+01    -1.5423595778024107E-01
 1.8859375000000000E+01    -1.4391546730790969E-01
 1.8890625000000000E+01    -1.3311346900755286E-01
 1.8921875000000000E+01    -1.2179419704081465E-01
 1.8953125000000000E+01    -1.0992188556933880E-01
 1.8984375000000000E+01    -9.7460768754769209E-02
 1.9015625000000000E+01    -8.4375080758749860E-02
 1.9046875000000000E+01    -7.0629055742924551E-02
 1.9078125000000000E+01    -5.6186927868937309E-02
 1.9109375000000000E+01    -4.1012931298431934E-02
 1.9140625000000000E+01    -2.5071300193052332E-02
 1.9171875000000000E+01    -8.3263652120070773E-03
 1.9203125000000000E+01     9.2248303110948615E-03
 1.9234375000000000E+01     2.7505053566458881E-02
 1.9265625000000000E+01     4.6425009548715104E-02
 1.9296875000000000E+01     6.5895403252493531E-02
 1.9328125000000000E+01     8.5826939672424246E-02
 1.9359375000000000E+01     1.0613032380313728E-01
 1.9390625000000000E+01     1.2671626063926258E-01
 1.9421875000000000E+01     1.4749545517543036E-01
 1.9453125000000000E+01     1.6837861240627064E-01
 1.9484375000000000E+01     1.8927643732641336E-01
 1.9515625000000000E+01     2.1009963493048867E-01
 1.9546875000000000E+01     2.3075891021312667E-01
 1.9578125000000000E+01     2.5116496816895723E-01
 1.9609375000000000E+01     2.7122851379261048E-01
 1.9640625000000000E+01     2.9086025207871646E-01
 1.9671875000000000E+01     3.0997088802190531E-01
 1.9703125000000000E+01     3.2847112661680700E-01
 1.9734375000000000E+01     3.4627167285805172E-01
 1.9765625000000000E+01     3.6328323174026911E-01
 1.9796875000000000E+01     3.7941650825808970E-01
 1.9828125000000000E+01     3.9458220740614314E-01
 1.9859375000000000E+01     4.0869103417905994E-01
 1.9890625000000000E+01     4.2165369357146976E-01
 1.9921875000000000E+01     4.3338089057800272E-01
 1.9953125000000000E+01     4.4378333019328881E-01
 1.9984375000000000E+01     4.5277171741195843E-01
 2.0015625000000000E+01     4.6025903128845369E-01
 2.0046875000000000E+01     4.6621055425290286E-01
 2.0078125000000000E+01     4.7064387211111980E-01
 2.0109375000000000E+01     4.7357884472873069E-01
 2.0140625000000000E+01     4.7503533197136194E-01
 2.0171875000000000E+01     4.7503319370463976E-01
 2.0203125000000000E+01     4.7359228979419038E-01
 2.0234375000000000E+01     4.7073248010564012E-01
 2.0265625000000000E+01     4.6647362450461510E-01
 2.0296875000000000E+01     4.6083558285674181E-01
 2.0328125000000000E+01     4.5383821502764632E-01
 2.0359375000000000E+01     4.4550138088295510E-01
 2.0390625000000000E+01     4.3584494028829418E-01
 2.0421875000000000E+01     4.2488875310929003E-01
 2.0453125000000000E+01     4.1265267921156873E-01
 2.0484375000000000E+01     3.9915657846075681E-01
 2.0515625000000000E+01     3.8442031072248017E-01
 2.0546875000000000E+01     3.6846373586236525E-01
 2.0578125000000000E+01     3.5130671374603833E-01
 2.0609375000000000E+01     3.3296910423912585E-01
 2.0640625000000000E+01     3.1347076720725375E-01
 2.0671875000000000E+01     2.9283156251604858E-01
 2.0703125000000000E+01     2.7107135003113630E-01
 2.0734375000000000E+01     2.4820998961814356E-01
 2.0765625000000000E+01     2.2426734114269631E-01
 2.0796875000000000E+01     1.9926326447042100E-01
 2.0828125000000000E+01     1.7321761946694378E-01
 2.0859375000000000E+01     1.4616169412622271E-01
 2.0890625000000000E+01     1.1820275063936590E-01
 2.0921875000000000E+01     8.9479044281517137E-02
 2.0953125000000000E+01     6.0128921752847023E-02
 2.0984375000000000E+01     3.0290729753525945E-02
 2.1015625000000000E+01     1.0281498372464396E-04
 2.1046875000000000E+01    -3.0296475856386406E-02
 2.1078125000000000E+01    -6.0768796066636738E-02
 2.1109375000000000E+01    -9.1175798946855791E-02
 2.1140625000000000E+01    -1.2137913779687315E-01
 2.1171875000000000E+01    -1.5124046591651796E-01
 2.1203125000000000E+01    -1.8062143660562005E-01
 2.1234375000000000E+01    -2.0938370316400851E-01
 2.1265625000000000E+01    -2.3738891889151315E-01
 2.1296875000000000E+01    -2.6449873708796329E-01
 2.1328125000000000E+01    -2.9057481105318833E-01
 2.1359375000000000E+01    -3.1547879408701801E-01
 2.1390625000000000E+01    -3.3907233948928139E-01
 2.1421875000000000E+01    -3.6121710055980832E-01
 2.1453125000000000E+01    -3.8177473059842787E-01
 2.1484375000000000E+01    -4.0060688290496987E-01
 2.1515625000000000E+01    -4.1757521077926352E-01
 2.1546875000000000E+01    -4.3254136752113842E-01
 2.1578125000000000E+01    -4.4536700643042421E-01
 2.1609375000000000E+01    -4.5591378080694989E-01
 2.1640625000000000E+01    -4.6404334395054536E-01
 2.1671875000000000E+01    -4.6961756871705701E-01
 2.1703125000000000E+01    -4.7257275745216010E-01
 2.1734375000000000E+01    -4.7302766355181591E-01
 2.1765625000000000E+01    -4.7112848491413545E-01
 2.1796875000000000E+01    -4.6702141943722952E-01
 2.1828125000000000E+01    -4.6085266501920907E-01
 2.1859375000000000E+01    -4.5276841955818486E-01
 2.1890625000000000E+01    -4.4291488095226772E-01
 2.1921875000000000E+01    -4.3143824709956846E-01
 2.1953125000000000E+01    -4.1848471589819791E-01
 2.1984375000000000E+01    -4.0420048524626695E-01
 2.2015625000000000E+01    -3.8873175304188623E-01
 2.2046875000000000E+01    -3.7222471718316669E-01
 2.2078125000000000E+01    -3.5482557556821931E-01
 2.2109375000000000E+01    -3.3668052609515459E-01
 2.2140625000000000E+01    -3.1793576666208367E-01
 2.2171875000000000E+01    -2.9873749516711712E-01
 2.2203125000000000E+01    -2.7923190950836602E-01
 2.2234375000000000E+01    -2.5956520758394086E-01
 2.2265625000000000E+01    -2.3988358729195297E-01
 2.2296875000000000E+01    -2.2033324653051262E-01
 2.2328125000000000E+01    -2.0106038319773101E-01
 2.2359375000000000E+01    -1.8221119519171880E-01
 2.2390625000000000E+01    -1.6393188041058682E-01
 2.2421875000000000E+01    -1.4636863675244591E-01
 2.2453125000000000E+01    -1.2966766211540692E-01
 2.2484375000000000E+01    -1.1397515439758071E-01
 2.2515625000000000E+01    -9.9433242313022668E-02
 2.2546875000000000E+01    -8.6090463342513954E-02
 2.2578125000000000E+01    -7.3901763733561596E-02
 2.2609375000000000E+01    -6.2818020549617160E-02
 2.2640625000000000E+01    -5.2790110854132162E-02
 2.2671875000000000E+01    -4.3768911710558217E-02
 2.2703125000000000E+01    -3.5705300182346897E-02
 2.2734375000000000E+01    -2.8550153332949753E-02
 2.2765625000000000E+01    -2.2254348225818364E-02
 2.2796875000000000E+01    -1.6768761924404314E-02
 2.2828125000000000E+01    -1.2044271492159156E-02
 2.2859375000000000E+01    -8.0317539925344617E-03
 2.2890625000000000E+01    -4.6820864889818188E-03
 2.2921875000000000E+01    -1.9461460449527760E-03
 2.2953125000000000E+01     2.2519027610108384E-04
 2.2984375000000000E+01     1.8810454107281876E-03
 2.3015625000000000E+01     3.0705422954769835E-03
 2.3046875000000000E+01     3.8428038668958729E-03
 2.3078125000000000E+01     4.2469530615333101E-03
 2.3109375000000000E+01     4.3321128159377088E-03
 2.3140625000000000E+01     4.1474060666575000E-03
 2.3171875000000000E+01     3.7419557502411265E-03
 2.3203125000000000E+01     3.1648848032370049E-03
 2.3234375000000000E+01     2.4653161621935654E-03
 2.3265625000000000E+01     1.6923727636592419E-03
 2.3296875000000000E+01     8.9517754418246681E-04
 2.3328125000000000E+01     1.2285344031165630E-04
 2.3359375000000000E+01    -5.8051179001755932E-04
 2.3390625000000000E+01    -1.2043042562875461E-03
 2.3421875000000000E+01    -1.7515654723786250E-03
 2.3453125000000000E+01    -2.2253772336000080E-03
 2.3484375000000000E+01    -2.6288213352609158E-03
 2.3515625000000000E+01    -2.9649795726705607E-03
 2.3546875000000000E+01    -3.2369337411381708E-03
 2.3578125000000000E+01    -3.4477656359729594E-03
 2.3609375000000000E+01    -3.6005570524841437E-03
 2.3640625000000000E+01    -3.6983897859809377E-03
 2.3671875000000000E+01    -3.7443456317725670E-03
 2.3703125000000000E+01    -3.7415063851682405E-03
 2.3734375000000000E+01    -3.6929538414771880E-03
 2.3765625000000000E+01    -3.6017697960086196E-03
 2.3796875000000000E+01    -3.4710360440717482E-03
 2.3828125000000000E+01    -3.3038343809758059E-03
 2.3859375000000000E+01    -3.1032466020299962E-03
 2.3890625000000000E+01    -2.8723545025435477E-03
 2.3921875000000000E+01    -2.6142398778256741E-03
 2.3953125000000000E+01    -2.3319845231855917E-03
 2.3984375000000000E+01    -2.0286702339325211E-03
 2.4015625000000000E+01    -1.7073788053756781E-03
 2.4046875000000000E+01    -1.3711920328242835E-03
 2.4078125000000000E+01    -1.0231917115875507E-03
 2.4109375000000000E+01    -6.6645963697470161E-04
 2.4140625000000000E+01    -3.0407760429495412E-04
 2.4171875000000000E+01     6.0872591142476979E-05
 2.4203125000000000E+01     4.2530915402837102E-04
 2.4234375000000000E+01     7.8615028905350964E-04
 2.4265625000000000E+01     1.1403142009086785E-03
 2.4296875000000000E+01     1.4847190942846571E-03
 2.4328125000000000E+01     1.8162831738722266E-03
 2.4359375000000000E+01     2.1319246443621698E-03
 2.4390625000000000E+01     2.4285617104452704E-03
 2.4421875000000000E+01     2.7031125768123090E-03
 2.4453125000000000E+01     2.9524954481540684E-03
 2.4484375000000000E+01     3.1736285291613310E-03
 2.4515625000000000E+01     3.3634300245248771E-03
 2.4546875000000000E+01     3.5188181389354894E-03
 2.4578125000000000E+01     3.6367110770839533E-03
 2.4609375000000000E+01     3.7140270436610457E-03
 2.4640625000000000E+01     3.7476842433575509E-03
 2.4671875000000000E+01     3.7346008808642524E-03
 2.4703125000000000E+01     3.6716951608719304E-03
 2.4734375000000000E+01     3.5558852880713662E-03
 2.4765625000000000E+01     3.3840894671533441E-03
 2.4796875000000000E+01     3.1532259028086451E-03
 2.4828125000000000E+01     2.8602127997280529E-03
 2.4859375000000000E+01     2.5019683626023473E-03
 2.4890625000000000E+01     2.0754107961223124E-03
 2.4921875000000000E+01     1.5774583049787273E-03
 2.4953125000000000E+01     1.0050290938623768E-03
 2.4984375000000000E+01     3.5504136746404211E-04
