# n_row: 16
# col                       real                       imag
    0     1.0256335452427531E-01    -1.2384035361875485E-01
    1    -2.3952095246147553E-01     5.2160322351178859E-02
    2    -1.8243653403312118E-01    -4.1203644233782488E-01
    3    -2.9843396947191358E-01     5.8621687789465173E-02
    4    -1.2898496390609268E-01     1.1212178272715219E-01
    5     2.2606637214998307E-01     4.2443343666841802E-03
    6     1.3724398060562371E-01    -7.9519411760889933E-02
    7    -4.2891363857451542E-02    -1.1032082857619985E-01
    8     1.9069033699449761E-02     9.7479311581205458E-02
    9     4.8905692009003729E-02    -1.3529169682724146E-01
   10     2.0920597888831399E-01     1.3017776187427985E-01
   11     1.4448534874274424E-01    -1.1918650435456805E-01
   12     1.8238399030234792E-01    -2.5382867196547071E-01
   13    -4.2328138691970379E-01     1.5779178028517332E-01
   14    -1.6451501004699676E-01     1.3807468495650005E-01
   15     6.3904357011168256E-02     1.4375916408161105E-01
