#                  time                       real
 3.1268749999999998E-02    -3.4797944380417207E-04
 9.3806249999999994E-02    -9.8503863813745839E-04
 1.5634375000000000E-01    -1.5460819890131925E-03
 2.1888124999999997E-01    -2.0341299935224010E-03
 2.8141875000000000E-01    -2.4522031487561142E-03
 3.4395625000000002E-01    -2.8033219518053595E-03
 4.0649374999999999E-01    -3.0905068997611669E-03
 4.6903124999999996E-01    -3.3167784897145639E-03
 5.3156874999999992E-01    -3.4851572187565788E-03
 5.9410624999999995E-01    -3.5986635839782418E-03
 6.5664374999999997E-01    -3.6603180824705808E-03
 7.1918124999999988E-01    -3.6731412113246232E-03
 7.8171874999999991E-01    -3.6401534676313982E-03
 8.4425624999999993E-01    -3.5643753484819350E-03
 9.0679374999999984E-01    -3.4488273509672624E-03
 9.6933124999999987E-01    -3.2965299721784088E-03
 1.0318687499999999E+00    -3.1105037092064029E-03
 1.0944062499999998E+00    -2.8937690591422710E-03
 1.1569437499999999E+00    -2.6493465190770447E-03
 1.2194812499999999E+00    -2.3802565861017521E-03
 1.2820187500000000E+00    -2.0895197573074188E-03
 1.3445562499999999E+00    -1.7801565297850799E-03
 1.4070937499999998E+00    -1.4551874006257580E-03
 1.4696312499999999E+00    -1.1176328669204813E-03
 1.5321687499999999E+00    -7.7051342576028284E-04
 1.5947062499999998E+00    -4.1684957423618980E-04
 1.6572437499999999E+00    -5.9661809439228681E-05
 1.7197812499999998E+00     2.9802937153956734E-04
 1.7823187499999997E+00     6.5320347160917889E-04
 1.8448562499999999E+00     1.0028399936785658E-03
 1.9073937499999998E+00     1.3439184406567079E-03
 1.9699312499999999E+00     1.6734183154525745E-03
 2.0324687500000000E+00     1.9883191209751358E-03
 2.0950062500000000E+00     2.2856003601333589E-03
 2.1575437499999999E+00     2.5622415358362272E-03
 2.2200812500000002E+00     2.8152221509927010E-03
 2.2826187500000001E+00     3.0415217085117551E-03
 2.3451562500000001E+00     3.2381197113023627E-03
 2.4076937500000000E+00     3.4019956622734927E-03
 2.4702312499999999E+00     3.5301290643341191E-03
 2.5327687500000002E+00     3.6194994203932089E-03
 2.5953062500000001E+00     3.6670862333597386E-03
 2.6578437500000001E+00     3.6698690061426763E-03
 2.7203812500000000E+00     3.6248272416509958E-03
 2.7829187499999999E+00     3.5289404427936658E-03
 2.8454562499999998E+00     3.3791881124796575E-03
 2.9079937500000002E+00     3.1725497536179478E-03
 2.9705312500000001E+00     2.9060048691175022E-03
 3.0330687500000000E+00     2.5765329618872949E-03
 3.0956062499999999E+00     2.1811135348362987E-03
 3.1581437499999998E+00     1.7167260908734806E-03
 3.2206812500000002E+00     1.1803501329078082E-03
 3.2832187500000001E+00     5.6896516384826248E-04
 3.3457562500000000E+00    -1.2044581171130096E-04
 3.4082937499999999E+00    -8.8971271800274989E-04
 3.4708312499999998E+00    -1.7377555791227035E-03
 3.5333687499999997E+00    -2.6630567085578079E-03
 3.5959062500000001E+00    -3.6640984197947083E-03
 3.6584437500000000E+00    -4.7393630263200251E-03
 3.7209812499999999E+00    -5.8873328416204082E-03
 3.7835187499999998E+00    -7.1064901791825005E-03
 3.8460562499999997E+00    -8.3953173524929422E-03
 3.9085937500000001E+00    -9.7522966750383765E-03
 3.9711312500000000E+00    -1.1175910460305428E-02
 4.0336687499999995E+00    -1.2664641021780734E-02
 4.0962062499999998E+00    -1.4216970672950961E-02
 4.1587437499999993E+00    -1.5831381727302717E-02
 4.2212812499999997E+00    -1.7506356498322679E-02
 4.2838187499999991E+00    -1.9240377299497437E-02
 4.3463562499999995E+00    -2.1031926444313696E-02
 4.4088937499999998E+00    -2.2879486246258036E-02
 4.4714312499999993E+00    -2.4781539018817113E-02
 4.5339687499999997E+00    -2.6736567075477592E-02
 4.5965062499999991E+00    -2.8743052729726062E-02
 4.6590437499999995E+00    -3.0799478295049219E-02
 4.7215812499999998E+00    -3.2904326084933683E-02
 4.7841187499999993E+00    -3.5056078412866058E-02
 4.8466562499999997E+00    -3.7253217592333042E-02
 4.9091937499999991E+00    -3.9494225936821212E-02
 4.9717312499999995E+00    -4.1777585759817278E-02
 5.0342687499999998E+00    -4.4102203237003264E-02
 5.0968062499999993E+00    -4.6476733374555775E-02
 5.1593437499999997E+00    -4.8919580009146146E-02
 5.2218812499999991E+00    -5.1449570839640989E-02
 5.2844187499999995E+00    -5.4085533564907015E-02
 5.3469562499999990E+00    -5.6846295883810863E-02
 5.4094937499999993E+00    -5.9750685495219252E-02
 5.4720312499999997E+00    -6.2817530097998800E-02
 5.5345687499999991E+00    -6.6065657391016178E-02
 5.5971062499999995E+00    -6.9513895073138085E-02
 5.6596437499999990E+00    -7.3181070843231166E-02
 5.7221812499999993E+00    -7.7086012400162149E-02
 5.7847187499999997E+00    -8.1247547442797649E-02
 5.8472562499999992E+00    -8.5684503670004283E-02
 5.9097937499999995E+00    -9.0415708780648876E-02
 5.9723312499999990E+00    -9.5459990473597905E-02
 6.0348687499999993E+00    -1.0083617644771828E-01
 6.0974062499999997E+00    -1.0656309440187647E-01
 6.1599437499999992E+00    -1.1265957203493919E-01
 6.2224812499999995E+00    -1.1914443704577315E-01
 6.2850187499999990E+00    -1.2603651713324493E-01
 6.3475562499999993E+00    -1.3335463999622144E-01
 6.4100937499999997E+00    -1.4111763333356911E-01
 6.4726312499999992E+00    -1.4934432484415458E-01
 6.5351687499999995E+00    -1.5805354222684478E-01
 6.5977062499999990E+00    -1.6726411318050607E-01
 6.6602437499999994E+00    -1.7699486540400544E-01
 6.7227812499999997E+00    -1.8725205169085618E-01
 6.7853187499999992E+00    -1.9795832686378353E-01
 6.8478562499999995E+00    -2.0900224260219524E-01
 6.9103937499999990E+00    -2.2027224998625583E-01
 6.9729312499999994E+00    -2.3165680009612996E-01
 7.0354687499999988E+00    -2.4304434401198227E-01
 7.0980062499999992E+00    -2.5432333281397768E-01
 7.1605437499999995E+00    -2.6538221758228042E-01
 7.2230812499999990E+00    -2.7610944939705540E-01
 7.2856187499999994E+00    -2.8639347933846726E-01
 7.3481562499999988E+00    -2.9612275848668052E-01
 7.4106937499999992E+00    -3.0518573792186016E-01
 7.4732312499999995E+00    -3.1347086872417051E-01
 7.5357687499999990E+00    -3.2086660197377637E-01
 7.5983062499999994E+00    -3.2726138875084243E-01
 7.6608437499999988E+00    -3.3254368013553331E-01
 7.7233812499999992E+00    -3.3660192720801368E-01
 7.7859187499999996E+00    -3.3932458104844809E-01
 7.8484562499999990E+00    -3.4060009273700148E-01
 7.9109937499999994E+00    -3.4031691335383818E-01
 7.9735312499999988E+00    -3.3836349397912302E-01
 8.0360687500000001E+00    -3.3462828569302056E-01
 8.0986062499999996E+00    -3.2899973957569573E-01
 8.1611437500000008E+00    -3.2136630670731264E-01
 8.2236812500000003E+00    -3.1161643816803664E-01
 8.2862187499999997E+00    -2.9963858503803203E-01
 8.3487562499999992E+00    -2.8532144182310704E-01
 8.4112937500000005E+00    -2.6863622432224638E-01
 8.4738312499999999E+00    -2.4975643504425860E-01
 8.5363687499999994E+00    -2.2888600470339932E-01
 8.5989062500000006E+00    -2.0622886401392448E-01
 8.6614437500000001E+00    -1.8198894369009158E-01
 8.7239812499999996E+00    -1.5637017444615631E-01
 8.7865187500000008E+00    -1.2957648699637414E-01
 8.8490562500000003E+00    -1.0181181205500296E-01
 8.9115937499999998E+00    -7.3280080336298292E-02
 8.9741312499999992E+00    -4.4185222554516797E-02
 9.0366687500000005E+00    -1.4731169423913421E-02
 9.0992062499999999E+00     1.4878148341253589E-02
 9.1617437499999994E+00     4.4438800026728807E-02
 9.2242812500000007E+00     7.3746854918256638E-02
 9.2868187500000001E+00     1.0259838230157919E-01
 9.3493562499999996E+00     1.3078945146244095E-01
 9.4118937500000008E+00     1.5811613168658645E-01
 9.4744312500000003E+00     1.8437449225975766E-01
 9.5369687499999998E+00     2.0936060246769916E-01
 9.5995062499999992E+00     2.3287053159615470E-01
 9.6620437500000005E+00     2.5470034893086846E-01
 9.7245812500000000E+00     2.7464612375758291E-01
 9.7871187499999994E+00     2.9250392536204234E-01
 9.8496562500000007E+00     3.0806982302999092E-01
 9.9121937500000001E+00     3.2113988604717159E-01
 9.9747312499999996E+00     3.3151018369932811E-01
 1.0037268750000001E+01     3.3898459334923081E-01
 1.0099806250000000E+01     3.4354657813125072E-01
 1.0162343750000000E+01     3.4535918695136086E-01
 1.0224881249999999E+01     3.4459327679256102E-01
 1.0287418750000001E+01     3.4141970463784982E-01
 1.0349956250000000E+01     3.3600932747022710E-01
 1.0412493749999999E+01     3.2853300227269167E-01
 1.0475031250000001E+01     3.1916158602824274E-01
 1.0537568750000000E+01     3.0806593571988006E-01
 1.0600106250000000E+01     2.9541690833060252E-01
 1.0662643749999999E+01     2.8138536084340943E-01
 1.0725181250000000E+01     2.6614215024129967E-01
 1.0787718750000000E+01     2.4985813350727318E-01
 1.0850256249999999E+01     2.3270416762432902E-01
 1.0912793750000001E+01     2.1485110957546569E-01
 1.0975331250000000E+01     1.9646981634368360E-01
 1.1037868749999999E+01     1.7773114491198141E-01
 1.1100406250000001E+01     1.5880595226335795E-01
 1.1162943750000000E+01     1.3986509538081340E-01
 1.1225481250000000E+01     1.2107943124734656E-01
 1.1288018749999999E+01     1.0261981684595668E-01
 1.1350556250000000E+01     8.4657109159642446E-02
 1.1413093750000000E+01     6.7362165171404212E-02
 1.1475631249999999E+01     5.0905841864240582E-02
 1.1538168750000001E+01     3.5458996221150528E-02
 1.1600706250000000E+01     2.1192485225134047E-02
 1.1663243749999999E+01     8.2771658591900069E-03
 1.1725781250000001E+01    -3.1367276522597893E-03
 1.1788318750000000E+01    -1.3036061183813631E-02
 1.1850856250000000E+01    -2.1463629531331893E-02
 1.1913393749999999E+01    -2.8462392472743313E-02
 1.1975931250000000E+01    -3.4075309785976740E-02
 1.2038468750000000E+01    -3.8345341248960614E-02
 1.2101006249999999E+01    -4.1315446639623811E-02
 1.2163543750000001E+01    -4.3028585735895047E-02
 1.2226081250000000E+01    -4.3527718315702985E-02
 1.2288618749999999E+01    -4.2855804156976388E-02
 1.2351156249999999E+01    -4.1055803037643987E-02
 1.2413693750000000E+01    -3.8170674735634409E-02
 1.2476231250000000E+01    -3.4243379028876503E-02
 1.2538768749999999E+01    -2.9316875695298950E-02
 1.2601306250000000E+01    -2.3434124512830275E-02
 1.2663843750000000E+01    -1.6638085259399558E-02
 1.2726381249999999E+01    -8.9717177129353277E-03
 1.2788918750000001E+01    -4.7798165136606757E-04
 1.2851456250000000E+01     8.8001631473790254E-03
 1.2913993749999999E+01     1.8819756905371438E-02
 1.2976531249999999E+01     2.9537839844682508E-02
 1.3039068750000000E+01     4.0911452187383832E-02
 1.3101606250000000E+01     5.2897634155545971E-02
 1.3164143749999999E+01     6.5453425971240625E-02
 1.3226681250000000E+01     7.8535867856539376E-02
 1.3289218750000000E+01     9.2102000033512835E-02
 1.3351756249999999E+01     1.0610885451898086E-01
 1.3414293750000001E+01     1.2051068174942098E-01
 1.3476831250000000E+01     1.3525491359710756E-01
 1.3539368750000000E+01     1.5028795627784758E-01
 1.3601906249999999E+01     1.6555621600744769E-01
 1.3664443750000000E+01     1.8100609900171516E-01
 1.3726981250000000E+01     1.9658401147645557E-01
 1.3789518749999999E+01     2.1223635964747611E-01
 1.3852056250000000E+01     2.2790954973058375E-01
 1.3914593750000000E+01     2.4354998794158450E-01
 1.3977131249999999E+01     2.5910408049628514E-01
 1.4039668749999999E+01     2.7451823361049277E-01
 1.4102206250000000E+01     2.8973885350001399E-01
 1.4164743750000000E+01     3.0471234638065497E-01
 1.4227281249999999E+01     3.1938511846822254E-01
 1.4289818750000000E+01     3.3370357597852396E-01
 1.4352356250000000E+01     3.4761412512736489E-01
 1.4414893749999999E+01     3.6106317213055261E-01
 1.4477431250000000E+01     3.7399712320389389E-01
 1.4539968750000000E+01     3.8636238456319499E-01
 1.4602506249999999E+01     3.9810536242426259E-01
 1.4665043749999999E+01     4.0917246300290344E-01
 1.4727581250000000E+01     4.1951009251492460E-01
 1.4790118750000000E+01     4.2906465717613196E-01
 1.4852656249999999E+01     4.3778256320233300E-01
 1.4915193750000000E+01     4.4561021680933377E-01
 1.4977731250000000E+01     4.5249402421294105E-01
 1.5040268749999999E+01     4.5838175186316449E-01
 1.5102806250000000E+01     4.6325245159668033E-01
 1.5165343750000000E+01     4.6711646063683110E-01
 1.5227881249999999E+01     4.6998547644116290E-01
 1.5290418749999999E+01     4.7187119646722125E-01
 1.5352956250000000E+01     4.7278531817255176E-01
 1.5415493750000000E+01     4.7273953901470034E-01
 1.5478031249999999E+01     4.7174555645121252E-01
 1.5540568750000000E+01     4.6981506793963401E-01
 1.5603106250000000E+01     4.6695977093751073E-01
 1.5665643749999999E+01     4.6319136290238816E-01
 1.5728181250000000E+01     4.5852154129181200E-01
 1.5790718750000000E+01     4.5296200356332839E-01
 1.5853256249999999E+01     4.4652444717448259E-01
 1.5915793749999999E+01     4.3922056958282035E-01
 1.5978331250000000E+01     4.3106206824588744E-01
 1.6040868749999998E+01     4.2206064062123005E-01
 1.6103406249999999E+01     4.1222798416639289E-01
 1.6165943749999997E+01     4.0157579633892271E-01
 1.6228481249999998E+01     3.9011577459636421E-01
 1.6291018749999999E+01     3.7785961639626348E-01
 1.6353556249999997E+01     3.6481901919616727E-01
 1.6416093749999998E+01     3.5100568045361946E-01
 1.6478631249999999E+01     3.3643129762616680E-01
 1.6541168749999997E+01     3.2110756817135577E-01
 1.6603706249999998E+01     3.0504618954673035E-01
 1.6666243749999996E+01     2.8825885920983785E-01
 1.6728781249999997E+01     2.7076079687343413E-01
 1.6791318749999999E+01     2.5259063820292504E-01
 1.6853856249999996E+01     2.3379657121985073E-01
 1.6916393749999997E+01     2.1442681212379033E-01
 1.6978931249999999E+01     1.9452957711432547E-01
 1.7041468749999996E+01     1.7415308239103849E-01
 1.7104006249999998E+01     1.5334554415350790E-01
 1.7166543749999999E+01     1.3215517860131584E-01
 1.7229081249999997E+01     1.1063020193404442E-01
 1.7291618749999998E+01     8.8818830351272138E-02
 1.7354156249999999E+01     6.6769280052581120E-02
 1.7416693749999997E+01     4.4529767237553641E-02
 1.7479231249999998E+01     2.2148508105767968E-02
 1.7541768749999999E+01    -3.2628114319356322E-04
 1.7604306249999997E+01    -2.2846384309748804E-02
 1.7666843749999998E+01    -4.5363585194319482E-02
 1.7729381249999999E+01    -6.7829667597323159E-02
 1.7791918749999997E+01    -9.0196415319177894E-02
 1.7854456249999998E+01    -1.1241561216030511E-01
 1.7916993749999996E+01    -1.3443904192112141E-01
 1.7979531249999997E+01    -1.5621848840204844E-01
 1.8042068749999999E+01    -1.7770573540350398E-01
 1.8104606249999996E+01    -1.9885256672590573E-01
 1.8167143749999997E+01    -2.1961076616967543E-01
 1.8229681249999999E+01    -2.3993211753523080E-01
 1.8292218749999996E+01    -2.5976840462298989E-01
 1.8354756249999998E+01    -2.7907141882366371E-01
 1.8417293749999999E+01    -2.9779552463623005E-01
 1.8479831249999997E+01    -3.1590139409055812E-01
 1.8542368749999998E+01    -3.3335064800275566E-01
 1.8604906249999999E+01    -3.5010490718892667E-01
 1.8667443749999997E+01    -3.6612579246517601E-01
 1.8729981249999998E+01    -3.8137492464761108E-01
 1.8792518749999999E+01    -3.9581392455233627E-01
 1.8855056249999997E+01    -4.0940441299545627E-01
 1.8917593749999998E+01    -4.2210801079307814E-01
 1.8980131249999996E+01    -4.3388633876130589E-01
 1.9042668749999997E+01    -4.4470101771624654E-01
 1.9105206249999998E+01    -4.5451366847400437E-01
 1.9167743749999996E+01    -4.6328591185068491E-01
 1.9230281249999997E+01    -4.7097936866239448E-01
 1.9292818749999999E+01    -4.7755565972523772E-01
 1.9355356249999996E+01    -4.8297640585532009E-01
 1.9417893749999998E+01    -4.8720322786874798E-01
 1.9480431249999999E+01    -4.9019774658162590E-01
 1.9542968749999996E+01    -4.9192158281005971E-01
 1.9605506249999998E+01    -4.9233635737015491E-01
 1.9668043749999999E+01    -4.9140369107801679E-01
 1.9730581249999997E+01    -4.8908520474975098E-01
 1.9793118749999998E+01    -4.8534251920146299E-01
 1.9855656249999999E+01    -4.8013725524925804E-01
 1.9918193749999997E+01    -4.7343103370924217E-01
 1.9980731249999998E+01    -4.6518547539752020E-01
 2.0043268749999999E+01    -4.5536609024999086E-01
 2.0105806249999997E+01    -4.4402783795780038E-01
 2.0168343749999998E+01    -4.3131512796733995E-01
 2.0230881249999996E+01    -4.1737625884479562E-01
 2.0293418749999997E+01    -4.0235952915635137E-01
 2.0355956249999998E+01    -3.8641323746819300E-01
 2.0418493749999996E+01    -3.6968568234650723E-01
 2.0481031249999997E+01    -3.5232516235747696E-01
 2.0543568749999999E+01    -3.3447997606728869E-01
 2.0606106249999996E+01    -3.1629842204212849E-01
 2.0668643749999998E+01    -2.9792879884817985E-01
 2.0731181249999999E+01    -2.7951940505162881E-01
 2.0793718749999996E+01    -2.6121853921866195E-01
 2.0856256249999998E+01    -2.4317449991546228E-01
 2.0918793749999999E+01    -2.2553558570821622E-01
 2.0981331249999997E+01    -2.0845009516310981E-01
 2.1043868749999998E+01    -1.9206632684632666E-01
 2.1106406249999999E+01    -1.7653257932405286E-01
 2.1168943749999997E+01    -1.6199715116247454E-01
 2.1231481249999998E+01    -1.4860834092777531E-01
 2.1294018749999996E+01    -1.3651444718614200E-01
 2.1356556249999997E+01    -1.2586376850375844E-01
 2.1419093749999998E+01    -1.1680460344681072E-01
 2.1481631249999996E+01    -1.0948525058148435E-01
 2.1544168749999997E+01    -1.0405400847396390E-01
 2.1606706249999998E+01    -1.0065917569043505E-01
 2.1669243749999996E+01    -9.9449050797083119E-02
 2.1731781249999997E+01    -1.0053875388007871E-01
 2.1794318749999999E+01    -1.0382283449045525E-01
 2.1856856249999996E+01    -1.0910586214144642E-01
 2.1919393749999998E+01    -1.1619214091844655E-01
 2.1981931249999999E+01    -1.2488597490684913E-01
 2.2044468749999997E+01    -1.3499166819204730E-01
 2.2107006249999998E+01    -1.4631352485943597E-01
 2.2169543749999999E+01    -1.5865584899440827E-01
 2.2232081249999997E+01    -1.7182294468235726E-01
 2.2294618749999998E+01    -1.8561911600867831E-01
 2.2357156249999996E+01    -1.9984866705876331E-01
 2.2419693749999997E+01    -2.1431590191800787E-01
 2.2482231249999998E+01    -2.2882512467180485E-01
 2.2544768749999996E+01    -2.4318063940554721E-01
 2.2607306249999997E+01    -2.5718675020463044E-01
 2.2669843749999998E+01    -2.7064776115444733E-01
 2.2732381249999996E+01    -2.8336797634039096E-01
 2.2794918749999997E+01    -2.9515169984785650E-01
 2.2857456249999998E+01    -3.0580323576223695E-01
 2.2919993749999996E+01    -3.1512688816892570E-01
 2.2982531249999997E+01    -3.2292696115331743E-01
 2.3045068749999999E+01    -3.2900775880080546E-01
 2.3107606249999996E+01    -3.3317358519678303E-01
 2.3170143749999998E+01    -3.3522874442664474E-01
 2.3232681249999999E+01    -3.3497754057578388E-01
 2.3295218749999997E+01    -3.3222427772959451E-01
 2.3357756249999998E+01    -3.2677359449829108E-01
 2.3420293749999999E+01    -3.1854353340643871E-01
 2.3482831249999997E+01    -3.0773012710493108E-01
 2.3545368749999998E+01    -2.9457122384729634E-01
 2.3607906249999996E+01    -2.7930467188706504E-01
 2.3670443749999997E+01    -2.6216831947776520E-01
 2.3732981249999998E+01    -2.4340001487292676E-01
 2.3795518749999996E+01    -2.2323760632608022E-01
 2.3858056249999997E+01    -2.0191894209075281E-01
 2.3920593749999998E+01    -1.7968187042047498E-01
 2.3983131249999996E+01    -1.5676423956877727E-01
 2.4045668749999997E+01    -1.3340389778918652E-01
 2.4108206249999999E+01    -1.0983869333523341E-01
 2.4170743749999996E+01    -8.6306474460448729E-02
 2.4233281249999997E+01    -6.3045089418358943E-02
 2.4295818749999999E+01    -4.0292386462494910E-02
 2.4358356249999996E+01    -1.8286213846387185E-02
 2.4420893749999998E+01     2.7355801764373669E-03
 2.4483431249999999E+01     2.2535147352448180E-02
 2.4545968749999997E+01     4.0874639428114812E-02
 2.4608506249999998E+01     5.7516208149909889E-02
 2.4671043749999995E+01     7.2222005264302419E-02
 2.4733581249999997E+01     8.4754182517764565E-02
 2.4796118749999998E+01     9.4874891656766103E-02
 2.4858656249999996E+01     1.0234628442777720E-01
 2.4921193749999997E+01     1.0693051257726953E-01
 2.4983731249999998E+01     1.0838972785171322E-01
 2.5046268749999996E+01     1.0649715853038348E-01
 2.5108806249999997E+01     1.0128079314705896E-01
 2.5171343749999998E+01     9.3023380490022095E-02
 2.5233881249999996E+01     8.2018745880360316E-02
 2.5296418749999997E+01     6.8560714639159762E-02
 2.5358956249999999E+01     5.2943112087507460E-02
 2.5421493749999996E+01     3.5459763546491670E-02
 2.5484031249999997E+01     1.6404494337197290E-02
 2.5546568749999999E+01    -3.9288702192878180E-03
 2.5609106249999996E+01    -2.5246504801875437E-02
 2.5671643749999998E+01    -4.7254584089481237E-02
 2.5734181249999999E+01    -6.9659282761016905E-02
 2.5796718749999997E+01    -9.2166775495394010E-02
 2.5859256249999998E+01    -1.1448323697152860E-01
 2.5921793749999996E+01    -1.3631484186833104E-01
 2.5984331249999997E+01    -1.5736776486471687E-01
 2.6046868749999998E+01    -1.7734818063959798E-01
 2.6109406249999996E+01    -1.9596226387188620E-01
 2.6171943749999997E+01    -2.1291618924049685E-01
 2.6234481249999998E+01    -2.2791613142434189E-01
 2.6297018749999996E+01    -2.4066826510233372E-01
 2.6359556249999997E+01    -2.5087876495338690E-01
 2.6422093749999998E+01    -2.5825380565641348E-01
 2.6484631249999996E+01    -2.6249956189032658E-01
 2.6547168749999997E+01    -2.6332220833403985E-01
 2.6609706249999999E+01    -2.6042791966646572E-01
 2.6672243749999996E+01    -2.5352287056651790E-01
 2.6734781249999997E+01    -2.4237726313807273E-01
 2.6797318749999999E+01    -2.2718695380617004E-01
 2.6859856249999996E+01    -2.0832144137235253E-01
 2.6922393749999998E+01    -1.8615073685756039E-01
 2.6984931249999995E+01    -1.6104485128273760E-01
 2.7047468749999997E+01    -1.3337379566882326E-01
 2.7110006249999998E+01    -1.0350758103676054E-01
 2.7172543749999996E+01    -7.1816218407493110E-02
 2.7235081249999997E+01    -3.8669718801959137E-02
 2.7297618749999998E+01    -4.4380932411019454E-03
 2.7360156249999996E+01     3.0508647254134172E-02
 2.7422693749999997E+01     6.5800491662811628E-02
 2.7485231249999998E+01     1.0106742896398675E-01
 2.7547768749999996E+01     1.3593944813671555E-01
 2.7610306249999997E+01     1.7004653816006021E-01
 2.7672843749999998E+01     2.0301868801307707E-01
 2.7735381249999996E+01     2.3448588667482240E-01
 2.7797918749999997E+01     2.6407812312435802E-01
 2.7860456249999999E+01     2.9142538634074017E-01
 2.7922993749999996E+01     3.1615766530302603E-01
 2.7985531249999998E+01     3.3790494899027634E-01
 2.8048068749999995E+01     3.5629722638154671E-01
 2.8110606249999996E+01     3.7096448645589791E-01
 2.8173143749999998E+01     3.8153671819238666E-01
 2.8235681249999995E+01     3.8764391057007069E-01
 2.8298218749999997E+01     3.8891605256800943E-01
 2.8360756249999998E+01     3.8498373473332537E-01
 2.8423293749999996E+01     3.7568147918726236E-01
 2.8485831249999997E+01     3.6134371111328284E-01
 2.8548368749999998E+01     3.4238005170300800E-01
 2.8610906249999996E+01     3.1920012214805943E-01
 2.8673443749999997E+01     2.9221354364005464E-01
 2.8735981249999998E+01     2.6182993737061511E-01
 2.8798518749999996E+01     2.2845892453136313E-01
 2.8861056249999997E+01     1.9251012631391526E-01
 2.8923593749999998E+01     1.5439316390989355E-01
 2.8986131249999996E+01     1.1451765851092029E-01
 2.9048668749999997E+01     7.3293231308611595E-02
 2.9111206249999999E+01     3.1129503494589861E-02
 2.9173743749999996E+01    -1.1563903739522291E-02
 2.9236281249999998E+01    -5.4377369202109616E-02
 2.9298818749999995E+01    -9.6901271701546679E-02
 2.9361356249999996E+01    -1.3872599004621816E-01
 2.9423893749999998E+01    -1.7944190304450142E-01
 2.9486431249999995E+01    -2.1863938950477421E-01
 2.9548968749999997E+01    -2.5590882823542033E-01
 2.9611506249999998E+01    -2.9084059804481743E-01
 2.9674043749999996E+01    -3.2302507774134348E-01
 2.9736581249999997E+01    -3.5205264613338216E-01
 2.9799118749999998E+01    -3.7751368202931079E-01
 2.9861656249999996E+01    -3.9899856423750818E-01
 2.9924193749999997E+01    -4.1609767156635680E-01
 2.9986731249999998E+01    -4.2840138282423457E-01
 3.0049268749999996E+01    -4.3551579435266508E-01
 3.0111806249999997E+01    -4.3740850575548679E-01
 3.0174343749999998E+01    -4.3440861989884877E-01
 3.0236881249999996E+01    -4.2686095718204597E-01
 3.0299418749999997E+01    -4.1511033800437225E-01
 3.0361956249999995E+01    -3.9950158276512276E-01
 3.0424493749999996E+01    -3.8037951186359042E-01
 3.0487031249999998E+01    -3.5808894569907024E-01
 3.0549568749999995E+01    -3.3297470467085810E-01
 3.0612106249999997E+01    -3.0538160917824553E-01
 3.0674643749999998E+01    -2.7565447962052803E-01
 3.0737181249999995E+01    -2.4413813639700196E-01
 3.0799718749999997E+01    -2.1117739990695819E-01
 3.0862256249999998E+01    -1.7711709054969252E-01
 3.0924793749999996E+01    -1.4230202872450143E-01
 3.0987331249999997E+01    -1.0707703483067525E-01
 3.1049868749999998E+01    -7.1786929267510347E-02
 3.1112406249999996E+01    -3.6776532434303164E-02
 3.1174943749999997E+01    -2.3906647303438928E-03
 3.1237481249999998E+01     3.1025853445071028E-02
 3.1300018749999996E+01     6.3128201692645658E-02
 3.1362556249999997E+01     9.3571559613089078E-02
 3.1425093749999998E+01     1.2201110680710514E-01
 3.1487631249999996E+01     1.4810202287539809E-01
 3.1550168749999997E+01     1.7149948741867668E-01
 3.1612706249999995E+01     1.9185868003764381E-01
 3.1675243749999996E+01     2.0883478033300751E-01
 3.1737781249999998E+01     2.2213620330776393E-01
 3.1800318749999995E+01     2.3182527291934713E-01
 3.1862856249999997E+01     2.3810868753620795E-01
 3.1925393749999998E+01     2.4119357141001418E-01
 3.1987931249999995E+01     2.4128704879243382E-01
 3.2050468750000000E+01     2.3859624393513529E-01
 3.2113006249999998E+01     2.3332828108978712E-01
 3.2175543750000003E+01     2.2569028450805673E-01
 3.2238081250000000E+01     2.1588937844161410E-01
 3.2300618749999998E+01     2.0413268714212626E-01
 3.2363156250000003E+01     1.9062733486126041E-01
 3.2425693750000001E+01     1.7558044585068744E-01
 3.2488231249999998E+01     1.5919914436207441E-01
 3.2550768750000003E+01     1.4169055464708735E-01
 3.2613306250000001E+01     1.2326180095739861E-01
 3.2675843749999999E+01     1.0412000754467444E-01
 3.2738381250000003E+01     8.4472298660580813E-02
 3.2800918750000001E+01     6.4525798556790526E-02
 3.2863456249999999E+01     4.4487631484969418E-02
 3.2925993750000004E+01     2.4564921696783652E-02
 3.2988531250000001E+01     4.9647934439059488E-03
 3.3051068749999999E+01    -1.4105629021997655E-02
 3.3113606250000004E+01    -3.2439221449261119E-02
 3.3176143750000001E+01    -4.9828859586211860E-02
 3.3238681249999999E+01    -6.6067419181183903E-02
 3.3301218749999997E+01    -8.0947775982508935E-02
 3.3363756250000002E+01    -9.4263008189632513E-02
 3.3426293749999999E+01    -1.0587482492909236E-01
 3.3488831249999997E+01    -1.1581317220181803E-01
 3.3551368750000002E+01    -1.2413330239778583E-01
 3.3613906249999999E+01    -1.3089046790696923E-01
 3.3676443749999997E+01    -1.3613992111934456E-01
 3.3738981250000002E+01    -1.3993691442488765E-01
 3.3801518750000000E+01    -1.4233670021357303E-01
 3.3864056249999997E+01    -1.4339453087537646E-01
 3.3926593750000002E+01    -1.4316565880027343E-01
 3.3989131250000000E+01    -1.4170533637823921E-01
 3.4051668749999997E+01    -1.3906881599924928E-01
 3.4114206250000002E+01    -1.3531135005327860E-01
 3.4176743750000000E+01    -1.3048819093030328E-01
 3.4239281249999998E+01    -1.2465459102029845E-01
 3.4301818750000002E+01    -1.1786580271323865E-01
 3.4364356250000000E+01    -1.1017707839910074E-01
 3.4426893749999998E+01    -1.0164367046785946E-01
 3.4489431250000003E+01    -9.2320831309489093E-02
 3.4551968750000000E+01    -8.2263813313967038E-02
 3.4614506249999998E+01    -7.1527868871267775E-02
 3.4677043750000003E+01    -6.0168250371365313E-02
 3.4739581250000001E+01    -4.8240210204237653E-02
 3.4802118749999998E+01    -3.5799000759858861E-02
 3.4864656250000003E+01    -2.2899874428202883E-02
 3.4927193750000001E+01    -9.5980835992480005E-03
 3.4989731249999998E+01     4.0511193370317824E-03
 3.5052268750000003E+01     1.7991974855810066E-02
 3.5114806250000001E+01     3.2157059330643147E-02
 3.5177343749999999E+01     4.6467285033479785E-02
 3.5239881250000003E+01     6.0843057101416062E-02
 3.5302418750000001E+01     7.5204780671543139E-02
 3.5364956249999999E+01     8.9472860880957128E-02
 3.5427493750000004E+01     1.0356770286675410E-01
 3.5490031250000001E+01     1.1740971176602517E-01
 3.5552568749999999E+01     1.3091929271586658E-01
 3.5615106249999997E+01     1.4401685085337268E-01
 3.5677643750000001E+01     1.5662279131563936E-01
 3.5740181249999999E+01     1.6865751923975819E-01
 3.5802718749999997E+01     1.8004143976282511E-01
 3.5865256250000002E+01     1.9069495802193573E-01
 3.5927793749999999E+01     2.0053847915418202E-01
 3.5990331249999997E+01     2.0949240829665974E-01
 3.6052868750000002E+01     2.1747715058646427E-01
 3.6115406249999999E+01     2.2441311116068807E-01
 3.6177943749999997E+01     2.3022069515642676E-01
 3.6240481250000002E+01     2.3482030771077506E-01
 3.6303018750000000E+01     2.3813235396082644E-01
 3.6365556249999997E+01     2.4007723904367606E-01
 3.6428093750000002E+01     2.4057536809641822E-01
 3.6490631250000000E+01     2.3954714625614718E-01
 3.6553168749999998E+01     2.3691297865995775E-01
 3.6615706250000002E+01     2.3259327044494360E-01
 3.6678243750000000E+01     2.2650842674820035E-01
 3.6740781249999998E+01     2.1860258769009394E-01
 3.6803318750000003E+01     2.0897768355978258E-01
 3.6865856250000000E+01     1.9780001392106139E-01
 3.6928393749999998E+01     1.8523606821758898E-01
 3.6990931250000003E+01     1.7145233589302272E-01
 3.7053468750000000E+01     1.5661530639102525E-01
 3.7116006249999998E+01     1.4089146915525425E-01
 3.7178543750000003E+01     1.2444731362936695E-01
 3.7241081250000001E+01     1.0744932925702673E-01
 3.7303618749999998E+01     9.0064005481890752E-02
 3.7366156250000003E+01     7.2457831747616400E-02
 3.7428693750000001E+01     5.4797297497867020E-02
 3.7491231249999998E+01     3.7248892176299772E-02
 3.7553768750000003E+01     1.9979105226572157E-02
 3.7616306250000001E+01     3.1544260923473053E-03
 3.7678843749999999E+01    -1.3058655782717411E-02
 3.7741381250000003E+01    -2.8493650954964561E-02
 3.7803918750000001E+01    -4.2984069980731121E-02
 3.7866456249999999E+01    -5.6363423416359811E-02
 3.7928993749999997E+01    -6.8465221818191258E-02
 3.7991531250000001E+01    -7.9122975742567311E-02
 3.8054068749999999E+01    -8.8170195745826158E-02
 3.8116606249999997E+01    -9.5440392384309847E-02
 3.8179143750000001E+01    -1.0076707621435971E-01
 3.8241681249999999E+01    -1.0398375779231511E-01
 3.8304218749999997E+01    -1.0492394767451765E-01
 3.8366756250000002E+01    -1.0342142625948773E-01
 3.8429293749999999E+01    -9.9401450444879136E-02
 3.8491831249999997E+01    -9.3013515980199662E-02
 3.8554368750000002E+01    -8.4440848887497685E-02
 3.8616906250000000E+01    -7.3866675188824199E-02
 3.8679443749999997E+01    -6.1474220906227797E-02
 3.8741981250000002E+01    -4.7446712061755929E-02
 3.8804518750000000E+01    -3.1967374677461351E-02
 3.8867056249999997E+01    -1.5219434775391533E-02
 3.8929593750000002E+01     2.6138816224059872E-03
 3.8992131250000000E+01     2.1349348493878168E-02
 3.9054668749999998E+01     4.0803739816977457E-02
 3.9117206250000002E+01     6.0793829569656996E-02
 3.9179743750000000E+01     8.1136391729862908E-02
 3.9242281249999998E+01     1.0164820027554808E-01
 3.9304818750000003E+01     1.2214602918466566E-01
 3.9367356250000000E+01     1.4244665243516158E-01
 3.9429893749999998E+01     1.6236684400498905E-01
 3.9492431250000003E+01     1.8172337787210074E-01
 3.9554968750000000E+01     2.0033302801444305E-01
 3.9617506249999998E+01     2.1801256840996891E-01
 3.9680043750000003E+01     2.3457877303663097E-01
 3.9742581250000001E+01     2.4984841587237591E-01
 3.9805118749999998E+01     2.6363827089515657E-01
 3.9867656250000003E+01     2.7576511208292492E-01
 3.9930193750000001E+01     2.8604571341362878E-01
 3.9992731249999999E+01     2.9429684886522045E-01
 4.0055268750000003E+01     3.0034127193123167E-01
 4.0117806250000001E+01     3.0413926496354071E-01
 4.0180343749999999E+01     3.0578863917237642E-01
 4.0242881249999996E+01     3.0539318528354770E-01
 4.0305418750000001E+01     3.0305669402286295E-01
 4.0367956249999999E+01     2.9888295611613119E-01
 4.0430493749999997E+01     2.9297576228916095E-01
 4.0493031250000001E+01     2.8543890326776000E-01
 4.0555568749999999E+01     2.7637616977773877E-01
 4.0618106249999997E+01     2.6589135254490515E-01
 4.0680643750000002E+01     2.5408824229506644E-01
 4.0743181249999999E+01     2.4107062975403379E-01
 4.0805718749999997E+01     2.2694230564761475E-01
 4.0868256250000002E+01     2.1180706070161631E-01
 4.0930793749999999E+01     1.9576868564185046E-01
 4.0993331249999997E+01     1.7893097119412424E-01
 4.1055868750000002E+01     1.6139770808424431E-01
 4.1118406250000000E+01     1.4327268703802332E-01
 4.1180943749999997E+01     1.2465969878126792E-01
 4.1243481250000002E+01     1.0566253403978475E-01
 4.1306018750000000E+01     8.6384983539386687E-02
 4.1368556249999997E+01     6.6930838005880317E-02
 4.1431093750000002E+01     4.7403888165072121E-02
 4.1493631250000000E+01     2.7907924742775109E-02
 4.1556168749999998E+01     8.5467384647958458E-03
 4.1618706250000002E+01    -1.0575879943059197E-02
 4.1681243750000000E+01    -2.9356139754977018E-02
 4.1743781249999998E+01    -4.7700003238112257E-02
 4.1806318750000003E+01    -6.5578270556825274E-02
 4.1868856250000000E+01    -8.2988191992381055E-02
 4.1931393749999998E+01    -9.9927095849994318E-02
 4.1993931250000003E+01    -1.1639231043487966E-01
 4.2056468750000001E+01    -1.3238116405224606E-01
 4.2119006249999998E+01    -1.4789098500730813E-01
 4.2181543750000003E+01    -1.6291910160528014E-01
 4.2244081250000001E+01    -1.7746284215137156E-01
 4.2306618749999998E+01    -1.9151953495079671E-01
 4.2369156249999996E+01    -2.0508650830876832E-01
 4.2431693750000001E+01    -2.1816109053050062E-01
 4.2494231249999999E+01    -2.3074060992120324E-01
 4.2556768749999996E+01    -2.4282239478609052E-01
 4.2619306250000001E+01    -2.5440377343037640E-01
 4.2681843749999999E+01    -2.6548207415927105E-01
 4.2744381249999996E+01    -2.7605462527798835E-01
 4.2806918750000001E+01    -2.8611875509174228E-01
 4.2869456249999999E+01    -2.9567179190574311E-01
 4.2931993749999997E+01    -3.0471106402520493E-01
 4.2994531250000001E+01    -3.1323389975534116E-01
 4.3057068749999999E+01    -3.2123762740136275E-01
 4.3119606249999997E+01    -3.2871957526848328E-01
 4.3182143750000002E+01    -3.3567707166191629E-01
 4.3244681249999999E+01    -3.4210744488687284E-01
 4.3307218749999997E+01    -3.4800802324856683E-01
 4.3369756250000002E+01    -3.5337613616603558E-01
 4.3432293749999999E+01    -3.5820949064488883E-01
 4.3494831249999997E+01    -3.6250671927906231E-01
 4.3557368750000002E+01    -3.6626659389057920E-01
 4.3619906250000000E+01    -3.6948788630146140E-01
 4.3682443749999997E+01    -3.7216936833373188E-01
 4.3744981250000002E+01    -3.7430981180941392E-01
 4.3807518750000000E+01    -3.7590798855052954E-01
 4.3870056249999998E+01    -3.7696267037910175E-01
 4.3932593750000002E+01    -3.7747262911715351E-01
 4.3995131250000000E+01    -3.7743663658670701E-01
 4.4057668749999998E+01    -3.7685346460978553E-01
 4.4120206250000003E+01    -3.7572188500841136E-01
 4.4182743750000000E+01    -3.7404066960460758E-01
 4.4245281249999998E+01    -3.7180859022039664E-01
 4.4307818750000003E+01    -3.6902441867780128E-01
 4.4370356250000000E+01    -3.6568692679884457E-01
 4.4432893749999998E+01    -3.6179488640554891E-01
 4.4495431250000003E+01    -3.5734706931993665E-01
 4.4557968750000001E+01    -3.5234224736403158E-01
 4.4620506249999998E+01    -3.4677919235985571E-01
 4.4683043749999996E+01    -3.4065667612943201E-01
 4.4745581250000001E+01    -3.3397347049478232E-01
 4.4808118749999998E+01    -3.2672834727793088E-01
 4.4870656249999996E+01    -3.1892007830089947E-01
 4.4933193750000001E+01    -3.1054743538571028E-01
 4.4995731249999999E+01    -3.0160919035438760E-01
 4.5058268749999996E+01    -2.9210518408247871E-01
 4.5120806250000001E+01    -2.8205984567661446E-01
 4.5183343749999999E+01    -2.7152219247451337E-01
 4.5245881249999996E+01    -2.6054231086741547E-01
 4.5308418750000001E+01    -2.4917028724656112E-01
 4.5370956249999999E+01    -2.3745620800319420E-01
 4.5433493749999997E+01    -2.2545015952855482E-01
 4.5496031250000001E+01    -2.1320222821388304E-01
 4.5558568749999999E+01    -2.0076250045042313E-01
 4.5621106249999997E+01    -1.8818106262941500E-01
 4.5683643750000002E+01    -1.7550800114209864E-01
 4.5746181249999999E+01    -1.6279340237971845E-01
 4.5808718749999997E+01    -1.5008735273351431E-01
 4.5871256250000002E+01    -1.3743993859472636E-01
 4.5933793750000000E+01    -1.2490124635459869E-01
 4.5996331249999997E+01    -1.1252136240437138E-01
 4.6058868750000002E+01    -1.0035037313528453E-01
 4.6121406250000000E+01    -8.8438364938582231E-02
 4.6183943749999997E+01    -7.6835424205504557E-02
 4.6246481250000002E+01    -6.5591637327291633E-02
 4.6309018750000000E+01    -5.4757090695187492E-02
 4.6371556249999998E+01    -4.4381870700432195E-02
 4.6434093750000002E+01    -3.4516063734266141E-02
 4.6496631250000000E+01    -2.5209756187932919E-02
 4.6559168749999998E+01    -1.6513034452672836E-02
 4.6621706250000003E+01    -8.4759849197264189E-03
 4.6684243750000000E+01    -1.1486939803369205E-03
 4.6746781249999998E+01     5.4263613124223356E-03
 4.6809318750000003E+01     1.1257290785612519E-02
 4.6871856250000000E+01     1.6372840791402207E-02
 4.6934393749999998E+01     2.0801818556667226E-02
 4.6996931249999996E+01     2.4573031308282714E-02
 4.7059468750000001E+01     2.7715286273124196E-02
 4.7122006249999998E+01     3.0257390678066140E-02
 4.7184543749999996E+01     3.2228151749984002E-02
 4.7247081250000001E+01     3.3656376715753202E-02
 4.7309618749999998E+01     3.4570872802248485E-02
 4.7372156249999996E+01     3.5000447236345211E-02
 4.7434693750000001E+01     3.4973907244918549E-02
 4.7497231249999999E+01     3.4520060054843635E-02
 4.7559768749999996E+01     3.3667712892995687E-02
 4.7622306250000001E+01     3.2445672986249681E-02
 4.7684843749999999E+01     3.0882747561481041E-02
 4.7747381249999997E+01     2.9007743845564829E-02
 4.7809918750000001E+01     2.6849469065375955E-02
 4.7872456249999999E+01     2.4436730447790073E-02
 4.7934993749999997E+01     2.1798335219682087E-02
 4.7997531250000002E+01     1.8963090607926811E-02
 4.8060068749999999E+01     1.5959803839400093E-02
 4.8122606249999997E+01     1.2817282140976778E-02
 4.8185143750000002E+01     9.5643327395316391E-03
 4.8247681249999999E+01     6.2297628619405812E-03
 4.8310218749999997E+01     2.8423797350783653E-03
 4.8372756250000002E+01    -5.6900941418019241E-04
 4.8435293750000000E+01    -3.9755973589591593E-03
 4.8497831249999997E+01    -7.3485768723837996E-03
 4.8560368750000002E+01    -1.0659140727579243E-02
 4.8622906250000000E+01    -1.3878481697669682E-02
 4.8685443749999997E+01    -1.6977792555780236E-02
 4.8747981250000002E+01    -1.9928266075036165E-02
 4.8810518750000000E+01    -2.2701095028561574E-02
 4.8873056249999998E+01    -2.5267472189481652E-02
 4.8935593750000002E+01    -2.7598590330921519E-02
 4.8998131250000000E+01    -2.9665642226005463E-02
 4.9060668749999998E+01    -3.1439820647858607E-02
 4.9123206250000003E+01    -3.2892318369605947E-02
 4.9185743750000000E+01    -3.3994328164371958E-02
 4.9248281249999998E+01    -3.4717042805281678E-02
 4.9310818749999996E+01    -3.5031655065459980E-02
 4.9373356250000001E+01    -3.4909357718031636E-02
 4.9435893749999998E+01    -3.4321343536121499E-02
 4.9498431249999996E+01    -3.3238805292854452E-02
 4.9560968750000001E+01    -3.1632935761355126E-02
 4.9623506249999998E+01    -2.9474927714748675E-02
 4.9686043749999996E+01    -2.6735973926159815E-02
 4.9748581250000001E+01    -2.3387267168712991E-02
 4.9811118749999999E+01    -1.9400000215533775E-02
 4.9873656249999996E+01    -1.4745365839746671E-02
 4.9936193750000001E+01    -9.3945568144758740E-03
 4.9998731249999999E+01    -3.3187659128474261E-03
