#                  time                       real
 3.1268749999999998E-02     1.1050874340072833E-02
 9.3806249999999994E-02     3.2733720058375132E-02
 1.5634375000000000E-01     5.3862926940607098E-02
 2.1888124999999997E-01     7.4444373122433793E-02
 2.8141875000000000E-01     9.4483936739520200E-02
 3.4395625000000002E-01     1.1398749592753135E-01
 4.0649374999999999E-01     1.3296092882213226E-01
 4.6903124999999996E-01     1.5141011355898795E-01
 5.3156874999999992E-01     1.6934092827376340E-01
 5.9410624999999995E-01     1.8675925110212371E-01
 6.5664374999999997E-01     2.0367096017973391E-01
 7.1918124999999988E-01     2.2008193364225884E-01
 7.8171874999999991E-01     2.3599804962536372E-01
 8.4425624999999993E-01     2.5142518626471339E-01
 9.0679374999999984E-01     2.6636922169597305E-01
 9.6933124999999987E-01     2.8083603405480773E-01
 1.0318687499999999E+00     2.9483150147688225E-01
 1.0944062499999998E+00     3.0836150209786167E-01
 1.1569437499999999E+00     3.2143191405341126E-01
 1.2194812499999999E+00     3.3404861547919573E-01
 1.2820187500000000E+00     3.4621748451088025E-01
 1.3445562499999999E+00     3.5794439928412980E-01
 1.4070937499999998E+00     3.6923523793460944E-01
 1.4696312499999999E+00     3.8009587859798422E-01
 1.5321687499999999E+00     3.9053219940991890E-01
 1.5947062499999998E+00     4.0055007850607888E-01
 1.6572437499999999E+00     4.1015539402212892E-01
 1.7197812499999998E+00     4.1935402409373412E-01
 1.7823187499999997E+00     4.2815184685655944E-01
 1.8448562499999999E+00     4.3655474044627018E-01
 1.9073937499999998E+00     4.4456858299853080E-01
 1.9699312499999999E+00     4.5219925264900684E-01
 2.0324687500000000E+00     4.5945262753336330E-01
 2.0950062500000000E+00     4.6633458578726461E-01
 2.1575437499999999E+00     4.7285100554637655E-01
 2.2200812500000002E+00     4.7900776494636366E-01
 2.2826187500000001E+00     4.8481074212289121E-01
 2.3451562500000001E+00     4.9026581521162388E-01
 2.4076937500000000E+00     4.9537886234822709E-01
 2.4702312499999999E+00     5.0015576166836551E-01
 2.5327687500000002E+00     5.0460239130770457E-01
 2.5953062500000001E+00     5.0872462940190899E-01
 2.6578437500000001E+00     5.1252835408664366E-01
 2.7203812500000000E+00     5.1601944349757412E-01
 2.7829187499999999E+00     5.1920377577036458E-01
 2.8454562499999998E+00     5.2208722904068072E-01
 2.9079937500000002E+00     5.2467568144418775E-01
 2.9705312500000001E+00     5.2697501111654976E-01
 3.0330687500000000E+00     5.2899109619343254E-01
 3.0956062499999999E+00     5.3072981481050108E-01
 3.1581437499999998E+00     5.3219704510342014E-01
 3.2206812500000002E+00     5.3339866520785451E-01
 3.2832187500000001E+00     5.3434055325946972E-01
 3.3457562500000000E+00     5.3502858739393033E-01
 3.4082937499999999E+00     5.3546864574690212E-01
 3.4708312499999998E+00     5.3566660645404918E-01
 3.5333687499999997E+00     5.3562834765103706E-01
 3.5959062500000001E+00     5.3535974747353077E-01
 3.6584437500000000E+00     5.3486668405719506E-01
 3.7209812499999999E+00     5.3415503553769517E-01
 3.7835187499999998E+00     5.3323068005069607E-01
 3.8460562499999997E+00     5.3209949573186277E-01
 3.9085937500000001E+00     5.3076736071686026E-01
 3.9711312500000000E+00     5.2924015314135353E-01
 4.0336687499999995E+00     5.2752375114100758E-01
 4.0962062499999998E+00     5.2562403285148762E-01
 4.1587437499999993E+00     5.2354687640845865E-01
 4.2212812499999997E+00     5.2129815994758544E-01
 4.2838187499999991E+00     5.1888376160453320E-01
 4.3463562499999995E+00     5.1630955951496693E-01
 4.4088937499999998E+00     5.1358143181455140E-01
 4.4714312499999993E+00     5.1070525663895228E-01
 4.5339687499999997E+00     5.0768691212383388E-01
 4.5965062499999991E+00     5.0453227640486153E-01
 4.6590437499999995E+00     5.0124722761770024E-01
 4.7215812499999998E+00     4.9783764389801505E-01
 4.7841187499999993E+00     4.9430940338147084E-01
 4.8466562499999997E+00     4.9066838420373282E-01
 4.9091937499999991E+00     4.8692046450046578E-01
 4.9717312499999995E+00     4.8307152240733503E-01
 5.0342687499999998E+00     4.7912743606000530E-01
 5.0968062499999993E+00     4.7509408359414185E-01
 5.1593437499999997E+00     4.7097734314540957E-01
 5.2218812499999991E+00     4.6678309284947339E-01
 5.2844187499999995E+00     4.6251721084199854E-01
 5.3469562499999990E+00     4.5818557525865006E-01
 5.4094937499999993E+00     4.5379406423509250E-01
 5.4720312499999997E+00     4.4934855590699141E-01
 5.5345687499999991E+00     4.4485492841001179E-01
 5.5971062499999995E+00     4.4031905987981823E-01
 5.6596437499999990E+00     4.3574682845207618E-01
 5.7221812499999993E+00     4.3114411226245042E-01
 5.7847187499999997E+00     4.2651678944660598E-01
 5.8472562499999992E+00     4.2187073814020809E-01
 5.9097937499999995E+00     4.1721183647892146E-01
 5.9723312499999990E+00     4.1254596259841148E-01
 6.0348687499999993E+00     4.0787899463434263E-01
 6.0974062499999997E+00     4.0321681072238047E-01
 6.1599437499999992E+00     3.9856528899818983E-01
 6.2224812499999995E+00     3.9393030759743564E-01
 6.2850187499999990E+00     3.8931774465578295E-01
 6.3475562499999993E+00     3.8473347830889670E-01
 6.4100937499999997E+00     3.8018338669244217E-01
 6.4726312499999992E+00     3.7567334794208423E-01
 6.5351687499999995E+00     3.7120924019348789E-01
 6.5977062499999990E+00     3.6679694158231813E-01
 6.6602437499999994E+00     3.6244233024424000E-01
 6.7227812499999997E+00     3.5815128431491861E-01
 6.7853187499999992E+00     3.5392968193001884E-01
 6.8478562499999995E+00     3.4978340122520568E-01
 6.9103937499999990E+00     3.4571832033614430E-01
 6.9729312499999994E+00     3.4174031739849964E-01
 7.0354687499999988E+00     3.3785527054793685E-01
 7.0980062499999992E+00     3.3406905792012065E-01
 7.1605437499999995E+00     3.3038755765071637E-01
 7.2230812499999990E+00     3.2681664787538889E-01
 7.2856187499999994E+00     3.2336220672980320E-01
 7.3481562499999988E+00     3.2003011234962436E-01
 7.4106937499999992E+00     3.1682624287051742E-01
 7.4732312499999995E+00     3.1375647642814730E-01
 7.5357687499999990E+00     3.1082669115817918E-01
 7.5983062499999994E+00     3.0804276519627793E-01
 7.6608437499999988E+00     3.0541057667810867E-01
 7.7233812499999992E+00     3.0293600373933627E-01
 7.7859187499999996E+00     3.0062492451562595E-01
 7.8484562499999990E+00     2.9848321714264248E-01
 7.9109937499999994E+00     2.9651675975605118E-01
 7.9735312499999988E+00     2.9473143049151695E-01
 8.0360687500000001E+00     2.9313310748470467E-01
 8.0986062499999996E+00     2.9172766887127943E-01
 8.1611437500000008E+00     2.9052099278690635E-01
 8.2236812500000003E+00     2.8951895736725042E-01
 8.2862187499999997E+00     2.8872744074797640E-01
 8.3487562499999992E+00     2.8815232106474986E-01
 8.4112937500000005E+00     2.8779947645323528E-01
 8.4738312499999999E+00     2.8767478504909805E-01
 8.5363687499999994E+00     2.8778412498800277E-01
 8.5989062500000006E+00     2.8813337440561487E-01
 8.6614437500000001E+00     2.8872841143759925E-01
 8.7239812499999996E+00     2.8957511421962079E-01
 8.7865187500000008E+00     2.9067936088734470E-01
 8.8490562500000003E+00     2.9204702957643586E-01
 8.9115937499999998E+00     2.9368399842255932E-01
 8.9741312499999992E+00     2.9559614556138014E-01
 9.0366687500000005E+00     2.9778934912856342E-01
 9.0992062499999999E+00     3.0026948703003625E-01
 9.1617437499999994E+00     3.0303964287328605E-01
 9.2242812500000007E+00     3.0609314491805134E-01
 9.2868187500000001E+00     3.0942119382414729E-01
 9.3493562499999996E+00     3.1301499025139035E-01
 9.4118937500000008E+00     3.1686573485959646E-01
 9.4744312500000003E+00     3.2096462830858125E-01
 9.5369687499999998E+00     3.2530287125816065E-01
 9.5995062499999992E+00     3.2987166436815074E-01
 9.6620437500000005E+00     3.3466220829836762E-01
 9.7245812500000000E+00     3.3966570370862670E-01
 9.7871187499999994E+00     3.4487335125874424E-01
 9.8496562500000007E+00     3.5027635160853610E-01
 9.9121937500000001E+00     3.5586590541781810E-01
 9.9747312499999996E+00     3.6163321334640608E-01
 1.0037268750000001E+01     3.6756947605411638E-01
 1.0099806250000000E+01     3.7366589420076435E-01
 1.0162343750000000E+01     3.7991366844616620E-01
 1.0224881249999999E+01     3.8630399945013782E-01
 1.0287418750000001E+01     3.9282808787249518E-01
 1.0349956250000000E+01     3.9947713437305410E-01
 1.0412493749999999E+01     4.0624233961163048E-01
 1.0475031250000001E+01     4.1311490424804026E-01
 1.0537568750000000E+01     4.2008602894209923E-01
 1.0600106250000000E+01     4.2714691435362367E-01
 1.0662643749999999E+01     4.3428876114242887E-01
 1.0725181250000000E+01     4.4150276996833149E-01
 1.0787718750000000E+01     4.4878014149114687E-01
 1.0850256249999999E+01     4.5611207637069118E-01
 1.0912793750000001E+01     4.6348977526678037E-01
 1.0975331250000000E+01     4.7090443883923011E-01
 1.1037868749999999E+01     4.7834726774785624E-01
 1.1100406250000001E+01     4.8580946265247538E-01
 1.1162943750000000E+01     4.9328222421290258E-01
 1.1225481250000000E+01     5.0075675308895429E-01
 1.1288018749999999E+01     5.0822424994044613E-01
 1.1350556250000000E+01     5.1567591542719438E-01
 1.1413093750000000E+01     5.2310295020901432E-01
 1.1475631249999999E+01     5.3049655494572245E-01
 1.1538168750000001E+01     5.3784793029713451E-01
 1.1600706250000000E+01     5.4514827692306633E-01
 1.1663243749999999E+01     5.5238879548333397E-01
 1.1725781250000001E+01     5.5956068663775327E-01
 1.1788318750000000E+01     5.6665515104613995E-01
 1.1850856250000000E+01     5.7366338936831029E-01
 1.1913393749999999E+01     5.8057660226407970E-01
 1.1975931250000000E+01     5.8738599039326467E-01
 1.2038468750000000E+01     5.9408275441568059E-01
 1.2101006249999999E+01     6.0065809499114375E-01
 1.2163543750000001E+01     6.0710321277946988E-01
 1.2226081250000000E+01     6.1340930844047503E-01
 1.2288618749999999E+01     6.1956758263397482E-01
 1.2351156249999999E+01     6.2556923601978542E-01
 1.2413693750000000E+01     6.3140546925772278E-01
 1.2476231250000000E+01     6.3706748300760263E-01
 1.2538768749999999E+01     6.4254647792924102E-01
 1.2601306250000000E+01     6.4783365468245402E-01
 1.2663843750000000E+01     6.5292021392705701E-01
 1.2726381249999999E+01     6.5779735632286629E-01
 1.2788918750000001E+01     6.6245628252969790E-01
 1.2851456250000000E+01     6.6688819320736736E-01
 1.2913993749999999E+01     6.7108428901569084E-01
 1.2976531249999999E+01     6.7503577061448383E-01
 1.3039068750000000E+01     6.7873383866356307E-01
 1.3101606250000000E+01     6.8216969382274395E-01
 1.3164143749999999E+01     6.8533453675184219E-01
 1.3226681250000000E+01     6.8821956811067408E-01
 1.3289218750000000E+01     6.9081598855905546E-01
 1.3351756249999999E+01     6.9311499875680216E-01
 1.3414293750000001E+01     6.9510779936373013E-01
 1.3476831250000000E+01     6.9678559103965509E-01
 1.3539368750000000E+01     6.9813957444439334E-01
 1.3601906249999999E+01     6.9916095023776048E-01
 1.3664443750000000E+01     6.9984099671309374E-01
 1.3726981250000000E+01     7.0017620175779305E-01
 1.3789518749999999E+01     7.0017146235028449E-01
 1.3852056250000000E+01     6.9983243935568551E-01
 1.3914593750000000E+01     6.9916479363911421E-01
 1.3977131249999999E+01     6.9817418606568737E-01
 1.4039668749999999E+01     6.9686627750052299E-01
 1.4102206250000000E+01     6.9524672880873795E-01
 1.4164743750000000E+01     6.9332120085545013E-01
 1.4227281249999999E+01     6.9109535450577653E-01
 1.4289818750000000E+01     6.8857485062483537E-01
 1.4352356250000000E+01     6.8576535007774320E-01
 1.4414893749999999E+01     6.8267251372961812E-01
 1.4477431250000000E+01     6.7930200244557704E-01
 1.4539968750000000E+01     6.7565947709073781E-01
 1.4602506249999999E+01     6.7175059853021779E-01
 1.4665043749999999E+01     6.6758102762913452E-01
 1.4727581250000000E+01     6.6315642525260521E-01
 1.4790118750000000E+01     6.5848245226574742E-01
 1.4852656249999999E+01     6.5356476953367848E-01
 1.4915193750000000E+01     6.4840903792151594E-01
 1.4977731250000000E+01     6.4302091829437769E-01
 1.5040268749999999E+01     6.3740607151738038E-01
 1.5102806250000000E+01     6.3157015845564157E-01
 1.5165343750000000E+01     6.2551883997427948E-01
 1.5227881249999999E+01     6.1925777693841089E-01
 1.5290418749999999E+01     6.1279263021315344E-01
 1.5352956250000000E+01     6.0612906066362426E-01
 1.5415493750000000E+01     5.9927272915494123E-01
 1.5478031249999999E+01     5.9222929655222167E-01
 1.5540568750000000E+01     5.8500442372058292E-01
 1.5603106250000000E+01     5.7760377152514242E-01
 1.5665643749999999E+01     5.7003300083101782E-01
 1.5728181250000000E+01     5.6229777250332635E-01
 1.5790718750000000E+01     5.5440374740718557E-01
 1.5853256249999999E+01     5.4635658640771301E-01
 1.5915793749999999E+01     5.3816195037002601E-01
 1.5978331250000000E+01     5.2982550015924157E-01
 1.6040868749999998E+01     5.2135289664047824E-01
 1.6103406249999999E+01     5.1274980067885234E-01
 1.6165943749999997E+01     5.0402187313948232E-01
 1.6228481249999998E+01     4.9517477488748424E-01
 1.6291018749999999E+01     4.8621416678797680E-01
 1.6353556249999997E+01     4.7714570970607745E-01
 1.6416093749999998E+01     4.6797506450690257E-01
 1.6478631249999999E+01     4.5870789205557039E-01
 1.6541168749999997E+01     4.4934985321719867E-01
 1.6603706249999998E+01     4.3990660885690397E-01
 1.6666243749999996E+01     4.3038381983980462E-01
 1.6728781249999997E+01     4.2078714703101716E-01
 1.6791318749999999E+01     4.1112225129565949E-01
 1.6853856249999996E+01     4.0139479349884954E-01
 1.6916393749999997E+01     3.9161043450570376E-01
 1.6978931249999999E+01     3.8177483518134020E-01
 1.7041468749999996E+01     3.7189365639087674E-01
 1.7104006249999998E+01     3.6197255899942971E-01
 1.7166543749999999E+01     3.5201720387211727E-01
 1.7229081249999997E+01     3.4203325187405720E-01
 1.7291618749999998E+01     3.3202636387036599E-01
 1.7354156249999999E+01     3.2200220072616154E-01
 1.7416693749999997E+01     3.1196642330656199E-01
 1.7479231249999998E+01     3.0192469247668352E-01
 1.7541768749999999E+01     2.9188266910164429E-01
 1.7604306249999997E+01     2.8184601404656212E-01
 1.7666843749999998E+01     2.7182038817655357E-01
 1.7729381249999999E+01     2.6181145235673647E-01
 1.7791918749999997E+01     2.5182486745222882E-01
 1.7854456249999998E+01     2.4186629432814702E-01
 1.7916993749999996E+01     2.3194139384960966E-01
 1.7979531249999997E+01     2.2205582688173300E-01
 1.8042068749999999E+01     2.1221525428963500E-01
 1.8104606249999996E+01     2.0242533693843384E-01
 1.8167143749999997E+01     1.9269173569324571E-01
 1.8229681249999999E+01     1.8301991298080608E-01
 1.8292218749999996E+01     1.7341225240712005E-01
 1.8354756249999998E+01     1.6386871016283799E-01
 1.8417293749999999E+01     1.5438917659355927E-01
 1.8479831249999997E+01     1.4497354204488350E-01
 1.8542368749999998E+01     1.3562169686240824E-01
 1.8604906249999999E+01     1.2633353139173298E-01
 1.8667443749999997E+01     1.1710893597845708E-01
 1.8729981249999998E+01     1.0794780096817828E-01
 1.8792518749999999E+01     9.8850016706496110E-02
 1.8855056249999997E+01     8.9815473539009816E-02
 1.8917593749999998E+01     8.0844061811317286E-02
 1.8980131249999996E+01     7.1935671869018281E-02
 1.9042668749999997E+01     6.3090194057710769E-02
 1.9105206249999998E+01     5.4307518722994122E-02
 1.9167743749999996E+01     4.5587536210467572E-02
 1.9230281249999997E+01     3.6930136865729053E-02
 1.9292818749999999E+01     2.8335211034377958E-02
 1.9355356249999996E+01     1.9802649062013511E-02
 1.9417893749999998E+01     1.1332341294233678E-02
 1.9480431249999999E+01     2.9241780766377521E-03
 1.9542968749999996E+01    -5.4219502451748613E-03
 1.9605506249999998E+01    -1.3706153325606318E-02
 1.9668043749999999E+01    -2.1928540819057270E-02
 1.9730581249999997E+01    -3.0089222379928414E-02
 1.9793118749999998E+01    -3.8188307662621858E-02
 1.9855656249999999E+01    -4.6225906321538203E-02
 1.9918193749999997E+01    -5.4202128011078210E-02
 1.9980731249999998E+01    -6.2117082385643903E-02
 2.0043268749999999E+01    -6.9970879099635938E-02
 2.0105806249999997E+01    -7.7763627807455077E-02
 2.0168343749999998E+01    -8.5495438163503371E-02
 2.0230881249999996E+01    -9.3166419822181018E-02
 2.0293418749999997E+01    -1.0077668243789006E-01
 2.0355956249999998E+01    -1.0832633566503118E-01
 2.0418493749999996E+01    -1.1581548915800519E-01
 2.0481031249999997E+01    -1.2324425257121399E-01
 2.0543568749999999E+01    -1.3061273555905839E-01
 2.0606106249999996E+01    -1.3792104777593900E-01
 2.0668643749999998E+01    -1.4516929887625787E-01
 2.0731181249999999E+01    -1.5235759851441583E-01
 2.0793718749999996E+01    -1.5948605634481350E-01
 2.0856256249999998E+01    -1.6655478202185275E-01
 2.0918793749999999E+01    -1.7356388519993443E-01
 2.0981331249999997E+01    -1.8051347553345931E-01
 2.1043868749999998E+01    -1.8740366267682934E-01
 2.1106406249999999E+01    -1.9423455628444522E-01
 2.1168943749999997E+01    -2.0100626601070770E-01
 2.1231481249999998E+01    -2.0771890151001882E-01
 2.1294018749999996E+01    -2.1437257243677876E-01
 2.1356556249999997E+01    -2.2096738844538960E-01
 2.1419093749999998E+01    -2.2750345919025194E-01
 2.1481631249999996E+01    -2.3398089432576674E-01
 2.1544168749999997E+01    -2.4039980350633575E-01
 2.1606706249999998E+01    -2.4676029638635982E-01
 2.1669243749999996E+01    -2.5306248262023973E-01
 2.1731781249999997E+01    -2.5930647186237726E-01
 2.1794318749999999E+01    -2.6549237376717327E-01
 2.1856856249999996E+01    -2.7162029798902859E-01
 2.1919393749999998E+01    -2.7769035418234495E-01
 2.1981931249999999E+01    -2.8370265200152328E-01
 2.2044468749999997E+01    -2.8965730110096427E-01
 2.2107006249999998E+01    -2.9555441113506986E-01
 2.2169543749999999E+01    -3.0139409175824072E-01
 2.2232081249999997E+01    -3.0717645262487792E-01
 2.2294618749999998E+01    -3.1290160338938300E-01
 2.2357156249999996E+01    -3.1856965370615647E-01
 2.2419693749999997E+01    -3.2418071322960029E-01
 2.2482231249999998E+01    -3.2973489161411507E-01
 2.2544768749999996E+01    -3.3523229851410180E-01
 2.2607306249999997E+01    -3.4067304358396222E-01
 2.2669843749999998E+01    -3.4605723647809716E-01
 2.2732381249999996E+01    -3.5138498685090758E-01
 2.2794918749999997E+01    -3.5665612145746350E-01
 2.2857456249999998E+01    -3.6186875600475660E-01
 2.2919993749999996E+01    -3.6702036620139283E-01
 2.2982531249999997E+01    -3.7210842664236454E-01
 2.3045068749999999E+01    -3.7713041192266317E-01
 2.3107606249999996E+01    -3.8208379663728020E-01
 2.3170143749999998E+01    -3.8696605538120793E-01
 2.3232681249999999E+01    -3.9177466274943790E-01
 2.3295218749999997E+01    -3.9650709333696149E-01
 2.3357756249999998E+01    -4.0116082173877116E-01
 2.3420293749999999E+01    -4.0573332254985822E-01
 2.3482831249999997E+01    -4.1022207036521419E-01
 2.3545368749999998E+01    -4.1462453977983155E-01
 2.3607906249999996E+01    -4.1893820538870125E-01
 2.3670443749999997E+01    -4.2316054178681589E-01
 2.3732981249999998E+01    -4.2728902356916654E-01
 2.3795518749999996E+01    -4.3132112533074518E-01
 2.3858056249999997E+01    -4.3525432166654376E-01
 2.3920593749999998E+01    -4.3908608717155373E-01
 2.3983131249999996E+01    -4.4281389644076685E-01
 2.4045668749999997E+01    -4.4643522406917518E-01
 2.4108206249999999E+01    -4.4994754465177039E-01
 2.4170743749999996E+01    -4.5334833278354369E-01
 2.4233281249999997E+01    -4.5663506305948770E-01
 2.4295818749999999E+01    -4.5980521007459374E-01
 2.4358356249999996E+01    -4.6285624842385342E-01
 2.4420893749999998E+01    -4.6578565270225880E-01
 2.4483431249999999E+01    -4.6859089750480137E-01
 2.4545968749999997E+01    -4.7126945742647319E-01
 2.4608506249999998E+01    -4.7381880706226565E-01
 2.4671043749999995E+01    -4.7623642100717084E-01
 2.4733581249999997E+01    -4.7851977385618039E-01
 2.4796118749999998E+01    -4.8066634020428600E-01
 2.4858656249999996E+01    -4.8267359464647930E-01
 2.4921193749999997E+01    -4.8453901177775244E-01
 2.4983731249999998E+01    -4.8626006619309686E-01
 2.5046268749999996E+01    -4.8783423248750440E-01
 2.5108806249999997E+01    -4.8925898525596695E-01
 2.5171343749999998E+01    -4.9053179909347611E-01
 2.5233881249999996E+01    -4.9165014859502348E-01
 2.5296418749999997E+01    -4.9261150835560108E-01
 2.5358956249999999E+01    -4.9341335297020067E-01
 2.5421493749999996E+01    -4.9405315703381386E-01
 2.5484031249999997E+01    -4.9452839514143249E-01
 2.5546568749999999E+01    -4.9483654188804821E-01
 2.5609106249999996E+01    -4.9497507186865297E-01
 2.5671643749999998E+01    -4.9494145967823838E-01
 2.5734181249999999E+01    -4.9473317991179622E-01
 2.5796718749999997E+01    -4.9434770716431847E-01
 2.5859256249999998E+01    -4.9378251603079626E-01
 2.5921793749999996E+01    -4.9303508110622196E-01
 2.5984331249999997E+01    -4.9210287698558730E-01
 2.6046868749999998E+01    -4.9098337826388372E-01
 2.6109406249999996E+01    -4.8967405953610310E-01
 2.6171943749999997E+01    -4.8817239539723717E-01
 2.6234481249999998E+01    -4.8647586044227792E-01
 2.6297018749999996E+01    -4.8458192926621668E-01
 2.6359556249999997E+01    -4.8248807646404557E-01
 2.6422093749999998E+01    -4.8019177663075624E-01
 2.6484631249999996E+01    -4.7769050436134047E-01
 2.6547168749999997E+01    -4.7498173425078977E-01
 2.6609706249999999E+01    -4.7206294089409623E-01
 2.6672243749999996E+01    -4.6893159888625163E-01
 2.6734781249999997E+01    -4.6558518282224726E-01
 2.6797318749999999E+01    -4.6202116729707532E-01
 2.6859856249999996E+01    -4.5823702690572765E-01
 2.6922393749999998E+01    -4.5423023624319558E-01
 2.6984931249999995E+01    -4.4999826990447112E-01
 2.7047468749999997E+01    -4.4553860248454596E-01
 2.7110006249999998E+01    -4.4084870857841169E-01
 2.7172543749999996E+01    -4.3592606278106061E-01
 2.7235081249999997E+01    -4.3076813968748384E-01
 2.7297618749999998E+01    -4.2537241794157304E-01
 2.7360156249999996E+01    -4.1973870310480660E-01
 2.7422693749999997E+01    -4.1387302179789343E-01
 2.7485231249999998E+01    -4.0778242921199714E-01
 2.7547768749999996E+01    -4.0147398053828071E-01
 2.7610306249999997E+01    -3.9495473096790679E-01
 2.7672843749999998E+01    -3.8823173569203867E-01
 2.7735381249999996E+01    -3.8131204990183970E-01
 2.7797918749999997E+01    -3.7420272878847238E-01
 2.7860456249999999E+01    -3.6691082754310012E-01
 2.7922993749999996E+01    -3.5944340135688624E-01
 2.7985531249999998E+01    -3.5180750542099309E-01
 2.8048068749999995E+01    -3.4401019492658452E-01
 2.8110606249999996E+01    -3.3605852506482287E-01
 2.8173143749999998E+01    -3.2795955102687130E-01
 2.8235681249999995E+01    -3.1972032800389366E-01
 2.8298218749999997E+01    -3.1134791118705185E-01
 2.8360756249999998E+01    -3.0284935576750954E-01
 2.8423293749999996E+01    -2.9423171693643024E-01
 2.8485831249999997E+01    -2.8550204988497591E-01
 2.8548368749999998E+01    -2.7666740980431026E-01
 2.8610906249999996E+01    -2.6773485188559681E-01
 2.8673443749999997E+01    -2.5871143131999763E-01
 2.8735981249999998E+01    -2.4960420329867614E-01
 2.8798518749999996E+01    -2.4042022301279603E-01
 2.8861056249999997E+01    -2.3116654565351930E-01
 2.8923593749999998E+01    -2.2185022641200944E-01
 2.8986131249999996E+01    -2.1247832047943027E-01
 2.9048668749999997E+01    -2.0305788304694355E-01
 2.9111206249999999E+01    -1.9359596930571299E-01
 2.9173743749999996E+01    -1.8409963444690208E-01
 2.9236281249999998E+01    -1.7457593366167284E-01
 2.9298818749999995E+01    -1.6503192214118953E-01
 2.9361356249999996E+01    -1.5547465507661401E-01
 2.9423893749999998E+01    -1.4591118765910982E-01
 2.9486431249999995E+01    -1.3634857507984072E-01
 2.9548968749999997E+01    -1.2679387252996852E-01
 2.9611506249999998E+01    -1.1725413520065690E-01
 2.9674043749999996E+01    -1.0773641828306947E-01
 2.9736581249999997E+01    -9.8247776968368117E-02
 2.9799118749999998E+01    -8.8795266447716598E-02
 2.9861656249999996E+01    -7.9385941912278338E-02
 2.9924193749999997E+01    -7.0026858553215429E-02
 2.9986731249999998E+01    -6.0725071561691393E-02
 3.0049268749999996E+01    -5.1487636128869904E-02
 3.0111806249999997E+01    -4.2321607445912852E-02
 3.0174343749999998E+01    -3.3234040703983884E-02
 3.0236881249999996E+01    -2.4231991094246595E-02
 3.0299418749999997E+01    -1.5322513807862948E-02
 3.0361956249999995E+01    -6.5126640359970218E-03
 3.0424493749999996E+01     2.1905030301890712E-03
 3.0487031249999998E+01     1.0779932199531781E-02
 3.0549568749999995E+01     1.9248568280867667E-02
 3.0612106249999997E+01     2.7589356083034536E-02
 3.0674643749999998E+01     3.5795240414868840E-02
 3.0737181249999995E+01     4.3859166085207131E-02
 3.0799718749999997E+01     5.1774077902887274E-02
 3.0862256249999998E+01     5.9532920676745725E-02
 3.0924793749999996E+01     6.7128639215618985E-02
 3.0987331249999997E+01     7.4554178328344795E-02
 3.1049868749999998E+01     8.1802482823759834E-02
 3.1112406249999996E+01     8.8866497510700512E-02
 3.1174943749999997E+01     9.5739167198004696E-02
 3.1237481249999998E+01     1.0241343669450877E-01
 3.1300018749999996E+01     1.0888225080904940E-01
 3.1362556249999997E+01     1.1513855435046423E-01
 3.1425093749999998E+01     1.2117529212758987E-01
 3.1487631249999996E+01     1.2698540894926300E-01
 3.1550168749999997E+01     1.3256184962432102E-01
 3.1612706249999995E+01     1.3789755896160044E-01
 3.1675243749999996E+01     1.4298548176993886E-01
 3.1737781249999998E+01     1.4781856285817260E-01
 3.1800318749999995E+01     1.5238974703513866E-01
 3.1862856249999997E+01     1.5669213822736811E-01
 3.1925393749999998E+01     1.6072470632575384E-01
 3.1987931249999995E+01     1.6449386133755040E-01
 3.2050468750000000E+01     1.6800649280577865E-01
 3.2113006249999998E+01     1.7126949027345856E-01
 3.2175543750000003E+01     1.7428974328361113E-01
 3.2238081250000000E+01     1.7707414137925620E-01
 3.2300618749999998E+01     1.7962957410341460E-01
 3.2363156250000003E+01     1.8196293099910710E-01
 3.2425693750000001E+01     1.8408110160935345E-01
 3.2488231249999998E+01     1.8599097547717458E-01
 3.2550768750000003E+01     1.8769944214559095E-01
 3.2613306250000001E+01     1.8921339115762290E-01
 3.2675843749999999E+01     1.9053971205629081E-01
 3.2738381250000003E+01     1.9168529438461554E-01
 3.2800918750000001E+01     1.9265702768561704E-01
 3.2863456249999999E+01     1.9346180150231604E-01
 3.2925993750000004E+01     1.9410650537773302E-01
 3.2988531250000001E+01     1.9459802885488836E-01
 3.3051068749999999E+01     1.9494326147680258E-01
 3.3113606250000004E+01     1.9514909278649606E-01
 3.3176143750000001E+01     1.9522241232698939E-01
 3.3238681249999999E+01     1.9517010964130291E-01
 3.3301218749999997E+01     1.9499907427245716E-01
 3.3363756250000002E+01     1.9471619576347254E-01
 3.3426293749999999E+01     1.9432836365736961E-01
 3.3488831249999997E+01     1.9384246749716874E-01
 3.3551368750000002E+01     1.9326539682589045E-01
 3.3613906249999999E+01     1.9260404118655519E-01
 3.3676443749999997E+01     1.9186529012218345E-01
 3.3738981250000002E+01     1.9105603317579550E-01
 3.3801518750000000E+01     1.9018315989041207E-01
 3.3864056249999997E+01     1.8925355980905348E-01
 3.3926593750000002E+01     1.8827412247474021E-01
 3.3989131250000000E+01     1.8725173743049281E-01
 3.4051668749999997E+01     1.8619329421933165E-01
 3.4114206250000002E+01     1.8510568238427713E-01
 3.4176743750000000E+01     1.8399579146834985E-01
 3.4239281249999998E+01     1.8287051101457025E-01
 3.4301818750000002E+01     1.8173673056595868E-01
 3.4364356250000000E+01     1.8060133966553579E-01
 3.4426893749999998E+01     1.7947122785632191E-01
 3.4489431250000003E+01     1.7835328468133738E-01
 3.4551968750000000E+01     1.7725439968360304E-01
 3.4614506249999998E+01     1.7618146240613902E-01
 3.4677043750000003E+01     1.7514136239196579E-01
 3.4739581250000001E+01     1.7414098918410409E-01
 3.4802118749999998E+01     1.7318723232557412E-01
 3.4864656250000003E+01     1.7228698135939635E-01
 3.4927193750000001E+01     1.7144712582859145E-01
 3.4989731249999998E+01     1.7067455527617970E-01
 3.5052268750000003E+01     1.6997615924518156E-01
 3.5114806250000001E+01     1.6935882727861762E-01
 3.5177343749999999E+01     1.6882944891950824E-01
 3.5239881250000003E+01     1.6839491371087392E-01
 3.5302418750000001E+01     1.6806211119573511E-01
 3.5364956249999999E+01     1.6783793091711233E-01
 3.5427493750000004E+01     1.6772926241802591E-01
 3.5490031250000001E+01     1.6774299524149644E-01
 3.5552568749999999E+01     1.6788601893054428E-01
 3.5615106249999997E+01     1.6816522302818998E-01
 3.5677643750000001E+01     1.6858749707745402E-01
 3.5740181249999999E+01     1.6915973062135675E-01
 3.5802718749999997E+01     1.6988881320291874E-01
 3.5865256250000002E+01     1.7078163436516047E-01
 3.5927793749999999E+01     1.7184508365110218E-01
 3.5990331249999997E+01     1.7308605060376453E-01
 3.6052868750000002E+01     1.7451142476616816E-01
 3.6115406249999999E+01     1.7612809568133306E-01
 3.6177943749999997E+01     1.7794295289228002E-01
 3.6240481250000002E+01     1.7996288594202967E-01
 3.6303018750000000E+01     1.8219478437360193E-01
 3.6365556249999997E+01     1.8464553773001760E-01
 3.6428093750000002E+01     1.8732115602422866E-01
 3.6490631250000000E+01     1.9021796714158745E-01
 3.6553168749999998E+01     1.9332630070267917E-01
 3.6615706250000002E+01     1.9663639694177371E-01
 3.6678243750000000E+01     2.0013849609313988E-01
 3.6740781249999998E+01     2.0382283839104767E-01
 3.6803318750000003E+01     2.0767966406976709E-01
 3.6865856250000000E+01     2.1169921336356692E-01
 3.6928393749999998E+01     2.1587172650671724E-01
 3.6990931250000003E+01     2.2018744373348798E-01
 3.7053468750000000E+01     2.2463660527814783E-01
 3.7116006249999998E+01     2.2920945137496687E-01
 3.7178543750000003E+01     2.3389622225821530E-01
 3.7241081250000001E+01     2.3868715816216149E-01
 3.7303618749999998E+01     2.4357249932107569E-01
 3.7366156250000003E+01     2.4854248596922804E-01
 3.7428693750000001E+01     2.5358735834088697E-01
 3.7491231249999998E+01     2.5869735667032268E-01
 3.7553768750000003E+01     2.6386272119180532E-01
 3.7616306250000001E+01     2.6907369213960336E-01
 3.7678843749999999E+01     2.7432050974798683E-01
 3.7741381250000003E+01     2.7959341425122614E-01
 3.7803918750000001E+01     2.8488264588358952E-01
 3.7866456249999999E+01     2.9017844487934724E-01
 3.7928993749999997E+01     2.9547105147276892E-01
 3.7991531250000001E+01     3.0075070589812464E-01
 3.8054068749999999E+01     3.0600764838968292E-01
 3.8116606249999997E+01     3.1123211918171384E-01
 3.8179143750000001E+01     3.1641435850848781E-01
 3.8241681249999999E+01     3.2154460660427292E-01
 3.8304218749999997E+01     3.2661310370333951E-01
 3.8366756250000002E+01     3.3161009003995795E-01
 3.8429293749999999E+01     3.3652580584839625E-01
 3.8491831249999997E+01     3.4135049136292489E-01
 3.8554368750000002E+01     3.4607438681781405E-01
 3.8616906250000000E+01     3.5068773244733192E-01
 3.8679443749999997E+01     3.5518076848574892E-01
 3.8741981250000002E+01     3.5954373516733518E-01
 3.8804518750000000E+01     3.6376687272635899E-01
 3.8867056249999997E+01     3.6784042139709078E-01
 3.8929593750000002E+01     3.7175462141380028E-01
 3.8992131250000000E+01     3.7549971301075646E-01
 3.9054668749999998E+01     3.7906593642222935E-01
 3.9117206250000002E+01     3.8244353188248870E-01
 3.9179743750000000E+01     3.8562273962580346E-01
 3.9242281249999998E+01     3.8859379988644371E-01
 3.9304818750000003E+01     3.9134695289867921E-01
 3.9367356250000000E+01     3.9387243889677898E-01
 3.9429893749999998E+01     3.9616049811501280E-01
 3.9492431250000003E+01     3.9820137078765089E-01
 3.9554968750000000E+01     3.9998529714896197E-01
 3.9617506249999998E+01     4.0150251743321591E-01
 3.9680043750000003E+01     4.0274327187468267E-01
 3.9742581250000001E+01     4.0369780070763150E-01
 3.9805118749999998E+01     4.0435634416633193E-01
 3.9867656250000003E+01     4.0470914248505374E-01
 3.9930193750000001E+01     4.0474643589806680E-01
 3.9992731249999999E+01     4.0445846463963997E-01
 4.0055268750000003E+01     4.0383546894404326E-01
 4.0117806250000001E+01     4.0286768904554632E-01
 4.0180343749999999E+01     4.0154536517841877E-01
 4.0242881249999996E+01     3.9985873757693013E-01
 4.0305418750000001E+01     3.9779804647534978E-01
 4.0367956249999999E+01     3.9535353210794777E-01
 4.0430493749999997E+01     3.9251543470899330E-01
 4.0493031250000001E+01     3.8927399451275579E-01
 4.0555568749999999E+01     3.8561945175350554E-01
 4.0618106249999997E+01     3.8154204666551172E-01
 4.0680643750000002E+01     3.7703201948304355E-01
 4.0743181249999999E+01     3.7207961044037152E-01
 4.0805718749999997E+01     3.6667505977176473E-01
 4.0868256250000002E+01     3.6080860771149215E-01
 4.0930793749999999E+01     3.5447049449382456E-01
 4.0993331249999997E+01     3.4765398692821675E-01
 4.1055868750000002E+01     3.4036622910110181E-01
 4.1118406250000000E+01     3.3261834007289048E-01
 4.1180943749999997E+01     3.2442143923079991E-01
 4.1243481250000002E+01     3.1578664596204692E-01
 4.1306018750000000E+01     3.0672507965385115E-01
 4.1368556249999997E+01     2.9724785969342971E-01
 4.1431093750000002E+01     2.8736610546799907E-01
 4.1493631250000000E+01     2.7709093636477927E-01
 4.1556168749999998E+01     2.6643347177098692E-01
 4.1618706250000002E+01     2.5540483107383888E-01
 4.1681243750000000E+01     2.4401613366055508E-01
 4.1743781249999998E+01     2.3227849891835245E-01
 4.1806318750000003E+01     2.2020304623444703E-01
 4.1868856250000000E+01     2.0780089499605975E-01
 4.1931393749999998E+01     1.9508316459040681E-01
 4.1993931250000003E+01     1.8206097440470476E-01
 4.2056468750000001E+01     1.6874544382617407E-01
 4.2119006249999998E+01     1.5514769224203112E-01
 4.2181543750000003E+01     1.4127883903949240E-01
 4.2244081250000001E+01     1.2715000360577861E-01
 4.2306618749999998E+01     1.1277230532810623E-01
 4.2369156249999996E+01     9.8156863593692634E-02
 4.2431693750000001E+01     8.3314797789754480E-02
 4.2494231249999999E+01     6.8257227303512580E-02
 4.2556768749999996E+01     5.2995271522183196E-02
 4.2619306250000001E+01     3.7540049832982203E-02
 4.2681843749999999E+01     2.1902681623131248E-02
 4.2744381249999996E+01     6.0942862798462061E-03
 4.2806918750000001E+01    -9.8740168096569381E-03
 4.2869456249999999E+01    -2.5991108258156981E-02
 4.2931993749999997E+01    -4.2245868678437382E-02
 4.2994531250000001E+01    -5.8627178683282488E-02
 4.3057068749999999E+01    -7.5123918885471097E-02
 4.3119606249999997E+01    -9.1724969897786557E-02
 4.3182143750000002E+01    -1.0841921233301355E-01
 4.3244681249999999E+01    -1.2519552680393020E-01
 4.3307218749999997E+01    -1.4204279392332086E-01
 4.3369756250000002E+01    -1.5894989430396944E-01
 4.3432293749999999E+01    -1.7590570855865417E-01
 4.3494831249999997E+01    -1.9289911730015930E-01
 4.3557368750000002E+01    -2.0991900114126916E-01
 4.3619906250000000E+01    -2.2695424069476156E-01
 4.3682443749999997E+01    -2.4399371657342128E-01
 4.3744981250000002E+01    -2.6102630939003185E-01
 4.3807518750000000E+01    -2.7804089975737184E-01
 4.3870056249999998E+01    -2.9502636828822582E-01
 4.3932593750000002E+01    -3.1197159559537702E-01
 4.3995131250000000E+01    -3.2886546229160435E-01
 4.4057668749999998E+01    -3.4569684898969177E-01
 4.4120206250000003E+01    -3.6245463630242347E-01
 4.4182743750000000E+01    -3.7912770484257791E-01
 4.4245281249999998E+01    -3.9570493522293865E-01
 4.4307818750000003E+01    -4.1217520805629054E-01
 4.4370356250000000E+01    -4.2852740395541161E-01
 4.4432893749999998E+01    -4.4475040353308581E-01
 4.4495431250000003E+01    -4.6083308740209744E-01
 4.4557968750000001E+01    -4.7676433617522473E-01
 4.4620506249999998E+01    -4.9253303046525232E-01
 4.4683043749999996E+01    -5.0812805088496160E-01
 4.4745581250000001E+01    -5.2353827804713693E-01
 4.4808118749999998E+01    -5.3875259256455688E-01
 4.4870656249999996E+01    -5.5375987505000557E-01
 4.4933193750000001E+01    -5.6854900611626691E-01
 4.4995731249999999E+01    -5.8310886637611947E-01
 4.5058268749999996E+01    -5.9742833644234716E-01
 4.5120806250000001E+01    -6.1149629692773400E-01
 4.5183343749999999E+01    -6.2530162844505877E-01
 4.5245881249999996E+01    -6.3883321160710516E-01
 4.5308418750000001E+01    -6.5207992702665729E-01
 4.5370956249999999E+01    -6.6503065531649419E-01
 4.5433493749999997E+01    -6.7767427708939909E-01
 4.5496031250000001E+01    -6.8999967295815612E-01
 4.5558568749999999E+01    -7.0199572353554451E-01
 4.5621106249999997E+01    -7.1365130943434796E-01
 4.5683643750000002E+01    -7.2495531126734947E-01
 4.5746181249999999E+01    -7.3589660964732917E-01
 4.5808718749999997E+01    -7.4646408518707053E-01
 4.5871256250000002E+01    -7.5664661849935677E-01
 4.5933793750000000E+01    -7.6643309019696759E-01
 4.5996331249999997E+01    -7.7581238089268689E-01
 4.6058868750000002E+01    -7.8477337119929724E-01
 4.6121406250000000E+01    -7.9330494172957877E-01
 4.6183943749999997E+01    -8.0139597309631516E-01
 4.6246481250000002E+01    -8.0903534591228943E-01
 4.6309018750000000E+01    -8.1621194079028192E-01
 4.6371556249999998E+01    -8.2291463834307566E-01
 4.6434093750000002E+01    -8.2913231918345343E-01
 4.6496631250000000E+01    -8.3485386392419614E-01
 4.6559168749999998E+01    -8.4006815317808636E-01
 4.6621706250000003E+01    -8.4476406755790778E-01
 4.6684243750000000E+01    -8.4893048767644064E-01
 4.6746781249999998E+01    -8.5255629414646772E-01
 4.6809318750000003E+01    -8.5563036758077193E-01
 4.6871856250000000E+01    -8.5814158859213430E-01
 4.6934393749999998E+01    -8.6007883779333794E-01
 4.6996931249999996E+01    -8.6143099579716453E-01
 4.7059468750000001E+01    -8.6218694321639688E-01
 4.7122006249999998E+01    -8.6233556066381667E-01
 4.7184543749999996E+01    -8.6186572875220591E-01
 4.7247081250000001E+01    -8.6076632809434728E-01
 4.7309618749999998E+01    -8.5902623930302280E-01
 4.7372156249999996E+01    -8.5663434299101437E-01
 4.7434693750000001E+01    -8.5357951977110469E-01
 4.7497231249999999E+01    -8.4985065025607587E-01
 4.7559768749999996E+01    -8.4543661505870971E-01
 4.7622306250000001E+01    -8.4032629479178822E-01
 4.7684843749999999E+01    -8.3450857006809476E-01
 4.7747381249999997E+01    -8.2797232150041078E-01
 4.7809918750000001E+01    -8.2070642970151741E-01
 4.7872456249999999E+01    -8.1269977528419879E-01
 4.7934993749999997E+01    -8.0394123886123636E-01
 4.7997531250000002E+01    -7.9441970104541093E-01
 4.8060068749999999E+01    -7.8412404244950717E-01
 4.8122606249999997E+01    -7.7304314368630611E-01
 4.8185143750000002E+01    -7.6116588536858854E-01
 4.8247681249999999E+01    -7.4848114810913902E-01
 4.8310218749999997E+01    -7.3497781252073890E-01
 4.8372756250000002E+01    -7.2064475921616877E-01
 4.8435293750000000E+01    -7.0547086880821364E-01
 4.8497831249999997E+01    -6.8944502190965440E-01
 4.8560368750000002E+01    -6.7255609913327108E-01
 4.8622906250000000E+01    -6.5479298109185002E-01
 4.8685443749999997E+01    -6.3614454839817114E-01
 4.8747981250000002E+01    -6.1659968166501500E-01
 4.8810518750000000E+01    -5.9614726150516750E-01
 4.8873056249999998E+01    -5.7477616853140912E-01
 4.8935593750000002E+01    -5.5247528335651919E-01
 4.8998131250000000E+01    -5.2923348659328517E-01
 4.9060668749999998E+01    -5.0503965885448687E-01
 4.9123206250000003E+01    -4.7988268075290319E-01
 4.9185743750000000E+01    -4.5375143290132230E-01
 4.9248281249999998E+01    -4.2663479591252368E-01
 4.9310818749999996E+01    -3.9852165039928916E-01
 4.9373356250000001E+01    -3.6940087697439800E-01
 4.9435893749999998E+01    -3.3926135625063875E-01
 4.9498431249999996E+01    -3.0809196884079043E-01
 4.9560968750000001E+01    -2.7588159535763146E-01
 4.9623506249999998E+01    -2.4261911641395137E-01
 4.9686043749999996E+01    -2.0829341262252882E-01
 4.9748581250000001E+01    -1.7289336459614185E-01
 4.9811118749999999E+01    -1.3640785294758070E-01
 4.9873656249999996E+01    -9.8825758289623658E-02
 4.9936193750000001E+01    -6.0135961235048420E-02
 4.9998731249999999E+01    -2.0327342396645954E-02
