#                  time                       real
 3.1268749999999998E-02     8.9243794280701831E-03
 9.3806249999999994E-02     2.5262580059169596E-02
 1.5634375000000000E-01     3.9651256827181972E-02
 2.1888124999999997E-01     5.2167874256468363E-02
 2.8141875000000000E-01     6.2889896871389864E-02
 3.4395625000000002E-01     7.1894789196307582E-02
 4.0649374999999999E-01     7.9260015755582502E-02
 4.6903124999999996E-01     8.5063041073575776E-02
 5.3156874999999992E-01     8.9381329674648444E-02
 5.9410624999999995E-01     9.2292346083161586E-02
 6.5664374999999997E-01     9.3873554823476327E-02
 7.1918124999999988E-01     9.4202420419953692E-02
 7.8171874999999991E-01     9.3356407396954735E-02
 8.4425624999999993E-01     9.1412980278840525E-02
 9.0679374999999984E-01     8.8449603589972184E-02
 9.6933124999999987E-01     8.4543741854710808E-02
 1.0318687499999999E+00     7.9772859597417423E-02
 1.0944062499999998E+00     7.4214421342453069E-02
 1.1569437499999999E+00     6.7945891614178924E-02
 1.2194812499999999E+00     6.1044734936955961E-02
 1.2820187500000000E+00     5.3588415835145259E-02
 1.3445562499999999E+00     4.5654398833108040E-02
 1.4070937499999998E+00     3.7320148455205225E-02
 1.4696312499999999E+00     2.8663129225797862E-02
 1.5321687499999999E+00     1.9760805669247164E-02
 1.5947062499999998E+00     1.0690642309914166E-02
 1.6572437499999999E+00     1.5301036721598186E-03
 1.7197812499999998E+00    -7.6433457196545956E-03
 1.7823187499999997E+00    -1.6752241341168216E-02
 1.8448562499999999E+00    -2.5719118668019791E-02
 1.9073937499999998E+00    -3.4466513175848375E-02
 1.9699312499999999E+00    -4.2916960340292853E-02
 2.0324687500000000E+00    -5.0992995636992104E-02
 2.0950062500000000E+00    -5.8617154541585004E-02
 2.1575437499999999E+00    -6.5711972529710755E-02
 2.2200812500000002E+00    -7.2199985077007978E-02
 2.2826187500000001E+00    -7.8003727659115660E-02
 2.3451562500000001E+00    -8.3045735751672803E-02
 2.4076937500000000E+00    -8.7248544830318339E-02
 2.4702312499999999E+00    -9.0534690370691173E-02
 2.5327687500000002E+00    -9.2826707848430140E-02
 2.5953062500000001E+00    -9.4047132739174324E-02
 2.6578437500000001E+00    -9.4118500518562478E-02
 2.7203812500000000E+00    -9.2963346662233701E-02
 2.7829187499999999E+00    -9.0504206645826826E-02
 2.8454562499999998E+00    -8.6663615944980663E-02
 2.9079937500000002E+00    -8.1364110035334475E-02
 2.9705312500000001E+00    -7.4528224392526848E-02
 3.0330687500000000E+00    -6.6078494492196882E-02
 3.0956062499999999E+00    -5.5937455809983494E-02
 3.1581437499999998E+00    -4.4027643821525519E-02
 3.2206812500000002E+00    -3.0271594002461762E-02
 3.2832187500000001E+00    -1.4591841828431429E-02
 3.3457562500000000E+00     3.0888352134499971E-03
 3.4082937499999999E+00     2.2765617745558277E-02
 3.4708312499999998E+00     4.4232574853355494E-02
 3.5333687499999997E+00     6.7253524187751143E-02
 3.5959062500000001E+00     9.1592283399654362E-02
 3.6584437500000000E+00     1.1701267013997363E-01
 3.7209812499999999E+00     1.4327850205961834E-01
 3.7835187499999998E+00     1.7015359680949757E-01
 3.8460562499999997E+00     1.9740177204052037E-01
 3.9085937500000001E+00     2.2478684540359586E-01
 3.9711312500000000E+00     2.5207263454963297E-01
 4.0336687499999995E+00     2.7902295712954051E-01
 4.0962062499999998E+00     3.0540163079422822E-01
 4.1587437499999993E+00     3.3097247319460432E-01
 4.2212812499999997E+00     3.5549930198157875E-01
 4.2838187499999991E+00     3.7874593480605984E-01
 4.3463562499999995E+00     4.0047618931895718E-01
 4.4088937499999998E+00     4.2045388317117943E-01
 4.4714312499999993E+00     4.3844283401363571E-01
 4.5339687499999997E+00     4.5420685949723527E-01
 4.5965062499999991E+00     4.6750977727288690E-01
 4.6590437499999995E+00     4.7811540499149974E-01
 4.7215812499999998E+00     4.8578756030398290E-01
 4.7841187499999993E+00     4.9029006086124566E-01
 4.8466562499999997E+00     4.9138672431419661E-01
 4.9091937499999991E+00     4.8884136831374519E-01
 4.9717312499999995E+00     4.8241781051080018E-01
 5.0342687499999998E+00     4.7189212680021797E-01
 5.0968062499999993E+00     4.5732233268763828E-01
 5.1593437499999997E+00     4.3904838328948437E-01
 5.2218812499999991E+00     4.1742249196612735E-01
 5.2844187499999995E+00     3.9279687207793729E-01
 5.3469562499999990E+00     3.6552373698528529E-01
 5.4094937499999993E+00     3.3595530004854124E-01
 5.4720312499999997E+00     3.0444377462807587E-01
 5.5345687499999991E+00     2.7134137408426057E-01
 5.5971062499999995E+00     2.3700031177746478E-01
 5.6596437499999990E+00     2.0177280106806045E-01
 5.7221812499999993E+00     1.6601105531641655E-01
 5.7847187499999997E+00     1.3006728788290450E-01
 5.8472562499999992E+00     9.4293712127895363E-02
 5.9097937499999995E+00     5.9042541411758728E-02
 5.9723312499999990E+00     2.4665989094866125E-02
 6.0348687499999993E+00    -8.4837314624127066E-03
 6.0974062499999997E+00    -4.0054406899706761E-02
 6.1599437499999992E+00    -6.9693823856645298E-02
 6.2224812499999995E+00    -9.7049768972858150E-02
 6.2850187499999990E+00    -1.2177002888797428E-01
 6.3475562499999993E+00    -1.4350239024162351E-01
 6.4100937499999997E+00    -1.6189463967343515E-01
 6.4726312499999992E+00    -1.7659456382303840E-01
 6.5351687499999995E+00    -1.8724994933006292E-01
 6.5977062499999990E+00    -1.9350858283413805E-01
 6.6602437499999994E+00    -1.9501825097489311E-01
 6.7227812499999997E+00    -1.9149927486653157E-01
 6.7853187499999992E+00    -1.8315418481022419E-01
 6.8478562499999995E+00    -1.7038222460218624E-01
 6.9103937499999990E+00    -1.5358321831442978E-01
 6.9729312499999994E+00    -1.3315699001896636E-01
 7.0354687499999988E+00    -1.0950336378780817E-01
 7.0980062499999992E+00    -8.3022163692966694E-02
 7.1605437499999995E+00    -5.4113213806453890E-02
 7.2230812499999990E+00    -2.3176338200282243E-02
 7.2856187499999994E+00     9.3886390535371147E-03
 7.3481562499999988E+00     4.3181893882991693E-02
 7.4106937499999992E+00     7.7803602216070369E-02
 7.4732312499999995E+00     1.1285393998076083E-01
 7.5357687499999990E+00     1.4793308310505066E-01
 7.5983062499999994E+00     1.8264120751692914E-01
 7.6608437499999988E+00     2.1657848914438318E-01
 7.7233812499999992E+00     2.4934510391540193E-01
 7.7859187499999996E+00     2.8054122775797313E-01
 7.8484562499999990E+00     3.0976703660008448E-01
 7.9109937499999994E+00     3.3662270636972469E-01
 7.9735312499999988E+00     3.6070841299488132E-01
 8.0360687500000001E+00     3.8162433240354371E-01
 8.0986062499999996E+00     3.9897064052369818E-01
 8.1611437500000008E+00     4.1234751328333447E-01
 8.2236812500000003E+00     4.2135512661043950E-01
 8.2862187499999997E+00     4.2559365643300190E-01
 8.3487562499999992E+00     4.2466388021157253E-01
 8.4112937500000005E+00     4.1837049494542489E-01
 8.4738312499999999E+00     4.0701807119335615E-01
 8.5363687499999994E+00     3.9098637108448980E-01
 8.5989062500000006E+00     3.7065515674794791E-01
 8.6614437500000001E+00     3.4640419031285502E-01
 8.7239812499999996E+00     3.1861323390833302E-01
 8.7865187500000008E+00     2.8766204966350462E-01
 8.8490562500000003E+00     2.5393039970749409E-01
 8.9115937499999998E+00     2.1779804616942403E-01
 8.9741312499999992E+00     1.7964475117841736E-01
 9.0366687500000005E+00     1.3985027686359552E-01
 9.0992062499999999E+00     9.8794385354084191E-02
 9.1617437499999994E+00     5.6856838779005374E-02
 9.2242812500000007E+00     1.4417399267480407E-02
 9.2868187500000001E+00    -2.8144171051364984E-02
 9.3493562499999996E+00    -7.0448110048409049E-02
 9.4118937500000008E+00    -1.1211465559452991E-01
 9.4744312500000003E+00    -1.5276404556060202E-01
 9.5369687499999998E+00    -1.9201651781750406E-01
 9.5995062499999992E+00    -2.2949231023611269E-01
 9.6620437500000005E+00    -2.6481166068730583E-01
 9.7245812500000000E+00    -2.9759480704195862E-01
 9.7871187499999994E+00    -3.2746198717094882E-01
 9.8496562500000007E+00    -3.5403343894515438E-01
 9.9121937500000001E+00    -3.7692940023545080E-01
 9.9747312499999996E+00    -3.9577010891271580E-01
 1.0037268750000001E+01    -4.1018922521245227E-01
 1.0099806250000000E+01    -4.2012912375654932E-01
 1.0162343750000000E+01    -4.2584089355328553E-01
 1.0224881249999999E+01    -4.2758904597556402E-01
 1.0287418750000001E+01    -4.2563809239628797E-01
 1.0349956250000000E+01    -4.2025254418836083E-01
 1.0412493749999999E+01    -4.1169691272468595E-01
 1.0475031250000001E+01    -4.0023570937816610E-01
 1.0537568750000000E+01    -3.8613344552170531E-01
 1.0600106250000000E+01    -3.6965463252820657E-01
 1.0662643749999999E+01    -3.5106378177057329E-01
 1.0725181250000000E+01    -3.3062540462170814E-01
 1.0787718750000000E+01    -3.0860401245451535E-01
 1.0850256249999999E+01    -2.8526411664189788E-01
 1.0912793750000001E+01    -2.6087022855675823E-01
 1.0975331250000000E+01    -2.3568685957200125E-01
 1.1037868749999999E+01    -2.0997852106052936E-01
 1.1100406250000001E+01    -1.8400972439524516E-01
 1.1162943750000000E+01    -1.5804498094905348E-01
 1.1225481250000000E+01    -1.3234880209485683E-01
 1.1288018749999999E+01    -1.0718569920555857E-01
 1.1350556250000000E+01    -8.2820183654061130E-02
 1.1413093750000000E+01    -5.9516766813269520E-02
 1.1475631249999999E+01    -3.7539960056086036E-02
 1.1538168750000001E+01    -1.7154274755413604E-02
 1.1600706250000000E+01     1.3757777158434244E-03
 1.1663243749999999E+01     1.7785685984782338E-02
 1.1725781250000001E+01     3.1847400639144603E-02
 1.1788318750000000E+01     4.3575271381034952E-02
 1.1850856250000000E+01     5.3082532749826987E-02
 1.1913393749999999E+01     6.0482710980579127E-02
 1.1975931250000000E+01     6.5889332308349799E-02
 1.2038468750000000E+01     6.9415922968197125E-02
 1.2101006249999999E+01     7.1176009195179649E-02
 1.2163543750000001E+01     7.1283117224355666E-02
 1.2226081250000000E+01     6.9850773290783583E-02
 1.2288618749999999E+01     6.6992503629521832E-02
 1.2351156249999999E+01     6.2821834475628696E-02
 1.2413693750000000E+01     5.7452292064162455E-02
 1.2476231250000000E+01     5.0997402630181689E-02
 1.2538768749999999E+01     4.3570692408744761E-02
 1.2601306250000000E+01     3.5285687634909642E-02
 1.2663843750000000E+01     2.6255914543735319E-02
 1.2726381249999999E+01     1.6594899370279852E-02
 1.2788918750000001E+01     6.4161683496013555E-03
 1.2851456250000000E+01    -4.1667522832412734E-03
 1.2913993749999999E+01    -1.5040336293189849E-02
 1.2976531249999999E+01    -2.6091057445186167E-02
 1.3039068750000000E+01    -3.7205389504172057E-02
 1.3101606250000000E+01    -4.8269806235088489E-02
 1.3164143749999999E+01    -5.9170781402877536E-02
 1.3226681250000000E+01    -6.9794788772480992E-02
 1.3289218750000000E+01    -8.0028302108839988E-02
 1.3351756249999999E+01    -8.9757879424936710E-02
 1.3414293750000001E+01    -9.8898638819438764E-02
 1.3476831250000000E+01    -1.0743570851255978E-01
 1.3539368750000000E+01    -1.1536474772956035E-01
 1.3601906249999999E+01    -1.2268141569570080E-01
 1.3664443750000000E+01    -1.2938137163624180E-01
 1.3726981250000000E+01    -1.3546027477644323E-01
 1.3789518749999999E+01    -1.4091378434156571E-01
 1.3852056250000000E+01    -1.4573755955686965E-01
 1.3914593750000000E+01    -1.4992725964761527E-01
 1.3977131249999999E+01    -1.5347854383906290E-01
 1.4039668749999999E+01    -1.5638707135647306E-01
 1.4102206250000000E+01    -1.5864850142510606E-01
 1.4164743750000000E+01    -1.6025849327022226E-01
 1.4227281249999999E+01    -1.6121270611708194E-01
 1.4289818750000000E+01    -1.6150679919094557E-01
 1.4352356250000000E+01    -1.6113643171707345E-01
 1.4414893749999999E+01    -1.6009726292072596E-01
 1.4477431250000000E+01    -1.5838495202716338E-01
 1.4539968750000000E+01    -1.5599515826164631E-01
 1.4602506249999999E+01    -1.5292354084943488E-01
 1.4665043749999999E+01    -1.4916575901578952E-01
 1.4727581250000000E+01    -1.4471747198597054E-01
 1.4790118750000000E+01    -1.3957433898523841E-01
 1.4852656249999999E+01    -1.3373201923885356E-01
 1.4915193750000000E+01    -1.2718617197207596E-01
 1.4977731250000000E+01    -1.1993245641016645E-01
 1.5040268749999999E+01    -1.1196796752303050E-01
 1.5102806250000000E+01    -1.0332282240741472E-01
 1.5165343750000000E+01    -9.4060160286907821E-02
 1.5227881249999999E+01    -8.4244556129743034E-02
 1.5290418749999999E+01    -7.3940584904153811E-02
 1.5352956250000000E+01    -6.3212821578373282E-02
 1.5415493750000000E+01    -5.2125841120635646E-02
 1.5478031249999999E+01    -4.0744218499173944E-02
 1.5540568750000000E+01    -2.9132528682221305E-02
 1.5603106250000000E+01    -1.7355346638011981E-02
 1.5665643749999999E+01    -5.4772473347789322E-03
 1.5728181250000000E+01     6.4371942592445167E-03
 1.5790718750000000E+01     1.8323403175824378E-02
 1.5853256249999999E+01     3.0116804446727437E-02
 1.5915793749999999E+01     4.1752823103720221E-02
 1.5978331250000000E+01     5.3166884178569684E-02
 1.6040868749999998E+01     6.4294412703041287E-02
 1.6103406249999999E+01     7.5070833708902843E-02
 1.6165943749999997E+01     8.5431572227919736E-02
 1.6228481249999998E+01     9.5312053291859614E-02
 1.6291018749999999E+01     1.0464770193248840E-01
 1.6353556249999997E+01     1.1337394318157221E-01
 1.6416093749999998E+01     1.2142620207087845E-01
 1.6478631249999999E+01     1.2873990363217319E-01
 1.6541168749999997E+01     1.3525047289722270E-01
 1.6603706249999998E+01     1.4089333489779415E-01
 1.6666243749999996E+01     1.4560391466565342E-01
 1.6728781249999997E+01     1.4932722346782437E-01
 1.6791318749999999E+01     1.5207200186331610E-01
 1.6853856249999996E+01     1.5387298828115414E-01
 1.6916393749999997E+01     1.5476499784024672E-01
 1.6978931249999999E+01     1.5478284565950090E-01
 1.7041468749999996E+01     1.5396134685782481E-01
 1.7104006249999998E+01     1.5233531655412599E-01
 1.7166543749999999E+01     1.4993956986731199E-01
 1.7229081249999997E+01     1.4680892191629083E-01
 1.7291618749999998E+01     1.4297818781996982E-01
 1.7354156249999999E+01     1.3848218269725679E-01
 1.7416693749999997E+01     1.3335572166705975E-01
 1.7479231249999998E+01     1.2763361984828583E-01
 1.7541768749999999E+01     1.2135069235984294E-01
 1.7604306249999997E+01     1.1454175432063923E-01
 1.7666843749999998E+01     1.0724162084958153E-01
 1.7729381249999999E+01     9.9485107065577963E-02
 1.7791918749999997E+01     9.1307028087536685E-02
 1.7854456249999998E+01     8.2742199034364486E-02
 1.7916993749999996E+01     7.3825435024969938E-02
 1.7979531249999997E+01     6.4591551178259793E-02
 1.8042068749999999E+01     5.5075362613142227E-02
 1.8104606249999996E+01     4.5311684448525472E-02
 1.8167143749999997E+01     3.5335331803316113E-02
 1.8229681249999999E+01     2.5181119796422353E-02
 1.8292218749999996E+01     1.4883863546752536E-02
 1.8354756249999998E+01     4.4783854141607557E-03
 1.8417293749999999E+01    -5.9980375602590973E-03
 1.8479831249999997E+01    -1.6502111107953559E-02
 1.8542368749999998E+01    -2.6989635841920361E-02
 1.8604906249999999E+01    -3.7416412375155396E-02
 1.8667443749999997E+01    -4.7738241320654608E-02
 1.8729981249999998E+01    -5.7910923291415714E-02
 1.8792518749999999E+01    -6.7890258900434652E-02
 1.8855056249999997E+01    -7.7632048760707423E-02
 1.8917593749999998E+01    -8.7092093485231614E-02
 1.8980131249999996E+01    -9.6226193687002692E-02
 1.9042668749999997E+01    -1.0499014997901822E-01
 1.9105206249999998E+01    -1.1333976297427426E-01
 1.9167743749999996E+01    -1.2123083328576677E-01
 1.9230281249999997E+01    -1.2861916152649333E-01
 1.9292818749999999E+01    -1.3546054830944987E-01
 1.9355356249999996E+01    -1.4171079424763267E-01
 1.9417893749999998E+01    -1.4732569995403894E-01
 1.9480431249999999E+01    -1.5226106604166476E-01
 1.9542968749999996E+01    -1.5647269312350656E-01
 1.9605506249999998E+01    -1.5991638181256129E-01
 1.9668043749999999E+01    -1.6254793272182516E-01
 1.9730581249999997E+01    -1.6432314646429469E-01
 1.9793118749999998E+01    -1.6519782365296665E-01
 1.9855656249999999E+01    -1.6512776490083728E-01
 1.9918193749999997E+01    -1.6406877082090338E-01
 1.9980731249999998E+01    -1.6197664202616130E-01
 2.0043268749999999E+01    -1.5881020223318171E-01
 2.0105806249999997E+01    -1.5459780654074221E-01
 2.0168343749999998E+01    -1.4943734142982620E-01
 2.0230881249999996E+01    -1.4342971648499228E-01
 2.0293418749999997E+01    -1.3667584129079785E-01
 2.0355956249999998E+01    -1.2927662543180124E-01
 2.0418493749999996E+01    -1.2133297849256106E-01
 2.0481031249999997E+01    -1.1294581005763439E-01
 2.0543568749999999E+01    -1.0421602971157967E-01
 2.0606106249999996E+01    -9.5244547038955574E-02
 2.0668643749999998E+01    -8.6132271624319079E-02
 2.0731181249999999E+01    -7.6980113052228724E-02
 2.0793718749999996E+01    -6.7888980907243171E-02
 2.0856256249999998E+01    -5.8959784773919312E-02
 2.0918793749999999E+01    -5.0293434236815808E-02
 2.0981331249999997E+01    -4.1990838880491155E-02
 2.1043868749999998E+01    -3.4152908289502432E-02
 2.1106406249999999E+01    -2.6880552048408210E-02
 2.1168943749999997E+01    -2.0274679741766902E-02
 2.1231481249999998E+01    -1.4436200954135815E-02
 2.1294018749999996E+01    -9.4660252700735966E-03
 2.1356556249999997E+01    -5.4650622741377955E-03
 2.1419093749999998E+01    -2.5342215508867699E-03
 2.1481631249999996E+01    -7.7441268487860038E-04
 2.1544168749999997E+01    -2.8654526067112968E-04
 2.1606706249999998E+01    -1.1715288628226100E-03
 2.1669243749999996E+01    -3.5302730758908774E-03
 2.1731781249999997E+01    -7.4436854268561635E-03
 2.1794318749999999E+01    -1.2859699763918653E-02
 2.1856856249999996E+01    -1.9672004355126536E-02
 2.1919393749999998E+01    -2.7774127452068371E-02
 2.1981931249999999E+01    -3.7059597306331619E-02
 2.2044468749999997E+01    -4.7421942169503559E-02
 2.2107006249999998E+01    -5.8754690293173206E-02
 2.2169543749999999E+01    -7.0951369928927754E-02
 2.2232081249999997E+01    -8.3905509328354402E-02
 2.2294618749999998E+01    -9.7510636743042473E-02
 2.2357156249999996E+01    -1.1166028042457818E-01
 2.2419693749999997E+01    -1.2624796862455104E-01
 2.2482231249999998E+01    -1.4116722959454814E-01
 2.2544768749999996E+01    -1.5631159158615635E-01
 2.2607306249999997E+01    -1.7157458285096533E-01
 2.2669843749999998E+01    -1.8684973164056209E-01
 2.2732381249999996E+01    -2.0203056620653348E-01
 2.2794918749999997E+01    -2.1701061480046918E-01
 2.2857456249999998E+01    -2.3168340567395607E-01
 2.2919993749999996E+01    -2.4594246707858133E-01
 2.2982531249999997E+01    -2.5968132726593429E-01
 2.3045068749999999E+01    -2.7279351448760225E-01
 2.3107606249999996E+01    -2.8517255699517208E-01
 2.3170143749999998E+01    -2.9671198304023294E-01
 2.3232681249999999E+01    -3.0730532087437223E-01
 2.3295218749999997E+01    -3.1684609874917724E-01
 2.3357756249999998E+01    -3.2522794696737511E-01
 2.3420293749999999E+01    -3.3237909116761072E-01
 2.3482831249999997E+01    -3.3831256148454281E-01
 2.3545368749999998E+01    -3.4305414444513166E-01
 2.3607906249999996E+01    -3.4662962657633611E-01
 2.3670443749999997E+01    -3.4906479440511667E-01
 2.3732981249999998E+01    -3.5038543445843223E-01
 2.3795518749999996E+01    -3.5061733326324268E-01
 2.3858056249999997E+01    -3.4978627734650775E-01
 2.3920593749999998E+01    -3.4791805323518671E-01
 2.3983131249999996E+01    -3.4503844745623946E-01
 2.4045668749999997E+01    -3.4117324653662545E-01
 2.4108206249999999E+01    -3.3634823700330424E-01
 2.4170743749999996E+01    -3.3058920538323594E-01
 2.4233281249999997E+01    -3.2392193820337944E-01
 2.4295818749999999E+01    -3.1637222199069465E-01
 2.4358356249999996E+01    -3.0796584327214166E-01
 2.4420893749999998E+01    -2.9872858857467904E-01
 2.4483431249999999E+01    -2.8868624442526714E-01
 2.4545968749999997E+01    -2.7786459735086599E-01
 2.4608506249999998E+01    -2.6628943387843407E-01
 2.4671043749999995E+01    -2.5398654053493214E-01
 2.4733581249999997E+01    -2.4098170384731860E-01
 2.4796118749999998E+01    -2.2730071034255364E-01
 2.4858656249999996E+01    -2.1296934654759769E-01
 2.4921193749999997E+01    -1.9801339898940884E-01
 2.4983731249999998E+01    -1.8245865419494742E-01
 2.5046268749999996E+01    -1.6633202591302745E-01
 2.5108806249999997E+01    -1.4968635399509037E-01
 2.5171343749999998E+01    -1.3260040439521048E-01
 2.5233881249999996E+01    -1.1515407028931565E-01
 2.5296418749999997E+01    -9.7427244853330791E-02
 2.5358956249999999E+01    -7.9499821263183737E-02
 2.5421493749999996E+01    -6.1451692694802509E-02
 2.5484031249999997E+01    -4.3362752324111839E-02
 2.5546568749999999E+01    -2.5312893327039631E-02
 2.5609106249999996E+01    -7.3820088795138288E-03
 2.5671643749999998E+01     1.0350007842540795E-02
 2.5734181249999999E+01     2.7803263663196291E-02
 2.5796718749999997E+01     4.4897865406524698E-02
 2.5859256249999998E+01     6.1553919896601250E-02
 2.5921793749999996E+01     7.7691533957497103E-02
 2.5984331249999997E+01     9.3230814413287247E-02
 2.6046868749999998E+01     1.0809186808804384E-01
 2.6109406249999996E+01     1.2219480180583916E-01
 2.6171943749999997E+01     1.3545972239074802E-01
 2.6234481249999998E+01     1.4780673666684263E-01
 2.6297018749999996E+01     1.5915595145819561E-01
 2.6359556249999997E+01     1.6942747358888122E-01
 2.6422093749999998E+01     1.7854140988297199E-01
 2.6484631249999996E+01     1.8641786716454056E-01
 2.6547168749999997E+01     1.9297695225766115E-01
 2.6609706249999999E+01     1.9813877198640611E-01
 2.6672243749999996E+01     2.0182343317484858E-01
 2.6734781249999997E+01     2.0396518829046770E-01
 2.6797318749999999E+01     2.0459233003810356E-01
 2.6859856249999996E+01     2.0377151410751271E-01
 2.6922393749999998E+01     2.0156950935359910E-01
 2.6984931249999995E+01     1.9805308463126661E-01
 2.7047468749999997E+01     1.9328900879541872E-01
 2.7110006249999998E+01     1.8734405070095961E-01
 2.7172543749999996E+01     1.8028497920279341E-01
 2.7235081249999997E+01     1.7217856315582311E-01
 2.7297618749999998E+01     1.6309157141495303E-01
 2.7360156249999996E+01     1.5309077283508760E-01
 2.7422693749999997E+01     1.4224293627112947E-01
 2.7485231249999998E+01     1.3061483057798301E-01
 2.7547768749999996E+01     1.1827322461055279E-01
 2.7610306249999997E+01     1.0528488722374149E-01
 2.7672843749999998E+01     9.1716587272453284E-02
 2.7735381249999996E+01     7.7635093611592987E-02
 2.7797918749999997E+01     6.3107175096062867E-02
 2.7860456249999999E+01     4.8199600580767520E-02
 2.7922993749999996E+01     3.2979138920611641E-02
 2.7985531249999998E+01     1.7512558970497392E-02
 2.8048068749999995E+01     1.8666295853303127E-03
 2.8110606249999996E+01    -1.3891880379987521E-02
 2.8173143749999998E+01    -2.9696202070551354E-02
 2.8235681249999995E+01    -4.5479566631456456E-02
 2.8298218749999997E+01    -6.1175205207800815E-02
 2.8360756249999998E+01    -7.6716343093566633E-02
 2.8423293749999996E+01    -9.2034222055434961E-02
 2.8485831249999997E+01    -1.0705522158520038E-01
 2.8548368749999998E+01    -1.2170498978553200E-01
 2.8610906249999996E+01    -1.3590917475909892E-01
 2.8673443749999997E+01    -1.4959342460857269E-01
 2.8735981249999998E+01    -1.6268338743662247E-01
 2.8798518749999996E+01    -1.7510471134591754E-01
 2.8861056249999997E+01    -1.8678304443912919E-01
 2.8923593749999998E+01    -1.9764403481892667E-01
 2.8986131249999996E+01    -2.0761333058797932E-01
 2.9048668749999997E+01    -2.1661657984895843E-01
 2.9111206249999999E+01    -2.2457943070453307E-01
 2.9173743749999996E+01    -2.3142753125737303E-01
 2.9236281249999998E+01    -2.3708652961014898E-01
 2.9298818749999995E+01    -2.4148207386553019E-01
 2.9361356249999996E+01    -2.4453981212618714E-01
 2.9423893749999998E+01    -2.4618539249478955E-01
 2.9486431249999995E+01    -2.4634446307400718E-01
 2.9548968749999997E+01    -2.4494267196651026E-01
 2.9611506249999998E+01    -2.4190566727496854E-01
 2.9674043749999996E+01    -2.3715909710205221E-01
 2.9736581249999997E+01    -2.3062860955043091E-01
 2.9799118749999998E+01    -2.2223985272277463E-01
 2.9861656249999996E+01    -2.1191847472175390E-01
 2.9924193749999997E+01    -1.9959012365003778E-01
 2.9986731249999998E+01    -1.8518044761029651E-01
 3.0049268749999996E+01    -1.6862073649218787E-01
 3.0111806249999997E+01    -1.4997204128606609E-01
 3.0174343749999998E+01    -1.2942517408298687E-01
 3.0236881249999996E+01    -1.0717658876099329E-01
 3.0299418749999997E+01    -8.3422739198124748E-02
 3.0361956249999995E+01    -5.8360079272425772E-02
 3.0424493749999996E+01    -3.2185062861935274E-02
 3.0487031249999998E+01    -5.0941438446965893E-03
 3.0549568749999995E+01     2.2716223901246856E-02
 3.0612106249999997E+01     5.1049586497856458E-02
 3.0674643749999998E+01     7.9709490067088842E-02
 3.0737181249999995E+01     1.0849948073090043E-01
 3.0799718749999997E+01     1.3722310461125259E-01
 3.0862256249999998E+01     1.6568390783010206E-01
 3.0924793749999996E+01     1.9368543650940528E-01
 3.0987331249999997E+01     2.2103123677112371E-01
 3.1049868749999998E+01     2.4752485473721375E-01
 3.1112406249999996E+01     2.7296983652963214E-01
 3.1174943749999997E+01     2.9716972827033999E-01
 3.1237481249999998E+01     3.1992807608129403E-01
 3.1300018749999996E+01     3.4104842608445118E-01
 3.1362556249999997E+01     3.6033432440177215E-01
 3.1425093749999998E+01     3.7758931715521371E-01
 3.1487631249999996E+01     3.9261695046673317E-01
 3.1550168749999997E+01     4.0522077045829075E-01
 3.1612706249999995E+01     4.1520432325184281E-01
 3.1675243749999996E+01     4.2237115496934863E-01
 3.1737781249999998E+01     4.2655692506963439E-01
 3.1800318749999995E+01     4.2781078247502613E-01
 3.1862856249999997E+01     4.2626896747743737E-01
 3.1925393749999998E+01     4.2206797727547601E-01
 3.1987931249999995E+01     4.1534430906775077E-01
 3.2050468750000000E+01     4.0623446005286812E-01
 3.2113006249999998E+01     3.9487492742943847E-01
 3.2175543750000003E+01     3.8140220839606731E-01
 3.2238081250000000E+01     3.6595280015136594E-01
 3.2300618749999998E+01     3.4866319989394068E-01
 3.2363156250000003E+01     3.2966990482239789E-01
 3.2425693750000001E+01     3.0910941213534959E-01
 3.2488231249999998E+01     2.8711821903140200E-01
 3.2550768750000003E+01     2.6383282270916020E-01
 3.2613306250000001E+01     2.3938972036723810E-01
 3.2675843749999999E+01     2.1392540920424089E-01
 3.2738381250000003E+01     1.8757638641877367E-01
 3.2800918750000001E+01     1.6047914920945064E-01
 3.2863456249999999E+01     1.3277019477487667E-01
 3.2925993750000004E+01     1.0458602031365694E-01
 3.2988531250000001E+01     7.6063123024405821E-02
 3.3051068749999999E+01     4.7338000105728327E-02
 3.3113606250000004E+01     1.8547148756229159E-02
 3.3176143750000001E+01    -1.0172933825476974E-02
 3.3238681249999999E+01    -3.8685750440785246E-02
 3.3301218749999997E+01    -6.6854803891087555E-02
 3.3363756250000002E+01    -9.4543648456473853E-02
 3.3426293749999999E+01    -1.2163328969461536E-01
 3.3488831249999997E+01    -1.4804751195870244E-01
 3.3551368750000002E+01    -1.7371653443879495E-01
 3.3613906249999999E+01    -1.9857057632494385E-01
 3.3676443749999997E+01    -2.2253985680720900E-01
 3.3738981250000002E+01    -2.4555459507564995E-01
 3.3801518750000000E+01    -2.6754501032031835E-01
 3.3864056249999997E+01    -2.8844132173127379E-01
 3.3926593750000002E+01    -3.0817374849857515E-01
 3.3989131250000000E+01    -3.2667250981227514E-01
 3.4051668749999997E+01    -3.4386782486243278E-01
 3.4114206250000002E+01    -3.5968991283910701E-01
 3.4176743750000000E+01    -3.7406899293235069E-01
 3.4239281249999998E+01    -3.8693528433222291E-01
 3.4301818750000002E+01    -3.9821900622878159E-01
 3.4364356250000000E+01    -4.0785037781208100E-01
 3.4426893749999998E+01    -4.1575961827217972E-01
 3.4489431250000003E+01    -4.2187694679913523E-01
 3.4551968750000000E+01    -4.2613258258300274E-01
 3.4614506249999998E+01    -4.2845674481384000E-01
 3.4677043750000003E+01    -4.2877965268170420E-01
 3.4739581250000001E+01    -4.2703152537665173E-01
 3.4802118749999998E+01    -4.2314258208873984E-01
 3.4864656250000003E+01    -4.1704304200802467E-01
 3.4927193750000001E+01    -4.0866312432456459E-01
 3.4989731249999998E+01    -3.9793304822841541E-01
 3.5052268750000003E+01    -3.8478854676467161E-01
 3.5114806250000001E+01    -3.6929217164431821E-01
 3.5177343749999999E+01    -3.5163329324422254E-01
 3.5239881250000003E+01    -3.3200679579629006E-01
 3.5302418750000001E+01    -3.1060756353243213E-01
 3.5364956249999999E+01    -2.8763048068455466E-01
 3.5427493750000004E+01    -2.6327043148456214E-01
 3.5490031250000001E+01    -2.3772230016436749E-01
 3.5552568749999999E+01    -2.1118097095587543E-01
 3.5615106249999997E+01    -1.8384132809099349E-01
 3.5677643750000001E+01    -1.5589825580162606E-01
 3.5740181249999999E+01    -1.2754663831968685E-01
 3.5802718749999997E+01    -9.8981359877080080E-02
 3.5865256250000002E+01    -7.0397304705710137E-02
 3.5927793749999999E+01    -4.1989357037490897E-02
 3.5990331249999997E+01    -1.3952401104326644E-02
 3.6052868750000002E+01     1.3518678861878235E-02
 3.6115406249999999E+01     4.0228998629210144E-02
 3.6177943749999997E+01     6.5983673965764766E-02
 3.6240481250000002E+01     9.0587820639637162E-02
 3.6303018750000000E+01     1.1384655441891434E-01
 3.6365556249999997E+01     1.3556499107169187E-01
 3.6428093750000002E+01     1.5554824636606432E-01
 3.6490631250000000E+01     1.7360143607011960E-01
 3.6553168749999998E+01     1.8952967595195280E-01
 3.6615706250000002E+01     2.0313808177965764E-01
 3.6678243750000000E+01     2.1423176932132382E-01
 3.6740781249999998E+01     2.2265080357466704E-01
 3.6803318750000003E+01     2.2846759201592687E-01
 3.6865856250000000E+01     2.3184932443207520E-01
 3.6928393749999998E+01     2.3296347020392283E-01
 3.6990931250000003E+01     2.3197749871227932E-01
 3.7053468750000000E+01     2.2905887933795532E-01
 3.7116006249999998E+01     2.2437508146176049E-01
 3.7178543750000003E+01     2.1809357446450425E-01
 3.7241081250000001E+01     2.1038182772699796E-01
 3.7303618749999998E+01     2.0140731063005121E-01
 3.7366156250000003E+01     1.9133749255447249E-01
 3.7428693750000001E+01     1.8033984288107424E-01
 3.7491231249999998E+01     1.6858183099066532E-01
 3.7553768750000003E+01     1.5623092626405458E-01
 3.7616306250000001E+01     1.4345459808205466E-01
 3.7678843749999999E+01     1.3042031582547428E-01
 3.7741381250000003E+01     1.1729554887512184E-01
 3.7803918750000001E+01     1.0424776661181048E-01
 3.7866456249999999E+01     9.1444438416348583E-02
 3.7928993749999997E+01     7.9053033669546358E-02
 3.7991531250000001E+01     6.7241021752212318E-02
 3.8054068749999999E+01     5.6175872045159329E-02
 3.8116606249999997E+01     4.6025053929195890E-02
 3.8179143750000001E+01     3.6956036785131201E-02
 3.8241681249999999E+01     2.9136289993777275E-02
 3.8304218749999997E+01     2.2733282935942980E-02
 3.8366756250000002E+01     1.7914275406272509E-02
 3.8429293749999999E+01     1.4775477489305884E-02
 3.8491831249999997E+01     1.3238933166048785E-02
 3.8554368750000002E+01     1.3200488146819584E-02
 3.8616906250000000E+01     1.4555988141936749E-02
 3.8679443749999997E+01     1.7201278861718509E-02
 3.8741981250000002E+01     2.1032206016483784E-02
 3.8804518750000000E+01     2.5944615316550020E-02
 3.8867056249999997E+01     3.1834352472236066E-02
 3.8929593750000002E+01     3.8597263193860962E-02
 3.8992131250000000E+01     4.6129193191741698E-02
 3.9054668749999998E+01     5.4325988176197243E-02
 3.9117206250000002E+01     6.3083493857547107E-02
 3.9179743750000000E+01     7.2297555946107581E-02
 3.9242281249999998E+01     8.1864020152198055E-02
 3.9304818750000003E+01     9.1678732186138034E-02
 3.9367356250000000E+01     1.0163753775824363E-01
 3.9429893749999998E+01     1.1163628257883443E-01
 3.9492431250000003E+01     1.2157081235822979E-01
 3.9554968750000000E+01     1.3133697280674583E-01
 3.9617506249999998E+01     1.4083060963470220E-01
 3.9680043750000003E+01     1.4994756855241820E-01
 3.9742581250000001E+01     1.5858369527021013E-01
 3.9805118749999998E+01     1.6663483549839742E-01
 3.9867656250000003E+01     1.7399683494729923E-01
 3.9930193750000001E+01     1.8056553932723227E-01
 3.9992731249999999E+01     1.8623679434851578E-01
 4.0055268750000003E+01     1.9090977320497632E-01
 4.0117806250000001E+01     1.9456018121111474E-01
 4.0180343749999999E+01     1.9724025580210902E-01
 4.0242881249999996E+01     1.9900556189664451E-01
 4.0305418750000001E+01     1.9991166441340669E-01
 4.0367956249999999E+01     2.0001412827108053E-01
 4.0430493749999997E+01     1.9936851838835146E-01
 4.0493031250000001E+01     1.9803039968390462E-01
 4.0555568749999999E+01     1.9605533707642550E-01
 4.0618106249999997E+01     1.9349889548459942E-01
 4.0680643750000002E+01     1.9041663982711107E-01
 4.0743181249999999E+01     1.8686413502264668E-01
 4.0805718749999997E+01     1.8289694598989101E-01
 4.0868256250000002E+01     1.7857063764752895E-01
 4.0930793749999999E+01     1.7394077491424664E-01
 4.0993331249999997E+01     1.6906292270872908E-01
 4.1055868750000002E+01     1.6399264594966079E-01
 4.1118406250000000E+01     1.5878550955572826E-01
 4.1180943749999997E+01     1.5349707844561625E-01
 4.1243481250000002E+01     1.4818291753800936E-01
 4.1306018750000000E+01     1.4289859175159414E-01
 4.1368556249999997E+01     1.3769966600505523E-01
 4.1431093750000002E+01     1.3264170521707741E-01
 4.1493631250000000E+01     1.2778027430634706E-01
 4.1556168749999998E+01     1.2317093819154885E-01
 4.1618706250000002E+01     1.1886926179136766E-01
 4.1681243750000000E+01     1.1493081002448968E-01
 4.1743781249999998E+01     1.1140285402680364E-01
 4.1806318750000003E+01     1.0827752786617043E-01
 4.1868856250000000E+01     1.0552447287150882E-01
 4.1931393749999998E+01     1.0311326402147439E-01
 4.1993931250000003E+01     1.0101347629472275E-01
 4.2056468750000001E+01     9.9194684669910341E-02
 4.2119006249999998E+01     9.7626464125692647E-02
 4.2181543750000003E+01     9.6278389640725437E-02
 4.2244081250000001E+01     9.5120036193664867E-02
 4.2306618749999998E+01     9.4120978763166649E-02
 4.2369156249999996E+01     9.3250792327886634E-02
 4.2431693750000001E+01     9.2479051866480616E-02
 4.2494231249999999E+01     9.1775332357604600E-02
 4.2556768749999996E+01     9.1109208779914422E-02
 4.2619306250000001E+01     9.0450256112065822E-02
 4.2681843749999999E+01     8.9768049332714830E-02
 4.2744381249999996E+01     8.9032163420517216E-02
 4.2806918750000001E+01     8.8212173354128745E-02
 4.2869456249999999E+01     8.7277654112205491E-02
 4.2931993749999997E+01     8.6198180673403221E-02
 4.2994531250000001E+01     8.4943328016377634E-02
 4.3057068749999999E+01     8.3482671119784913E-02
 4.3119606249999997E+01     8.1785784962280644E-02
 4.3182143750000002E+01     7.9822244522520680E-02
 4.3244681249999999E+01     7.7561624779161162E-02
 4.3307218749999997E+01     7.4973500710857829E-02
 4.3369756250000002E+01     7.2027495836323549E-02
 4.3432293749999999E+01     6.8709688753740061E-02
 4.3494831249999997E+01     6.5046494849009803E-02
 4.3557368750000002E+01     6.1070397015213489E-02
 4.3619906250000000E+01     5.6813878145433122E-02
 4.3682443749999997E+01     5.2309421132749417E-02
 4.3744981250000002E+01     4.7589508870242964E-02
 4.3807518750000000E+01     4.2686624250996001E-02
 4.3870056249999998E+01     3.7633250168089126E-02
 4.3932593750000002E+01     3.2461869514602913E-02
 4.3995131250000000E+01     2.7204965183619659E-02
 4.4057668749999998E+01     2.1895020068219931E-02
 4.4120206250000003E+01     1.6564517061484277E-02
 4.4182743750000000E+01     1.1245939056495020E-02
 4.4245281249999998E+01     5.9717689463327350E-03
 4.4307818750000003E+01     7.7448962407797057E-04
 4.4370356250000000E+01    -4.3134160171869676E-03
 4.4432893749999998E+01    -9.2594650843815240E-03
 4.4495431250000003E+01    -1.4031174684425083E-02
 4.4557968750000001E+01    -1.8596061924235411E-02
 4.4620506249999998E+01    -2.2921643910731922E-02
 4.4683043749999996E+01    -2.6975437750833480E-02
 4.4745581250000001E+01    -3.0724960551459336E-02
 4.4808118749999998E+01    -3.4137729419527536E-02
 4.4870656249999996E+01    -3.7181261461957292E-02
 4.4933193750000001E+01    -3.9823073785667837E-02
 4.4995731249999999E+01    -4.2030683497577381E-02
 4.5058268749999996E+01    -4.3772826838284547E-02
 4.5120806250000001E+01    -4.5046280123015196E-02
 4.5183343749999999E+01    -4.5875859741622130E-02
 4.5245881249999996E+01    -4.6287601217638065E-02
 4.5308418750000001E+01    -4.6307540074595574E-02
 4.5370956249999999E+01    -4.5961711836027208E-02
 4.5433493749999997E+01    -4.5276152025465560E-02
 4.5496031250000001E+01    -4.4276896166443078E-02
 4.5558568749999999E+01    -4.2989979782492513E-02
 4.5621106249999997E+01    -4.1441438397146355E-02
 4.5683643750000002E+01    -3.9657307533936981E-02
 4.5746181249999999E+01    -3.7663622716397310E-02
 4.5808718749999997E+01    -3.5486419468059756E-02
 4.5871256250000002E+01    -3.3151733312456591E-02
 4.5933793750000000E+01    -3.0685599773120905E-02
 4.5996331249999997E+01    -2.8114054373585010E-02
 4.6058868750000002E+01    -2.5463132637381185E-02
 4.6121406250000000E+01    -2.2758870088042591E-02
 4.6183943749999997E+01    -2.0027302249101465E-02
 4.6246481250000002E+01    -1.7294464644090100E-02
 4.6309018750000000E+01    -1.4586392796541645E-02
 4.6371556249999998E+01    -1.1929122229988383E-02
 4.6434093750000002E+01    -9.3486884679625896E-03
 4.6496631250000000E+01    -6.8711270339973903E-03
 4.6559168749999998E+01    -4.5224734516250758E-03
 4.6621706250000003E+01    -2.3287632443779629E-03
 4.6684243750000000E+01    -3.1603193578910510E-04
 4.6746781249999998E+01     1.4929605376449379E-03
 4.6809318750000003E+01     3.0972303420412906E-03
 4.6871856250000000E+01     4.5046770355575460E-03
 4.6934393749999998E+01     5.7232263810481085E-03
 4.6996931249999996E+01     6.7608041413671997E-03
 4.7059468750000001E+01     7.6253360793691371E-03
 4.7122006249999998E+01     8.3247479579079530E-03
 4.7184543749999996E+01     8.8669655398379756E-03
 4.7247081250000001E+01     9.2599145880134705E-03
 4.7309618749999998E+01     9.5115208652885672E-03
 4.7372156249999996E+01     9.6297101345175374E-03
 4.7434693750000001E+01     9.6224081585546163E-03
 4.7497231249999999E+01     9.4975407002540185E-03
 4.7559768749999996E+01     9.2630335224699756E-03
 4.7622306250000001E+01     8.9268123880566781E-03
 4.7684843749999999E+01     8.4968030598684095E-03
 4.7747381249999997E+01     7.9809313007593741E-03
 4.7809918750000001E+01     7.3871228735837274E-03
 4.7872456249999999E+01     6.7233035411958259E-03
 4.7934993749999997E+01     5.9973990664498236E-03
 4.7997531250000002E+01     5.2173352121998662E-03
 4.8060068749999999E+01     4.3910377413003375E-03
 4.8122606249999997E+01     3.5264324166054024E-03
 4.8185143750000002E+01     2.6314450009691723E-03
 4.8247681249999999E+01     1.7140012572460644E-03
 4.8310218749999997E+01     7.8202694829020852E-04
 4.8372756250000002E+01    -1.5655216304427330E-04
 4.8435293750000000E+01    -1.0938103139029424E-03
 4.8497831249999997E+01    -2.0218217414316834E-03
 4.8560368750000002E+01    -2.9326606827763703E-03
 4.8622906250000000E+01    -3.8184013750825821E-03
 4.8685443749999997E+01    -4.6711180554961755E-03
 4.8747981250000002E+01    -5.4828849611630436E-03
 4.8810518750000000E+01    -6.2457763292287569E-03
 4.8873056249999998E+01    -6.9518663968391927E-03
 4.8935593750000002E+01    -7.5932294011401991E-03
 4.8998131250000000E+01    -8.1619395792773969E-03
 4.9060668749999998E+01    -8.6500711683966426E-03
 4.9123206250000003E+01    -9.0496984056437548E-03
 4.9185743750000000E+01    -9.3528955281644132E-03
 4.9248281249999998E+01    -9.5517367731044363E-03
 4.9310818749999996E+01    -9.6382963776096130E-03
 4.9373356250000001E+01    -9.6046485788257082E-03
 4.9435893749999998E+01    -9.4428676138984934E-03
 4.9498431249999996E+01    -9.1450277199737508E-03
 4.9560968750000001E+01    -8.7032031341972051E-03
 4.9623506249999998E+01    -8.1094680937147216E-03
 4.9686043749999996E+01    -7.3558968356720357E-03
 4.9748581250000001E+01    -6.4345635972148131E-03
 4.9811118749999999E+01    -5.3375426154890345E-03
 4.9873656249999996E+01    -4.0569081276403815E-03
 4.9936193750000001E+01    -2.5847343708144494E-03
 4.9998731249999999E+01    -9.1309558215734886E-04
