#                  time                       real
 3.1268749999999998E-02     2.8105376234881414E-03
 9.3806249999999994E-02     8.2980717393405651E-03
 1.5634375000000000E-01     1.3598351673746709E-02
 2.1888124999999997E-01     1.8689153076152348E-02
 2.8141875000000000E-01     2.3547663342573993E-02
 3.4395625000000002E-01     2.8164282975185861E-02
 4.0649374999999999E-01     3.2554039097875263E-02
 4.6903124999999996E-01     3.6763251777969790E-02
 5.3156874999999992E-01     4.0870017641350634E-02
 5.9410624999999995E-01     4.4978239242789736E-02
 6.5664374999999997E-01     4.9206119305715362E-02
 7.1918124999999988E-01     5.3671039604413537E-02
 7.8171874999999991E-01     5.8473379141053640E-02
 8.4425624999999993E-01     6.3681995970575583E-02
 9.0679374999999984E-01     6.9323794298656816E-02
 9.6933124999999987E-01     7.5379100301482024E-02
 1.0318687499999999E+00     8.1745253400081971E-02
 1.0944062499999998E+00     8.8143715659757399E-02
 1.1569437499999999E+00     9.4533715200248586E-02
 1.2194812499999999E+00     1.0091372259549768E-01
 1.2820187500000000E+00     1.0728196717100592E-01
 1.3445562499999999E+00     1.1363641256177656E-01
 1.4070937499999998E+00     1.1997473334845526E-01
 1.4696312499999999E+00     1.2629429293302058E-01
 1.5321687499999999E+00     1.3259212282324176E-01
 1.5947062499999998E+00     1.3886490350306163E-01
 1.6572437499999999E+00     1.4510894707462682E-01
 1.7197812499999998E+00     1.5132018186744001E-01
 1.7823187499999997E+00     1.5749413922170385E-01
 1.8448562499999999E+00     1.6362594266690586E-01
 1.9073937499999998E+00     1.6971029973346596E-01
 1.9699312499999999E+00     1.7574149665533734E-01
 2.0324687500000000E+00     1.8171339624502136E-01
 2.0950062500000000E+00     1.8761943924954677E-01
 2.1575437499999999E+00     1.9345264952663954E-01
 2.2200812500000002E+00     1.9920564341391417E-01
 2.2826187500000001E+00     2.0487064369995733E-01
 2.3451562500000001E+00     2.1043949864336259E-01
 2.4076937500000000E+00     2.1590370652260607E-01
 2.4702312499999999E+00     2.2125444623397411E-01
 2.5327687500000002E+00     2.2648261448389437E-01
 2.5953062500000001E+00     2.3157887014276099E-01
 2.6578437500000001E+00     2.3653368633566618E-01
 2.7203812500000000E+00     2.4133741083712934E-01
 2.7829187499999999E+00     2.4598033530683322E-01
 2.8454562499999998E+00     2.5045277384651310E-01
 2.9079937500000002E+00     2.5474515126904551E-01
 2.9705312500000001E+00     2.5884810134438513E-01
 3.0330687500000000E+00     2.6275257511853561E-01
 3.0956062499999999E+00     2.6644995918760683E-01
 3.1581437499999998E+00     2.6993220354656172E-01
 3.2206812500000002E+00     2.7319195832090193E-01
 3.2832187500000001E+00     2.7622271833070933E-01
 3.3457562500000000E+00     2.7901897403405401E-01
 3.4082937499999999E+00     2.8157636695776411E-01
 3.4708312499999998E+00     2.8389184725755956E-01
 3.5333687499999997E+00     2.8596383056958913E-01
 3.5959062500000001E+00     2.8779235083708221E-01
 3.6584437500000000E+00     2.8937920533742489E-01
 3.7209812499999999E+00     2.9072808771670022E-01
 3.7835187499999998E+00     2.9184470448221628E-01
 3.8460562499999997E+00     2.9273687013072336E-01
 3.9085937500000001E+00     2.9341457592248804E-01
 3.9711312500000000E+00     2.9389002726933500E-01
 4.0336687499999995E+00     2.9417764480591729E-01
 4.0962062499999998E+00     2.9429402447269659E-01
 4.1587437499999993E+00     2.9425785236717167E-01
 4.2212812499999997E+00     2.9408977072377607E-01
 4.2838187499999991E+00     2.9381219216481014E-01
 4.3463562499999995E+00     2.9344906032302159E-01
 4.4088937499999998E+00     2.9302555606472774E-01
 4.4714312499999993E+00     2.9256774983076550E-01
 4.5339687499999997E+00     2.9210220204720022E-01
 4.5965062499999991E+00     2.9165551512123267E-01
 4.6590437499999995E+00     2.9125384220852574E-01
 4.7215812499999998E+00     2.9092235969034652E-01
 4.7841187499999993E+00     2.9068471210054064E-01
 4.8466562499999997E+00     2.9056244005430099E-01
 4.9091937499999991E+00     2.9057440350487229E-01
 4.9717312499999995E+00     2.9073621433105912E-01
 5.0342687499999998E+00     2.9105969376582486E-01
 5.0968062499999993E+00     2.9155237142838331E-01
 5.1593437499999997E+00     2.9221704361995171E-01
 5.2218812499999991E+00     2.9305140897702897E-01
 5.2844187499999995E+00     2.9404779942935622E-01
 5.3469562499999990E+00     2.9519302356838478E-01
 5.4094937499999993E+00     2.9646833789301325E-01
 5.4720312499999997E+00     2.9784955888433318E-01
 5.5345687499999991E+00     2.9930732543016442E-01
 5.5971062499999995E+00     3.0080751678576795E-01
 5.6596437499999990E+00     3.0231182609647367E-01
 5.7221812499999993E+00     3.0377848367017679E-01
 5.7847187499999997E+00     3.0516311789622341E-01
 5.8472562499999992E+00     3.0641973525288663E-01
 5.9097937499999995E+00     3.0750179457255156E-01
 5.9723312499999990E+00     3.0836334501633872E-01
 6.0348687499999993E+00     3.0896019242420780E-01
 6.0974062499999997E+00     3.0925105519921287E-01
 6.1599437499999992E+00     3.0919866894105696E-01
 6.2224812499999995E+00     3.0877079886437392E-01
 6.2850187499999990E+00     3.0794112071756047E-01
 6.3475562499999993E+00     3.0668993444489517E-01
 6.4100937499999997E+00     3.0500468008910953E-01
 6.4726312499999992E+00     3.0288023220150279E-01
 6.5351687499999995E+00     3.0031895702744149E-01
 6.5977062499999990E+00     2.9733052562949530E-01
 6.6602437499999994E+00     2.9393148552812537E-01
 6.7227812499999997E+00     2.9014460299198991E-01
 6.7853187499999992E+00     2.8599799739768933E-01
 6.8478562499999995E+00     2.8152409769973247E-01
 6.9103937499999990E+00     2.7675845860507042E-01
 6.9729312499999994E+00     2.7173848014397051E-01
 7.0354687499999988E+00     2.6650207861286407E-01
 7.0980062499999992E+00     2.6108635903589239E-01
 7.1605437499999995E+00     2.5552633914605877E-01
 7.2230812499999990E+00     2.4985377235138995E-01
 7.2856187499999994E+00     2.4409611231568593E-01
 7.3481562499999988E+00     2.3827565491218683E-01
 7.4106937499999992E+00     2.3240888483240935E-01
 7.4732312499999995E+00     2.2650604461233556E-01
 7.5357687499999990E+00     2.2057093390634652E-01
 7.5983062499999994E+00     2.1460093712888192E-01
 7.6608437499999988E+00     2.0858726865776117E-01
 7.7233812499999992E+00     2.0251541708645038E-01
 7.7859187499999996E+00     1.9636576379933085E-01
 7.8484562499999990E+00     1.9011434653060316E-01
 7.9109937499999994E+00     1.8373373551368458E-01
 7.9735312499999988E+00     1.7719398818648369E-01
 8.0360687500000001E+00     1.7046364798316951E-01
 8.0986062499999996E+00     1.6351075329991016E-01
 8.1611437500000008E+00     1.5630382408441898E-01
 8.2236812500000003E+00     1.4881279553532245E-01
 8.2862187499999997E+00     1.4100987103722512E-01
 8.3487562499999992E+00     1.3287026968461846E-01
 8.4112937500000005E+00     1.2437284757823451E-01
 8.4738312499999999E+00     1.1550057652884103E-01
 8.5363687499999994E+00     1.0624086886259915E-01
 8.5989062500000006E+00     9.6585742615537068E-02
 8.6614437500000001E+00     8.6531827379130399E-02
 8.7239812499999996E+00     7.6080217176479725E-02
 8.7865187500000008E+00     6.5236182698552747E-02
 8.8490562500000003E+00     5.4008760657491287E-02
 8.9115937499999998E+00     4.2410242560626463E-02
 8.9741312499999992E+00     3.0455588558275185E-02
 9.0366687500000005E+00     1.8161793939868439E-02
 9.0992062499999999E+00     5.5472364401909406E-03
 9.1617437499999994E+00    -7.3664598448395010E-03
 9.2242812500000007E+00    -2.0548786653506377E-02
 9.2868187500000001E+00    -3.3967764491474102E-02
 9.3493562499999996E+00    -4.7592346379377939E-02
 9.4118937500000008E+00    -6.1392828064591981E-02
 9.4744312500000003E+00    -7.5341168829469188E-02
 9.5369687499999998E+00    -8.9411221348526360E-02
 9.5995062499999992E+00    -1.0357887324755086E-01
 9.6620437500000005E+00    -1.1782210640115512E-01
 9.7245812500000000E+00    -1.3212098250952517E-01
 9.7871187499999994E+00    -1.4645756514001290E-01
 9.8496562500000007E+00    -1.6081578928652995E-01
 9.9121937500000001E+00    -1.7518128971033403E-01
 9.9747312499999996E+00    -1.8954119901868752E-01
 1.0037268750000001E+01    -2.0388392575268915E-01
 1.0099806250000000E+01    -2.1819892182030121E-01
 1.0162343750000000E+01    -2.3247644753396751E-01
 1.0224881249999999E+01    -2.4670734138039729E-01
 1.0287418750000001E+01    -2.6088280052659613E-01
 1.0349956250000000E+01    -2.7499417699412065E-01
 1.0412493749999999E+01    -2.8903279343847887E-01
 1.0475031250000001E+01    -3.0298978156462819E-01
 1.0537568750000000E+01    -3.1685594539453837E-01
 1.0600106250000000E+01    -3.3062165087370810E-01
 1.0662643749999999E+01    -3.4427674265090064E-01
 1.0725181250000000E+01    -3.5781048827732320E-01
 1.0787718750000000E+01    -3.7121154953594893E-01
 1.0850256249999999E+01    -3.8446798011677891E-01
 1.0912793750000001E+01    -3.9756724839000346E-01
 1.0975331250000000E+01    -4.1049628358885026E-01
 1.1037868749999999E+01    -4.2324154329361185E-01
 1.1100406250000001E+01    -4.3578909970758073E-01
 1.1162943750000000E+01    -4.4812474183811463E-01
 1.1225481250000000E+01    -4.6023409034933721E-01
 1.1288018749999999E+01    -4.7210272154820926E-01
 1.1350556250000000E+01    -4.8371629671663025E-01
 1.1413093750000000E+01    -4.9506069282475962E-01
 1.1475631249999999E+01    -5.0612213057087208E-01
 1.1538168750000001E+01    -5.1688729570593228E-01
 1.1600706250000000E+01    -5.2734344972881653E-01
 1.1663243749999999E+01    -5.3747852628846504E-01
 1.1725781250000001E+01    -5.4728121000397689E-01
 1.1788318750000000E+01    -5.5674099490716078E-01
 1.1850856250000000E+01    -5.6584822031163096E-01
 1.1913393749999999E+01    -5.7459408259769273E-01
 1.1975931250000000E+01    -5.8297062214597029E-01
 1.2038468750000000E+01    -5.9097068542381093E-01
 1.2101006249999999E+01    -5.9858786299244293E-01
 1.2163543750000001E+01    -6.0581640492627997E-01
 1.2226081250000000E+01    -6.1265111578786879E-01
 1.2288618749999999E+01    -6.1908723185784020E-01
 1.2351156249999999E+01    -6.2512028376180129E-01
 1.2413693750000000E+01    -6.3074594795671679E-01
 1.2476231250000000E+01    -6.3595989073911507E-01
 1.2538768749999999E+01    -6.4075760852513008E-01
 1.2601306250000000E+01    -6.4513426814373398E-01
 1.2663843750000000E+01    -6.4908455079995320E-01
 1.2726381249999999E+01    -6.5260250322683633E-01
 1.2788918750000001E+01    -6.5568139937633896E-01
 1.2851456250000000E+01    -6.5831361582019077E-01
 1.2913993749999999E+01    -6.6049052385919804E-01
 1.2976531249999999E+01    -6.6220240118333140E-01
 1.3039068750000000E+01    -6.6343836578762394E-01
 1.3101606250000000E+01    -6.6418633472242750E-01
 1.3164143749999999E+01    -6.6443301012033584E-01
 1.3226681250000000E+01    -6.6416389476252702E-01
 1.3289218750000000E+01    -6.6336333917874368E-01
 1.3351756249999999E+01    -6.6201462186349802E-01
 1.3414293750000001E+01    -6.6010006358116113E-01
 1.3476831250000000E+01    -6.5760117587700662E-01
 1.3539368750000000E+01    -6.5449884278266657E-01
 1.3601906249999999E+01    -6.5077353330404730E-01
 1.3664443750000000E+01    -6.4640569436215223E-01
 1.3726981250000000E+01    -6.4138617236527351E-01
 1.3789518749999999E+01    -6.3572282210183306E-01
 1.3852056250000000E+01    -6.2942564764776887E-01
 1.3914593750000000E+01    -6.2250556186169970E-01
 1.3977131249999999E+01    -6.1497463889299431E-01
 1.4039668749999999E+01    -6.0684633471033766E-01
 1.4102206250000000E+01    -5.9813566374757798E-01
 1.4164743750000000E+01    -5.8885932103906991E-01
 1.4227281249999999E+01    -5.7903574126319524E-01
 1.4289818750000000E+01    -5.6868508886877955E-01
 1.4352356250000000E+01    -5.5782917679145094E-01
 1.4414893749999999E+01    -5.4649131497080983E-01
 1.4477431250000000E+01    -5.3469609368933002E-01
 1.4539968750000000E+01    -5.2246911036946364E-01
 1.4602506249999999E+01    -5.0983665158646918E-01
 1.4665043749999999E+01    -4.9682534442064330E-01
 1.4727581250000000E+01    -4.8346179269985523E-01
 1.4790118750000000E+01    -4.6977221408789621E-01
 1.4852656249999999E+01    -4.5578209337837589E-01
 1.4915193750000000E+01    -4.4151586587676117E-01
 1.4977731250000000E+01    -4.2699664258403319E-01
 1.5040268749999999E+01    -4.1224598626242032E-01
 1.5102806250000000E+01    -3.9728374460032578E-01
 1.5165343750000000E+01    -3.8212794381142401E-01
 1.5227881249999999E+01    -3.6679474327438527E-01
 1.5290418749999999E+01    -3.5129844936956811E-01
 1.5352956250000000E+01    -3.3565158457611965E-01
 1.5415493750000000E+01    -3.1986500619726177E-01
 1.5478031249999999E+01    -3.0394806779321010E-01
 1.5540568750000000E+01    -2.8790881551099268E-01
 1.5603106250000000E+01    -2.7175421098639635E-01
 1.5665643749999999E+01    -2.5549037232670635E-01
 1.5728181250000000E+01    -2.3912282483020356E-01
 1.5790718750000000E+01    -2.2265675352214132E-01
 1.5853256249999999E+01    -2.0609725024623654E-01
 1.5915793749999999E+01    -1.8944954890056892E-01
 1.5978331250000000E+01    -1.7271924339882655E-01
 1.6040868749999998E+01    -1.5591248402183996E-01
 1.6103406249999999E+01    -1.3903614894937022E-01
 1.6165943749999997E+01    -1.2209798887960048E-01
 1.6228481249999998E+01    -1.0510674370926679E-01
 1.6291018749999999E+01    -8.8072231223253389E-02
 1.6353556249999997E+01    -7.1005408598895606E-02
 1.6416093749999998E+01    -5.3918408246872961E-02
 1.6478631249999999E+01    -3.6824550076083352E-02
 1.6541168749999997E+01    -1.9738332681888366E-02
 1.6603706249999998E+01    -2.6754062211360131E-03
 1.6666243749999996E+01     1.4347470134849310E-02
 1.6728781249999997E+01     3.1312483270038098E-02
 1.6791318749999999E+01     4.8200830908877862E-02
 1.6853856249999996E+01     6.4992793480738539E-02
 1.6916393749999997E+01     8.1667810656876810E-02
 1.6978931249999999E+01     9.8204560421326026E-02
 1.7041468749999996E+01     1.1458103882650933E-01
 1.7104006249999998E+01     1.3077463888022178E-01
 1.7166543749999999E+01     1.4676222730125862E-01
 1.7229081249999997E+01     1.6252021815774956E-01
 1.7291618749999998E+01     1.7802464265929688E-01
 1.7354156249999999E+01     1.9325121460824005E-01
 1.7416693749999997E+01     2.0817539122563239E-01
 1.7479231249999998E+01     2.2277242925425414E-01
 1.7541768749999999E+01     2.3701743640590167E-01
 1.7604306249999997E+01     2.5088541836533906E-01
 1.7666843749999998E+01     2.6435132169070524E-01
 1.7729381249999999E+01     2.7739007306172925E-01
 1.7791918749999997E+01     2.8997661542362074E-01
 1.7854456249999998E+01     3.0208594165590497E-01
 1.7916993749999996E+01     3.1369312646050140E-01
 1.7979531249999997E+01     3.2477335720961809E-01
 1.8042068749999999E+01     3.3530196451776001E-01
 1.8104606249999996E+01     3.4525445329943028E-01
 1.8167143749999997E+01     3.5460653503969808E-01
 1.8229681249999999E+01     3.6333514356343766E-01
 1.8292218749999996E+01     3.7143272006596884E-01
 1.8354756249999998E+01     3.7890402804611290E-01
 1.8417293749999999E+01     3.8575450768748754E-01
 1.8479831249999997E+01     3.9198998711044331E-01
 1.8542368749999998E+01     3.9761672093515199E-01
 1.8604906249999999E+01     4.0264143017740944E-01
 1.8667443749999997E+01     4.0707134297254621E-01
 1.8729981249999998E+01     4.1091423540941852E-01
 1.8792518749999999E+01     4.1417847155219190E-01
 1.8855056249999997E+01     4.1687304154458221E-01
 1.8917593749999998E+01     4.1900759654140363E-01
 1.8980131249999996E+01     4.2059247910627939E-01
 1.9042668749999997E+01     4.2163874766083864E-01
 1.9105206249999998E+01     4.2215819357483564E-01
 1.9167743749999996E+01     4.2216334955076257E-01
 1.9230281249999997E+01     4.2166748807838111E-01
 1.9292818749999999E+01     4.2068460890916470E-01
 1.9355356249999996E+01     4.1922941471951664E-01
 1.9417893749999998E+01     4.1731727438444677E-01
 1.9480431249999999E+01     4.1496417355938253E-01
 1.9542968749999996E+01     4.1218665255646136E-01
 1.9605506249999998E+01     4.0900173179450072E-01
 1.9668043749999999E+01     4.0542682539316599E-01
 1.9730581249999997E+01     4.0147964376918488E-01
 1.9793118749999998E+01     3.9717808637640911E-01
 1.9855656249999999E+01     3.9254012601538146E-01
 1.9918193749999997E+01     3.8758368642602148E-01
 1.9980731249999998E+01     3.8232651517262523E-01
 2.0043268749999999E+01     3.7678605413471633E-01
 2.0105806249999997E+01     3.7097931022645764E-01
 2.0168343749999998E+01     3.6492272927141084E-01
 2.0230881249999996E+01     3.5863207624137283E-01
 2.0293418749999997E+01     3.5212232530362231E-01
 2.0355956249999998E+01     3.4540756328031730E-01
 2.0418493749999996E+01     3.3850091017424194E-01
 2.0481031249999997E+01     3.3141446032392075E-01
 2.0543568749999999E+01     3.2415924749106817E-01
 2.0606106249999996E+01     3.1674523673643434E-01
 2.0668643749999998E+01     3.0918134530216579E-01
 2.0731181249999999E+01     3.0147549390250522E-01
 2.0793718749999996E+01     2.9363468886030519E-01
 2.0856256249999998E+01     2.8566513446136493E-01
 2.0918793749999999E+01     2.7757237379204869E-01
 2.0981331249999997E+01     2.6936145524513061E-01
 2.1043868749999998E+01     2.6103712089166486E-01
 2.1106406249999999E+01     2.5260401208290062E-01
 2.1168943749999997E+01     2.4406688701171564E-01
 2.1231481249999998E+01     2.3543084455462535E-01
 2.1294018749999996E+01     2.2670154853900740E-01
 2.1356556249999997E+01     2.1788544662102011E-01
 2.1419093749999998E+01     2.0898997818639975E-01
 2.1481631249999996E+01     2.0002376605631100E-01
 2.1544168749999997E+01     1.9099678724689181E-01
 2.1606706249999998E+01     1.8192051855032812E-01
 2.1669243749999996E+01     1.7280805324220563E-01
 2.1731781249999997E+01     1.6367418575308018E-01
 2.1794318749999999E+01     1.5453546166551485E-01
 2.1856856249999996E+01     1.4541019092035412E-01
 2.1919393749999998E+01     1.3631842265927652E-01
 2.1981931249999999E+01     1.2728188072453006E-01
 2.2044468749999997E+01     1.1832385951322896E-01
 2.2107006249999998E+01     1.0946908067087863E-01
 2.2169543749999999E+01     1.0074351202466204E-01
 2.2232081249999997E+01     9.2174151203495439E-02
 2.2294618749999998E+01     8.3788777550981380E-02
 2.2357156249999996E+01     7.5615677169425272E-02
 2.2419693749999997E+01     6.7683347176840034E-02
 2.2482231249999998E+01     6.0020186435071544E-02
 2.2544768749999996E+01     5.2654181024407443E-02
 2.2607306249999997E+01     4.5612593502889605E-02
 2.2669843749999998E+01     3.8921665407712421E-02
 2.2732381249999996E+01     3.2606342458552991E-02
 2.2794918749999997E+01     2.6687944337650371E-02
 2.2857456249999998E+01     2.1173425140889896E-02
 2.2919993749999996E+01     1.6063119598440971E-02
 2.2982531249999997E+01     1.1355354624278915E-02
 2.3045068749999999E+01     7.0464116483096167E-03
 2.3107606249999996E+01     3.1305362979109053E-03
 2.3170143749999998E+01    -3.9999893742252441E-04
 2.3232681249999999E+01    -3.5547836759165230E-03
 2.3295218749999997E+01    -6.3451165743808047E-03
 2.3357756249999998E+01    -8.7838178433074093E-03
 2.3420293749999999E+01    -1.0885015804658506E-02
 2.3482831249999997E+01    -1.2663916313424450E-02
 2.3545368749999998E+01    -1.4136563778176785E-02
 2.3607906249999996E+01    -1.5319602034964148E-02
 2.3670443749999997E+01    -1.6230042527365408E-02
 2.3732981249999998E+01    -1.6885046209240296E-02
 2.3795518749999996E+01    -1.7301724404157705E-02
 2.3858056249999997E+01    -1.7496962609785286E-02
 2.3920593749999998E+01    -1.7487269998905108E-02
 2.3983131249999996E+01    -1.7288656198869771E-02
 2.4045668749999997E+01    -1.6916535870143197E-02
 2.4108206249999999E+01    -1.6385660678700977E-02
 2.4170743749999996E+01    -1.5710077479668759E-02
 2.4233281249999997E+01    -1.4903110902973683E-02
 2.4295818749999999E+01    -1.3977368050339887E-02
 2.4358356249999996E+01    -1.2944762665832985E-02
 2.4420893749999998E+01    -1.1816555915658203E-02
 2.4483431249999999E+01    -1.0603410792341273E-02
 2.4545968749999997E+01    -9.3154571292710080E-03
 2.4608506249999998E+01    -7.9623642603333447E-03
 2.4671043749999995E+01    -6.5534184737274185E-03
 2.4733581249999997E+01    -5.0976025780099139E-03
 2.4796118749999998E+01    -3.6036751120222133E-03
 2.4858656249999996E+01    -2.0802469795200666E-03
 2.4921193749999997E+01    -5.3585356555284661E-04
 2.4983731249999998E+01     1.0209793131509986E-03
 2.5046268749999996E+01     2.5816769650920061E-03
 2.5108806249999997E+01     4.1375659192506766E-03
 2.5171343749999998E+01     5.6798332827244511E-03
 2.5233881249999996E+01     7.1994957875674837E-03
 2.5296418749999997E+01     8.6873786721070254E-03
 2.5358956249999999E+01     1.0134104281259285E-02
 2.5421493749999996E+01     1.1530090034632479E-02
 2.5484031249999997E+01     1.2865555203717008E-02
 2.5546568749999999E+01     1.4130535762478911E-02
 2.5609106249999996E+01     1.5314906430436825E-02
 2.5671643749999998E+01     1.6408408914169854E-02
 2.5734181249999999E+01     1.7400685271691283E-02
 2.5796718749999997E+01     1.8281315273067360E-02
 2.5859256249999998E+01     1.9039856608321856E-02
 2.5921793749999996E+01     1.9665886797904347E-02
 2.5984331249999997E+01     2.0149045689349849E-02
 2.6046868749999998E+01     2.0479077473586037E-02
 2.6109406249999996E+01     2.0645871222924449E-02
 2.6171943749999997E+01     2.0639499037333760E-02
 2.6234481249999998E+01     2.0450250983425348E-02
 2.6297018749999996E+01     2.0068666118986181E-02
 2.6359556249999997E+01     1.9485559012286734E-02
 2.6422093749999998E+01     1.8692041287237393E-02
 2.6484631249999996E+01     1.7679537850317107E-02
 2.6547168749999997E+01     1.6439797580682574E-02
 2.6609706249999999E+01     1.4964898388674689E-02
 2.6672243749999996E+01     1.3247246667840098E-02
 2.6734781249999997E+01     1.1279571279422980E-02
 2.6797318749999999E+01     9.0549123139937737E-03
 2.6859856249999996E+01     6.5666049704966624E-03
 2.6922393749999998E+01     3.8082589767024985E-03
 2.6984931249999995E+01     7.7373404517893979E-04
 2.7047468749999997E+01    -2.5428880860598017E-03
 2.7110006249999998E+01    -6.1473344402918342E-03
 2.7172543749999996E+01    -1.0045173806832647E-02
 2.7235081249999997E+01    -1.4241851350919439E-02
 2.7297618749999998E+01    -1.8742716554748663E-02
 2.7360156249999996E+01    -2.3548655535582490E-02
 2.7422693749999997E+01    -2.8648744820276267E-02
 2.7485231249999998E+01    -3.4030132407448524E-02
 2.7547768749999996E+01    -3.9680024333536644E-02
 2.7610306249999997E+01    -4.5585719157497470E-02
 2.7672843749999998E+01    -5.1734639908552843E-02
 2.7735381249999996E+01    -5.8114363365357087E-02
 2.7797918749999997E+01    -6.4712646645532459E-02
 2.7860456249999999E+01    -7.1517451187032774E-02
 2.7922993749999996E+01    -7.8516964294193803E-02
 2.7985531249999998E+01    -8.5699618498924504E-02
 2.8048068749999995E+01    -9.3054109049265865E-02
 2.8110606249999996E+01    -1.0056940988186387E-01
 2.8173143749999998E+01    -1.0823478846063030E-01
 2.8235681249999995E+01    -1.1603981987049353E-01
 2.8298218749999997E+01    -1.2397440054231496E-01
 2.8360756249999998E+01    -1.3202876195309504E-01
 2.8423293749999996E+01    -1.4019348459495073E-01
 2.8485831249999997E+01    -1.4845951243782110E-01
 2.8548368749999998E+01    -1.5681816802547918E-01
 2.8610906249999996E+01    -1.6526116824348266E-01
 2.8673443749999997E+01    -1.7378064068246338E-01
 2.8735981249999998E+01    -1.8236914039230298E-01
 2.8798518749999996E+01    -1.9101966668398662E-01
 2.8861056249999997E+01    -1.9972567948809428E-01
 2.8923593749999998E+01    -2.0848111462426272E-01
 2.8986131249999996E+01    -2.1728039717691733E-01
 2.9048668749999997E+01    -2.2611845201196817E-01
 2.9111206249999999E+01    -2.3499071031036595E-01
 2.9173743749999996E+01    -2.4389311084140677E-01
 2.9236281249999998E+01    -2.5282209455607635E-01
 2.9298818749999995E+01    -2.6177459095423927E-01
 2.9361356249999996E+01    -2.7074799457576665E-01
 2.9423893749999998E+01    -2.7974012989233149E-01
 2.9486431249999995E+01    -2.8874920284288413E-01
 2.9548968749999997E+01    -2.9777373727155215E-01
 2.9611506249999998E+01    -3.0681249460347138E-01
 2.9674043749999996E+01    -3.1586437524379984E-01
 2.9736581249999997E+01    -3.2492830042056592E-01
 2.9799118749999998E+01    -3.3400307352570102E-01
 2.9861656249999996E+01    -3.4308722045224038E-01
 2.9924193749999997E+01    -3.5217880898923104E-01
 2.9986731249999998E+01    -3.6127524802643468E-01
 3.0049268749999996E+01    -3.7037306814106419E-01
 3.0111806249999997E+01    -3.7946768608578085E-01
 3.0174343749999998E+01    -3.8855315676074687E-01
 3.0236881249999996E+01    -3.9762191741424835E-01
 3.0299418749999997E+01    -4.0666453004749226E-01
 3.0361956249999995E+01    -4.1566942926041955E-01
 3.0424493749999996E+01    -4.2462268401569664E-01
 3.0487031249999998E+01    -4.3350778295416353E-01
 3.0549568749999995E+01    -4.4230545389291331E-01
 3.0612106249999997E+01    -4.5099352889101646E-01
 3.0674643749999998E+01    -4.5954686668442341E-01
 3.0737181249999995E+01    -4.6793734427086187E-01
 3.0799718749999997E+01    -4.7613392886717482E-01
 3.0862256249999998E+01    -4.8410284026970829E-01
 3.0924793749999996E+01    -4.9180781174056298E-01
 3.0987331249999997E+01    -4.9921045485912574E-01
 3.1049868749999998E+01    -5.0627073029531933E-01
 3.1112406249999996E+01    -5.1294752220231021E-01
 3.1174943749999997E+01    -5.1919930897779309E-01
 3.1237481249999998E+01    -5.2498491766332955E-01
 3.1300018749999996E+01    -5.3026434348005491E-01
 3.1362556249999997E+01    -5.3499961025731690E-01
 3.1425093749999998E+01    -5.3915564219224033E-01
 3.1487631249999996E+01    -5.4270111292929923E-01
 3.1550168749999997E+01    -5.4560923483662049E-01
 3.1612706249999995E+01    -5.4785845002395994E-01
 3.1675243749999996E+01    -5.4943298546619901E-01
 3.1737781249999998E+01    -5.5032323780767678E-01
 3.1800318749999995E+01    -5.5052595909434543E-01
 3.1862856249999997E+01    -5.5004448744875512E-01
 3.1925393749999998E+01    -5.4889797874667368E-01
 3.1987931249999995E+01    -5.4712352933393293E-01
 3.2050468750000000E+01    -5.4476387685543826E-01
 3.2113006249999998E+01    -5.4186569609974644E-01
 3.2175543750000003E+01    -5.3847854245049109E-01
 3.2238081250000000E+01    -5.3465368866131169E-01
 3.2300618749999998E+01    -5.3044290297937191E-01
 3.2363156250000003E+01    -5.2589721829585478E-01
 3.2425693750000001E+01    -5.2106574082231194E-01
 3.2488231249999998E+01    -5.1599454304388670E-01
 3.2550768750000003E+01    -5.1072567983280337E-01
 3.2613306250000001E+01    -5.0529635918982208E-01
 3.2675843749999999E+01    -4.9973829074186454E-01
 3.2738381250000003E+01    -4.9407722647044727E-01
 3.2800918750000001E+01    -4.8833269971768084E-01
 3.2863456249999999E+01    -4.8251796074548881E-01
 3.2925993750000004E+01    -4.7664010031172405E-01
 3.2988531250000001E+01    -4.7070034704720826E-01
 3.3051068749999999E+01    -4.6469451992794703E-01
 3.3113606250000004E+01    -4.5861361380349275E-01
 3.3176143750000001E+01    -4.5244449367105272E-01
 3.3238681249999999E+01    -4.4617067204974242E-01
 3.3301218749999997E+01    -4.3977314327911599E-01
 3.3363756250000002E+01    -4.3323124872378649E-01
 3.3426293749999999E+01    -4.2652354761984757E-01
 3.3488831249999997E+01    -4.1962866958488376E-01
 3.3551368750000002E+01    -4.1252612659115995E-01
 3.3613906249999999E+01    -4.0519706444438486E-01
 3.3676443749999997E+01    -3.9762493649200570E-01
 3.3738981250000002E+01    -3.8979608536723515E-01
 3.3801518750000000E+01    -3.8170022199696874E-01
 3.3864056249999997E+01    -3.7333079477342973E-01
 3.3926593750000002E+01    -3.6468524559083060E-01
 3.3989131250000000E+01    -3.5576515323471419E-01
 3.4051668749999997E+01    -3.4657626822355181E-01
 3.4114206250000002E+01    -3.3712844647892254E-01
 3.4176743750000000E+01    -3.2743549199603983E-01
 3.4239281249999998E+01    -3.1751492088285904E-01
 3.4301818750000002E+01    -3.0738766065580198E-01
 3.4364356250000000E+01    -2.9707769949242102E-01
 3.4426893749999998E+01    -2.8661170026314015E-01
 3.4489431250000003E+01    -2.7601859365665621E-01
 3.4551968750000000E+01    -2.6532916367298010E-01
 3.4614506249999998E+01    -2.5457563730488303E-01
 3.4677043750000003E+01    -2.4379128849398152E-01
 3.4739581250000001E+01    -2.3301006456217729E-01
 3.4802118749999998E+01    -2.2226624140178053E-01
 3.4864656250000003E+01    -2.1159411185841287E-01
 3.4927193750000001E+01    -2.0102771003696002E-01
 3.4989731249999998E+01    -1.9060057275543130E-01
 3.5052268750000003E+01    -1.8034553809462173E-01
 3.5114806250000001E+01    -1.7029457995332886E-01
 3.5177343749999999E+01    -1.6047867671430405E-01
 3.5239881250000003E+01    -1.5092771153859327E-01
 3.5302418750000001E+01    -1.4167040141177048E-01
 3.5364956249999999E+01    -1.3273425183766999E-01
 3.5427493750000004E+01    -1.2414553398544564E-01
 3.5490031250000001E+01    -1.1592928111707379E-01
 3.5552568749999999E+01    -1.0810930122996697E-01
 3.5615106249999997E+01    -1.0070820302115246E-01
 3.5677643750000001E+01    -9.3747432496393168E-02
 3.5740181249999999E+01    -8.7247317793647569E-02
 3.5802718749999997E+01    -8.1227120051796872E-02
 3.5865256250000002E+01    -7.5705088421571809E-02
 3.5927793749999999E+01    -7.0698517577057848E-02
 3.5990331249999997E+01    -6.6223806335878127E-02
 3.6052868750000002E+01    -6.2296516228661239E-02
 3.6115406249999999E+01    -5.8931429069622010E-02
 3.6177943749999997E+01    -5.6142602767361806E-02
 3.6240481250000002E+01    -5.3943424776832324E-02
 3.6303018750000000E+01    -5.2346662729380475E-02
 3.6365556249999997E+01    -5.1364511888502190E-02
 3.6428093750000002E+01    -5.1007418448820174E-02
 3.6490631250000000E+01    -5.1271902441066636E-02
 3.6553168749999998E+01    -5.2145704946483032E-02
 3.6615706250000002E+01    -5.3616016466726937E-02
 3.6678243750000000E+01    -5.5669623330167853E-02
 3.6740781249999998E+01    -5.8292926478567569E-02
 3.6803318750000003E+01    -6.1471956948785142E-02
 3.6865856250000000E+01    -6.5192388272194701E-02
 3.6928393749999998E+01    -6.9439546004779362E-02
 3.6990931250000003E+01    -7.4198414596289564E-02
 3.7053468750000000E+01    -7.9453641808637981E-02
 3.7116006249999998E+01    -8.5189540902531335E-02
 3.7178543750000003E+01    -9.1390090827593196E-02
 3.7241081250000001E+01    -9.8038934674972045E-02
 3.7303618749999998E+01    -1.0511937668242274E-01
 3.7366156250000003E+01    -1.1261437811957355E-01
 3.7428693750000001E+01    -1.2050655242489094E-01
 3.7491231249999998E+01    -1.2877816001483350E-01
 3.7553768750000003E+01    -1.3741110323863137E-01
 3.7616306250000001E+01    -1.4638692200784209E-01
 3.7678843749999999E+01    -1.5568679068669256E-01
 3.7741381250000003E+01    -1.6529151688531918E-01
 3.7803918750000001E+01    -1.7518154285138393E-01
 3.7866456249999999E+01    -1.8533695020362517E-01
 3.7928993749999997E+01    -1.9573746879090770E-01
 3.7991531250000001E+01    -2.0636249048924524E-01
 3.8054068749999999E+01    -2.1719108876356891E-01
 3.8116606249999997E+01    -2.2820204481715547E-01
 3.8179143750000001E+01    -2.3937388112566088E-01
 3.8241681249999999E+01    -2.5068490310102493E-01
 3.8304218749999997E+01    -2.6211324954934784E-01
 3.8366756250000002E+01    -2.7363695247295183E-01
 3.8429293749999999E+01    -2.8523400661772585E-01
 3.8491831249999997E+01    -2.9688244898079141E-01
 3.8554368750000002E+01    -3.0856044826993217E-01
 3.8616906250000000E+01    -3.2024640404630667E-01
 3.8679443749999997E+01    -3.3191905498836788E-01
 3.8741981250000002E+01    -3.4355759539226977E-01
 3.8804518750000000E+01    -3.5514179867938928E-01
 3.8867056249999997E+01    -3.6665214632369003E-01
 3.8929593750000002E+01    -3.7806996025159262E-01
 3.8992131250000000E+01    -3.8937753641770695E-01
 3.9054668749999998E+01    -4.0055827693562318E-01
 3.9117206250000002E+01    -4.1159681785924251E-01
 3.9179743750000000E+01    -4.2247914948283793E-01
 3.9242281249999998E+01    -4.3319272587249069E-01
 3.9304818750000003E+01    -4.4372656027195195E-01
 3.9367356250000000E+01    -4.5407130305473137E-01
 3.9429893749999998E+01    -4.6421929903055442E-01
 3.9492431250000003E+01    -4.7416462116397784E-01
 3.9554968750000000E+01    -4.8390307812752159E-01
 3.9617506249999998E+01    -4.9343219358800738E-01
 3.9680043750000003E+01    -5.0275115570465689E-01
 3.9742581250000001E+01    -5.1186073598831683E-01
 3.9805118749999998E+01    -5.2076317741544109E-01
 3.9867656250000003E+01    -5.2946205248682610E-01
 3.9930193750000001E+01    -5.3796209274511875E-01
 3.9992731249999999E+01    -5.4626899209029200E-01
 4.0055268750000003E+01    -5.5438918703040108E-01
 4.0117806250000001E+01    -5.6232961774849655E-01
 4.0180343749999999E+01    -5.7009747452862025E-01
 4.0242881249999996E+01    -5.7769993463947811E-01
 4.0305418750000001E+01    -5.8514389520232191E-01
 4.0367956249999999E+01    -5.9243570785132105E-01
 4.0430493749999997E+01    -5.9958092111714534E-01
 4.0493031250000001E+01    -6.0658403641820757E-01
 4.0555568749999999E+01    -6.1344828332591483E-01
 4.0618106249999997E+01    -6.2017541938140952E-01
 4.0680643750000002E+01    -6.2676555918868671E-01
 4.0743181249999999E+01    -6.3321703680499908E-01
 4.0805718749999997E+01    -6.3952630461154292E-01
 4.0868256250000002E+01    -6.4568787089786839E-01
 4.0930793749999999E+01    -6.5169427735999497E-01
 4.0993331249999997E+01    -6.5753797967378880E-01
 4.1055868750000002E+01    -6.6321808356051837E-01
 4.1118406250000000E+01    -6.6873434396017273E-01
 4.1180943749999997E+01    -6.7408484696610760E-01
 4.1243481250000002E+01    -6.7926616621162472E-01
 4.1306018750000000E+01    -6.8427354199351631E-01
 4.1368556249999997E+01    -6.8910107743900595E-01
 4.1431093750000002E+01    -6.9374194607190653E-01
 4.1493631250000000E+01    -6.9818860518499826E-01
 4.1556168749999998E+01    -7.0243300966979549E-01
 4.1618706250000002E+01    -7.0646682137430161E-01
 4.1681243750000000E+01    -7.1028160962894848E-01
 4.1743781249999998E+01    -7.1386903926935052E-01
 4.1806318750000003E+01    -7.1722104325498948E-01
 4.1868856250000000E+01    -7.2032997779643559E-01
 4.1931393749999998E+01    -7.2318875871922372E-01
 4.1993931250000003E+01    -7.2579097857049646E-01
 4.2056468750000001E+01    -7.2813100467866054E-01
 4.2119006249999998E+01    -7.3020405897557350E-01
 4.2181543750000003E+01    -7.3200628086078834E-01
 4.2244081250000001E+01    -7.3353477471265260E-01
 4.2306618749999998E+01    -7.3478764382475237E-01
 4.2369156249999996E+01    -7.3576401257074731E-01
 4.2431693750000001E+01    -7.3646403848775122E-01
 4.2494231249999999E+01    -7.3688891573725690E-01
 4.2556768749999996E+01    -7.3704087107935545E-01
 4.2619306250000001E+01    -7.3692315311085066E-01
 4.2681843749999999E+01    -7.3654001510471268E-01
 4.2744381249999996E+01    -7.3589669138071157E-01
 4.2806918750000001E+01    -7.3499936676759026E-01
 4.2869456249999999E+01    -7.3385513841501571E-01
 4.2931993749999997E+01    -7.3247196900300449E-01
 4.2994531250000001E+01    -7.3085863029548903E-01
 4.3057068749999999E+01    -7.2902463600418765E-01
 4.3119606249999997E+01    -7.2698016307284641E-01
 4.3182143750000002E+01    -7.2473596075586011E-01
 4.3244681249999999E+01    -7.2230324723881900E-01
 4.3307218749999997E+01    -7.1969359401433453E-01
 4.3369756250000002E+01    -7.1691879876185827E-01
 4.3432293749999999E+01    -7.1399074805877805E-01
 4.3494831249999997E+01    -7.1092127184236409E-01
 4.3557368750000002E+01    -7.0772199211728692E-01
 4.3619906250000000E+01    -7.0440416893081836E-01
 4.3682443749999997E+01    -7.0097854708817020E-01
 4.3744981250000002E+01    -6.9745520742672207E-01
 4.3807518750000000E+01    -6.9384342668728183E-01
 4.3870056249999998E+01    -6.9015155009464901E-01
 4.3932593750000002E+01    -6.8638688067538900E-01
 4.3995131250000000E+01    -6.8255558909133140E-01
 4.4057668749999998E+01    -6.7866264735221860E-01
 4.4120206250000003E+01    -6.7471178919658892E-01
 4.4182743750000000E+01    -6.7070549920963207E-01
 4.4245281249999998E+01    -6.6664503190018021E-01
 4.4307818750000003E+01    -6.6253046101252200E-01
 4.4370356250000000E+01    -6.5836075833436625E-01
 4.4432893749999998E+01    -6.5413390021708384E-01
 4.4495431250000003E+01    -6.4984699898903275E-01
 4.4557968750000001E+01    -6.4549645546077605E-01
 4.4620506249999998E+01    -6.4107812783628459E-01
 4.4683043749999996E+01    -6.3658751159990667E-01
 4.4745581250000001E+01    -6.3201992438456944E-01
 4.4808118749999998E+01    -6.2737068947722741E-01
 4.4870656249999996E+01    -6.2263531150976037E-01
 4.4933193750000001E+01    -6.1780963803513256E-01
 4.4995731249999999E+01    -6.1289000110662673E-01
 4.5058268749999996E+01    -6.0787333365663310E-01
 4.5120806250000001E+01    -6.0275725639296085E-01
 4.5183343749999999E+01    -5.9754013206403911E-01
 4.5245881249999996E+01    -5.9222108524762418E-01
 4.5308418750000001E+01    -5.8679998723772153E-01
 4.5370956249999999E+01    -5.8127740708139253E-01
 4.5433493749999997E+01    -5.7565453128517552E-01
 4.5496031250000001E+01    -5.6993305610260758E-01
 4.5558568749999999E+01    -5.6411505756388725E-01
 4.5621106249999997E+01    -5.5820284545502441E-01
 4.5683643750000002E+01    -5.5219880824365286E-01
 4.5746181249999999E+01    -5.4610525643991203E-01
 4.5808718749999997E+01    -5.3992427204440929E-01
 4.5871256250000002E+01    -5.3365757155667171E-01
 4.5933793750000000E+01    -5.2730638949827191E-01
 4.5996331249999997E+01    -5.2087138856215609E-01
 4.6058868750000002E+01    -5.1435260136637362E-01
 4.6121406250000000E+01    -5.0774940741314190E-01
 4.6183943749999997E+01    -5.0106054729236249E-01
 4.6246481250000002E+01    -4.9428417449098727E-01
 4.6309018750000000E+01    -4.8741794345190648E-01
 4.6371556249999998E+01    -4.8045913084733866E-01
 4.6434093750000002E+01    -4.7340478547083592E-01
 4.6496631250000000E+01    -4.6625190078374074E-01
 4.6559168749999998E+01    -4.5899760304325038E-01
 4.6621706250000003E+01    -4.5163934714560172E-01
 4.6684243750000000E+01    -4.4417511188048686E-01
 4.6746781249999998E+01    -4.3660358623579454E-01
 4.6809318750000003E+01    -4.2892433872039104E-01
 4.6871856250000000E+01    -4.2113796237290940E-01
 4.6934393749999998E+01    -4.1324618916299394E-01
 4.6996931249999996E+01    -4.0525196881688375E-01
 4.7059468750000001E+01    -3.9715950864510491E-01
 4.7122006249999998E+01    -3.8897427263809126E-01
 4.7184543749999996E+01    -3.8070293984000103E-01
 4.7247081250000001E+01    -3.7235332372370405E-01
 4.7309618749999998E+01    -3.6393425588570361E-01
 4.7372156249999996E+01    -3.5545543878105224E-01
 4.7434693750000001E+01    -3.4692727336039708E-01
 4.7497231249999999E+01    -3.3836066830525247E-01
 4.7559768749999996E+01    -3.2976683805374291E-01
 4.7622306250000001E+01    -3.2115709695725392E-01
 4.7684843749999999E+01    -3.1254265671855752E-01
 4.7747381249999997E+01    -3.0393443376215140E-01
 4.7809918750000001E+01    -2.9534287242125246E-01
 4.7872456249999999E+01    -2.8677778884840532E-01
 4.7934993749999997E+01    -2.7824823943119142E-01
 4.7997531250000002E+01    -2.6976241628706837E-01
 4.8060068749999999E+01    -2.6132757118711653E-01
 4.8122606249999997E+01    -2.5294996807776221E-01
 4.8185143750000002E+01    -2.4463486328455092E-01
 4.8247681249999999E+01    -2.3638651153476958E-01
 4.8310218749999997E+01    -2.2820819515672991E-01
 4.8372756250000002E+01    -2.2010227322101431E-01
 4.8435293750000000E+01    -2.1207024698979579E-01
 4.8497831249999997E+01    -2.0411283783056761E-01
 4.8560368750000002E+01    -1.9623007371731946E-01
 4.8622906250000000E+01    -1.8842138056533100E-01
 4.8685443749999997E+01    -1.8068567490026599E-01
 4.8747981250000002E+01    -1.7302145472006575E-01
 4.8810518750000000E+01    -1.6542688584010920E-01
 4.8873056249999998E+01    -1.5789988148990516E-01
 4.8935593750000002E+01    -1.5043817342686738E-01
 4.8998131250000000E+01    -1.4303937332640618E-01
 4.9060668749999998E+01    -1.3563992505452521E-01
 4.9123206250000003E+01    -1.2783315146209873E-01
 4.9185743750000000E+01    -1.1951620183071361E-01
 4.9248281249999998E+01    -1.1070031933576543E-01
 4.9310818749999996E+01    -1.0144848612313878E-01
 4.9373356250000001E+01    -9.1868145045530314E-02
 4.9435893749999998E+01    -8.2097663655816847E-02
 4.9498431249999996E+01    -7.2288680897874533E-02
 4.9560968750000001E+01    -6.2587221313523470E-02
 4.9623506249999998E+01    -5.3116720892759893E-02
 4.9686043749999996E+01    -4.3965822580595101E-02
 4.9748581250000001E+01    -3.5182990645953129E-02
 4.9811118749999999E+01    -2.6778773197438547E-02
 4.9873656249999996E+01    -1.8735107062434045E-02
 4.9936193750000001E+01    -1.1019666983170596E-02
 4.9998731249999999E+01    -3.6021882413952789E-03
