#                  time                       real
 3.1268749999999998E-02    -5.3072141315557413E-03
 9.3806249999999994E-02    -1.5146380151180489E-02
 1.5634375000000000E-01    -2.4009661628044705E-02
 2.1888124999999997E-01    -3.1980960024646773E-02
 2.8141875000000000E-01    -3.9150925907090788E-02
 3.4395625000000002E-01    -4.5603856106373623E-02
 4.0649374999999999E-01    -5.1404421757581975E-02
 4.6903124999999996E-01    -5.6586592784295099E-02
 5.3156874999999992E-01    -6.1146812582630022E-02
 5.9410624999999995E-01    -6.5042830829039264E-02
 6.5664374999999997E-01    -6.8198714561050894E-02
 7.1918124999999988E-01    -7.0515562618636965E-02
 7.8171874999999991E-01    -7.1886507543630421E-02
 8.4425624999999993E-01    -7.2213864786852794E-02
 9.0679374999999984E-01    -7.1425913555530102E-02
 9.6933124999999987E-01    -6.9490837471098174E-02
 1.0318687499999999E+00    -6.6504726186905047E-02
 1.0944062499999998E+00    -6.2974310654668880E-02
 1.1569437499999999E+00    -5.9019713031877044E-02
 1.2194812499999999E+00    -5.4686967133202646E-02
 1.2820187500000000E+00    -5.0022108289316018E-02
 1.3445562499999999E+00    -4.5071172295522807E-02
 1.4070937499999998E+00    -3.9880194607682357E-02
 1.4696312499999999E+00    -3.4495209789228702E-02
 1.5321687499999999E+00    -2.8962251203022257E-02
 1.5947062499999998E+00    -2.3327350932083248E-02
 1.6572437499999999E+00    -1.7636539904199729E-02
 1.7197812499999998E+00    -1.1935848187171801E-02
 1.7823187499999997E+00    -6.2713054142297490E-03
 1.8448562499999999E+00    -6.8894129310257280E-04
 1.9073937499999998E+00     4.7652138525558010E-03
 1.9699312499999999E+00     1.0045128564017024E-02
 2.0324687500000000E+00     1.5104769807070385E-02
 2.0950062500000000E+00     1.9898102667036736E-02
 2.1575437499999999E+00     2.4379090234431515E-02
 2.2200812500000002E+00     2.8501693733326398E-02
 2.2826187500000001E+00     3.2219872939546021E-02
 2.3451562500000001E+00     3.5487586929184307E-02
 2.4076937500000000E+00     3.8258795189589231E-02
 2.4702312499999999E+00     4.0487459115019733E-02
 2.5327687500000002E+00     4.2127543897733939E-02
 2.5953062500000001E+00     4.3133020812504065E-02
 2.6578437500000001E+00     4.3457869878627584E-02
 2.7203812500000000E+00     4.3056082868671269E-02
 2.7829187499999999E+00     4.1881666617636273E-02
 2.8454562499999998E+00     3.9888646570226123E-02
 2.9079937500000002E+00     3.7031070487611485E-02
 2.9705312500000001E+00     3.3263012218673810E-02
 3.0330687500000000E+00     2.8538575424229388E-02
 3.0956062499999999E+00     2.2811897126142393E-02
 3.1581437499999998E+00     1.6037150936324386E-02
 3.2206812500000002E+00     8.1685498030303755E-03
 3.2832187500000001E+00    -8.3965190696836647E-04
 3.3457562500000000E+00    -1.1033007115175662E-02
 3.4082937499999999E+00    -2.2406149742933819E-02
 3.4708312499999998E+00    -3.4828958523315363E-02
 3.5333687499999997E+00    -4.8152517494310036E-02
 3.5959062500000001E+00    -6.2227885141110668E-02
 3.6584437500000000E+00    -7.6906105740987343E-02
 3.7209812499999999E+00    -9.2038222137422590E-02
 3.7835187499999998E+00    -1.0747528969159233E-01
 3.8460562499999997E+00    -1.2306839111318837E-01
 3.9085937500000001E+00    -1.3866865182586446E-01
 3.9711312500000000E+00    -1.5412725547396064E-01
 4.0336687499999995E+00    -1.6929545912651706E-01
 4.0962062499999998E+00    -1.8402460768347748E-01
 4.1587437499999993E+00    -1.9816614694037377E-01
 4.2212812499999997E+00    -2.1157163472631441E-01
 4.2838187499999991E+00    -2.2409274950146532E-01
 4.3463562499999995E+00    -2.3558129579111992E-01
 4.4088937499999998E+00    -2.4588920585059723E-01
 4.4714312499999993E+00    -2.5486853700497653E-01
 4.5339687499999997E+00    -2.6237146419481355E-01
 4.5965062499999991E+00    -2.6825026738622237E-01
 4.6590437499999995E+00    -2.7235731367044630E-01
 4.7215812499999998E+00    -2.7454503408027775E-01
 4.7841187499999993E+00    -2.7466589538015135E-01
 4.8466562499999997E+00    -2.7257236733148260E-01
 4.9091937499999991E+00    -2.6811688617959678E-01
 4.9717312499999995E+00    -2.6115181533586479E-01
 5.0342687499999998E+00    -2.5153610766597856E-01
 5.0968062499999993E+00    -2.3928273572582559E-01
 5.1593437499999997E+00    -2.2455865503134928E-01
 5.2218812499999991E+00    -2.0753730626032402E-01
 5.2844187499999995E+00    -1.8839189589125452E-01
 5.3469562499999990E+00    -1.6729538807869493E-01
 5.4094937499999993E+00    -1.4442050409329257E-01
 5.4720312499999997E+00    -1.1993972874095747E-01
 5.5345687499999991E+00    -9.4025322986059673E-02
 5.5971062499999995E+00    -6.6849341900306863E-02
 5.6596437499999990E+00    -3.8583657035642621E-02
 5.7221812499999993E+00    -9.3999823634565473E-03
 5.7847187499999997E+00     2.0530096983201424E-02
 5.8472562499999992E+00     5.1035093802286172E-02
 5.9097937499999995E+00     8.1943586251441783E-02
 5.9723312499999990E+00     1.1308418398465665E-01
 6.0348687499999993E+00     1.4428549326371881E-01
 6.0974062499999997E+00     1.7537608124359727E-01
 6.1599437499999992E+00     2.0618443961032479E-01
 6.2224812499999995E+00     2.3653894778190920E-01
 6.2850187499999990E+00     2.6626783596845999E-01
 6.3475562499999993E+00     2.9519914852337814E-01
 6.4100937499999997E+00     3.2316070819491771E-01
 6.4726312499999992E+00     3.4998008209355264E-01
 6.5351687499999995E+00     3.7548455040763973E-01
 6.5977062499999990E+00     3.9950107910600408E-01
 6.6602437499999994E+00     4.2185629803591768E-01
 6.7227812499999997E+00     4.4239813792518606E-01
 6.7853187499999992E+00     4.6111811474112563E-01
 6.8478562499999995E+00     4.7806611423829554E-01
 6.9103937499999990E+00     4.9329186495969307E-01
 6.9729312499999994E+00     5.0684479446303321E-01
 7.0354687499999988E+00     5.1877406676587123E-01
 7.0980062499999992E+00     5.2912862743476907E-01
 7.1605437499999995E+00     5.3795725562599639E-01
 7.2230812499999990E+00     5.4530862203806096E-01
 7.2856187499999994E+00     5.5123135139914259E-01
 7.3481562499999988E+00     5.5577408780654070E-01
 7.4106937499999992E+00     5.5898556098202734E-01
 7.4732312499999995E+00     5.6091465132710061E-01
 7.5357687499999990E+00     5.6161045157303502E-01
 7.5983062499999994E+00     5.6112232283534402E-01
 7.6608437499999988E+00     5.5949994300810635E-01
 7.7233812499999992E+00     5.5679334567017935E-01
 7.7859187499999996E+00     5.5305294801547766E-01
 7.8484562499999990E+00     5.4832956674761213E-01
 7.9109937499999994E+00     5.4267442137358590E-01
 7.9735312499999988E+00     5.3613912486450599E-01
 8.0360687500000001E+00     5.2877566219252481E-01
 8.0986062499999996E+00     5.2063635777091144E-01
 8.1611437500000008E+00     5.1177383328759274E-01
 8.2236812500000003E+00     5.0224095780544908E-01
 8.2862187499999997E+00     4.9209079228390712E-01
 8.3487562499999992E+00     4.8137649623476764E-01
 8.4112937500000005E+00     4.7013957064472833E-01
 8.4738312499999999E+00     4.5839277262256661E-01
 8.5363687499999994E+00     4.4614449370629405E-01
 8.5989062500000006E+00     4.3340303675481151E-01
 8.6614437500000001E+00     4.2017657429489869E-01
 8.7239812499999996E+00     4.0647311514067397E-01
 8.7865187500000008E+00     3.9230047963667469E-01
 8.8490562500000003E+00     3.7766628347001502E-01
 8.9115937499999998E+00     3.6257792964204771E-01
 8.9741312499999992E+00     3.4704260789872438E-01
 9.0366687500000005E+00     3.3106730069878193E-01
 9.0992062499999999E+00     3.1465879465183955E-01
 9.1617437499999994E+00     2.9782369628146366E-01
 9.2242812500000007E+00     2.8056845095450778E-01
 9.2868187500000001E+00     2.6289936385799095E-01
 9.3493562499999996E+00     2.4482262198737581E-01
 9.4118937500000008E+00     2.2634431622365536E-01
 9.4744312500000003E+00     2.0747046270970806E-01
 9.5369687499999998E+00     1.8820702287874785E-01
 9.5995062499999992E+00     1.6855992163056574E-01
 9.6620437500000005E+00     1.4853506328768465E-01
 9.7245812500000000E+00     1.2813834508871338E-01
 9.7871187499999994E+00     1.0737566808692003E-01
 9.8496562500000007E+00     8.6252945417146301E-02
 9.9121937500000001E+00     6.4776107973660221E-02
 9.9747312499999996E+00     4.2951107606674400E-02
 1.0037268750000001E+01     2.0785914401624146E-02
 1.0099806250000000E+01    -1.6655636641372722E-03
 1.0162343750000000E+01    -2.4303483392001262E-02
 1.0224881249999999E+01    -4.7025990651604739E-02
 1.0287418750000001E+01    -6.9731220962404486E-02
 1.0349956250000000E+01    -9.2317304495567659E-02
 1.0412493749999999E+01    -1.1468237155103175E-01
 1.0475031250000001E+01    -1.3672455813008008E-01
 1.0537568750000000E+01    -1.5834201121865316E-01
 1.0600106250000000E+01    -1.7943289340036148E-01
 1.0662643749999999E+01    -1.9989538643235630E-01
 1.0725181250000000E+01    -2.1962769344388375E-01
 1.0787718750000000E+01    -2.3852803945856393E-01
 1.0850256249999999E+01    -2.5649466999895415E-01
 1.0912793750000001E+01    -2.7342584760679584E-01
 1.0975331250000000E+01    -2.8921984620430613E-01
 1.1037868749999999E+01    -3.0377494332917210E-01
 1.1100406250000001E+01    -3.1698941039493617E-01
 1.1162943750000000E+01    -3.2876150125370829E-01
 1.1225481250000000E+01    -3.3898943946233118E-01
 1.1288018749999999E+01    -3.4757140476754972E-01
 1.1350556250000000E+01    -3.5440551942085602E-01
 1.1413093750000000E+01    -3.5938983499998095E-01
 1.1475631249999999E+01    -3.6242232044277917E-01
 1.1538168750000001E+01    -3.6340085198365057E-01
 1.1600706250000000E+01    -3.6222320561860921E-01
 1.1663243749999999E+01    -3.5878705261188842E-01
 1.1725781250000001E+01    -3.5301174733926044E-01
 1.1788318750000000E+01    -3.4496139395057623E-01
 1.1850856250000000E+01    -3.3475909326134184E-01
 1.1913393749999999E+01    -3.2252803879031300E-01
 1.1975931250000000E+01    -3.0839135814485402E-01
 1.2038468750000000E+01    -2.9247212938578843E-01
 1.2101006249999999E+01    -2.7489339714770095E-01
 1.2163543750000001E+01    -2.5577818767728278E-01
 1.2226081250000000E+01    -2.3524952206696714E-01
 1.2288618749999999E+01    -2.1343042710360177E-01
 1.2351156249999999E+01    -1.9044394330894901E-01
 1.2413693750000000E+01    -1.6641312990876236E-01
 1.2476231250000000E+01    -1.4146106662145963E-01
 1.2538768749999999E+01    -1.1571085230017751E-01
 1.2601306250000000E+01    -8.9285600590490538E-02
 1.2663843750000000E+01    -6.2308432879990779E-02
 1.2726381249999999E+01    -3.4902468916665610E-02
 1.2788918750000001E+01    -7.1908155629642357E-03
 1.2851456250000000E+01     2.0703445766181047E-02
 1.2913993749999999E+01     4.8657272358699891E-02
 1.2976531249999999E+01     7.6547673464008148E-02
 1.3039068750000000E+01     1.0425172280643474E-01
 1.3101606250000000E+01     1.3164656955966331E-01
 1.3164143749999999E+01     1.5860944696245685E-01
 1.3226681250000000E+01     1.8501767775705824E-01
 1.3289218750000000E+01     2.1074867566859606E-01
 1.3351756249999999E+01     2.3567999186319788E-01
 1.3414293750000001E+01     2.5970608432984249E-01
 1.3476831250000000E+01     2.8276272657863716E-01
 1.3539368750000000E+01     3.0479194627536949E-01
 1.3601906249999999E+01     3.2573580136385566E-01
 1.3664443750000000E+01     3.4553635807376282E-01
 1.3726981250000000E+01     3.6413566648967161E-01
 1.3789518749999999E+01     3.8147573446839811E-01
 1.3852056250000000E+01     3.9749850079162269E-01
 1.3914593750000000E+01     4.1214580850693905E-01
 1.3977131249999999E+01     4.2535937943537561E-01
 1.4039668749999999E+01     4.3708079080235879E-01
 1.4102206250000000E+01     4.4725145487986678E-01
 1.4164743750000000E+01     4.5581260241113924E-01
 1.4227281249999999E+01     4.6270527042995119E-01
 1.4289818750000000E+01     4.6787029489128529E-01
 1.4352356250000000E+01     4.7124830830905473E-01
 1.4414893749999999E+01     4.7277974236108933E-01
 1.4477431250000000E+01     4.7240483518457876E-01
 1.4539968750000000E+01     4.7006364285973018E-01
 1.4602506249999999E+01     4.6569605437765027E-01
 1.4665043749999999E+01     4.5924180922120739E-01
 1.4727581250000000E+01     4.5064051656313109E-01
 1.4790118750000000E+01     4.3983167500970360E-01
 1.4852656249999999E+01     4.2675469179378456E-01
 1.4915193750000000E+01     4.1134890034767180E-01
 1.4977731250000000E+01     3.9355357526215484E-01
 1.5040268749999999E+01     3.7331454308535289E-01
 1.5102806250000000E+01     3.5072937491324507E-01
 1.5165343750000000E+01     3.2604739235620722E-01
 1.5227881249999999E+01     2.9952448949301747E-01
 1.5290418749999999E+01     2.7141653892579298E-01
 1.5352956250000000E+01     2.4197939309001448E-01
 1.5415493750000000E+01     2.1146888265081784E-01
 1.5478031249999999E+01     1.8014081355602085E-01
 1.5540568750000000E+01     1.4825096449134312E-01
 1.5603106250000000E+01     1.1605508655267315E-01
 1.5665643749999999E+01     8.3808906907897579E-02
 1.5728181250000000E+01     5.1768138059673209E-02
 1.5790718750000000E+01     2.0188494033650344E-02
 1.5853256249999999E+01    -1.0674285600587127E-02
 1.5915793749999999E+01    -4.0564403515391721E-02
 1.5978331250000000E+01    -6.9225964522981798E-02
 1.6040868749999998E+01    -9.6402928650496267E-02
 1.6103406249999999E+01    -1.2183905926923824E-01
 1.6165943749999997E+01    -1.4527786895847244E-01
 1.6228481249999998E+01    -1.6646256650142338E-01
 1.6291018749999999E+01    -1.8513600895309307E-01
 1.6353556249999997E+01    -2.0104066299551115E-01
 1.6416093749999998E+01    -2.1391857972537234E-01
 1.6478631249999999E+01    -2.2351138654647323E-01
 1.6541168749999997E+01    -2.2956029894817082E-01
 1.6603706249999998E+01    -2.3180615367334767E-01
 1.6666243749999996E+01    -2.2998946320005298E-01
 1.6728781249999997E+01    -2.2390658001022398E-01
 1.6791318749999999E+01    -2.1372658536072339E-01
 1.6853856249999996E+01    -1.9977062454069158E-01
 1.6916393749999997E+01    -1.8236035026121983E-01
 1.6978931249999999E+01    -1.6181757333151553E-01
 1.7041468749999996E+01    -1.3846434190038032E-01
 1.7104006249999998E+01    -1.1262299775078283E-01
 1.7166543749999999E+01    -8.4616208788899541E-02
 1.7229081249999997E+01    -5.4766978503331371E-02
 1.7291618749999998E+01    -2.3398634401141417E-02
 1.7354156249999999E+01     9.1652017756881678E-03
 1.7416693749999997E+01     4.2600658846498801E-02
 1.7479231249999998E+01     7.6583672694827340E-02
 1.7541768749999999E+01     1.1079005126242902E-01
 1.7604306249999997E+01     1.4489554498283316E-01
 1.7666843749999998E+01     1.7857591974002907E-01
 1.7729381249999999E+01     2.1150702947978411E-01
 1.7791918749999997E+01     2.4336488551869329E-01
 1.7854456249999998E+01     2.7382571940388195E-01
 1.7916993749999996E+01     3.0256603593193865E-01
 1.7979531249999997E+01     3.2926265273272792E-01
 1.8042068749999999E+01     3.5359272277976200E-01
 1.8104606249999996E+01     3.7523373642826030E-01
 1.8167143749999997E+01     3.9386350021182959E-01
 1.8229681249999999E+01     4.0916009071422016E-01
 1.8292218749999996E+01     4.2080178337186963E-01
 1.8354756249999998E+01     4.2846743726028047E-01
 1.8417293749999999E+01     4.3199838161125503E-01
 1.8479831249999997E+01     4.3163410346289299E-01
 1.8542368749999998E+01     4.2767375481757686E-01
 1.8604906249999999E+01     4.2041615136885596E-01
 1.8667443749999997E+01     4.1015970586072215E-01
 1.8729981249999998E+01     3.9720238599255053E-01
 1.8792518749999999E+01     3.8184169700619852E-01
 1.8855056249999997E+01     3.6437468716215160E-01
 1.8917593749999998E+01     3.4509797282769406E-01
 1.8980131249999996E+01     3.2430777894862506E-01
 1.9042668749999997E+01     3.0229999026667548E-01
 1.9105206249999998E+01     2.7937020872259311E-01
 1.9167743749999996E+01     2.5581381295015637E-01
 1.9230281249999997E+01     2.3192601649701491E-01
 1.9292818749999999E+01     2.0800192228029682E-01
 1.9355356249999996E+01     1.8433657168747894E-01
 1.9417893749999998E+01     1.6122498757845866E-01
 1.9480431249999999E+01     1.3896221117160393E-01
 1.9542968749999996E+01     1.1784333336891643E-01
 1.9605506249999998E+01     9.8163521479269072E-02
 1.9668043749999999E+01     8.0218042536239334E-02
 1.9730581249999997E+01     6.4302284492171569E-02
 1.9793118749999998E+01     5.0711776524042323E-02
 1.9855656249999999E+01     3.9742209535026739E-02
 1.9918193749999997E+01     3.1689457706891466E-02
 1.9980731249999998E+01     2.6849601683104719E-02
 2.0043268749999999E+01     2.5507018425139527E-02
 2.0105806249999997E+01     2.7671832364970578E-02
 2.0168343749999998E+01     3.3079933020885056E-02
 2.0230881249999996E+01     4.1455548601994130E-02
 2.0293418749999997E+01     5.2523168879677333E-02
 2.0355956249999998E+01     6.6007531965509014E-02
 2.0418493749999996E+01     8.1633610393999578E-02
 2.0481031249999997E+01     9.9126596319855320E-02
 2.0543568749999999E+01     1.1821188569543999E-01
 2.0606106249999996E+01     1.3861506130580484E-01
 2.0668643749999998E+01     1.6006187451307224E-01
 2.0731181249999999E+01     1.8227822551162881E-01
 2.0793718749999996E+01     2.0499014183637576E-01
 2.0856256249999998E+01     2.2792375481565033E-01
 2.0918793749999999E+01     2.5080527363615818E-01
 2.0981331249999997E+01     2.7336095670570210E-01
 2.1043868749999998E+01     2.9531708007393553E-01
 2.1106406249999999E+01     3.1639990281125469E-01
 2.1168943749999997E+01     3.3633562945467876E-01
 2.1231481249999998E+01     3.5485036990345714E-01
 2.1294018749999996E+01     3.7167009747446472E-01
 2.1356556249999997E+01     3.8652060618719458E-01
 2.1419093749999998E+01     3.9912746871012050E-01
 2.1481631249999996E+01     4.0921599672659109E-01
 2.1544168749999997E+01     4.1651120572492889E-01
 2.1606706249999998E+01     4.2073778633858383E-01
 2.1669243749999996E+01     4.2162008431520526E-01
 2.1731781249999997E+01     4.1893524990824238E-01
 2.1794318749999999E+01     4.1281348345106206E-01
 2.1856856249999996E+01     4.0352882842830839E-01
 2.1919393749999998E+01     3.9135547787770714E-01
 2.1981931249999999E+01     3.7656740425039426E-01
 2.2044468749999997E+01     3.5943841456867076E-01
 2.2107006249999998E+01     3.4024220336411931E-01
 2.2169543749999999E+01     3.1925240145668515E-01
 2.2232081249999997E+01     2.9674261903524074E-01
 2.2294618749999998E+01     2.7298648196019709E-01
 2.2357156249999996E+01     2.4825766068481472E-01
 2.2419693749999997E+01     2.2282989164632322E-01
 2.2482231249999998E+01     1.9697699138248609E-01
 2.2544768749999996E+01     1.7097286396501304E-01
 2.2607306249999997E+01     1.4509150259891113E-01
 2.2669843749999998E+01     1.1960698641476719E-01
 2.2732381249999996E+01     9.4793473582894403E-02
 2.2794918749999997E+01     7.0925191911733271E-02
 2.2857456249999998E+01     4.8276428066555063E-02
 2.2919993749999996E+01     2.7121516466920320E-02
 2.2982531249999997E+01     7.7348288000519370E-03
 2.3045068749999999E+01    -9.6092350721365058E-03
 2.3107606249999996E+01    -2.4636254228087007E-02
 2.3170143749999998E+01    -3.7071791464086082E-02
 2.3232681249999999E+01    -4.6641395628222296E-02
 2.3295218749999997E+01    -5.3070601685044523E-02
 2.3357756249999998E+01    -5.6085345585353358E-02
 2.3420293749999999E+01    -5.5552771352060513E-02
 2.3482831249999997E+01    -5.1686194475227397E-02
 2.3545368749999998E+01    -4.4750984149153288E-02
 2.3607906249999996E+01    -3.5012491203405070E-02
 2.3670443749999997E+01    -2.2736053384794192E-02
 2.3732981249999998E+01    -8.1870034374825189E-03
 2.3795518749999996E+01     8.3693202577435274E-03
 2.3858056249999997E+01     2.6667561102168551E-02
 2.3920593749999998E+01     4.6442330711786162E-02
 2.3983131249999996E+01     6.7428195613308206E-02
 2.4045668749999997E+01     8.9359665690754542E-02
 2.4108206249999999E+01     1.1197118603685660E-01
 2.4170743749999996E+01     1.3499713393974067E-01
 2.4233281249999997E+01     1.5817182269678012E-01
 2.4295818749999999E+01     1.8122951376913354E-01
 2.4358356249999996E+01     2.0390443845011866E-01
 2.4420893749999998E+01     2.2593082970430242E-01
 2.4483431249999999E+01     2.4704296414313348E-01
 2.4545968749999997E+01     2.6697521325893636E-01
 2.4608506249999998E+01     2.8546210208974820E-01
 2.4671043749999995E+01     3.0223837250818952E-01
 2.4733581249999997E+01     3.1703904741888211E-01
 2.4796118749999998E+01     3.2959949142866235E-01
 2.4858656249999996E+01     3.3965546314450146E-01
 2.4921193749999997E+01     3.4694315426410893E-01
 2.4983731249999998E+01     3.5119921112963592E-01
 2.5046268749999996E+01     3.5217141559375453E-01
 2.5108806249999997E+01     3.4985362612001980E-01
 2.5171343749999998E+01     3.4448572496128599E-01
 2.5233881249999996E+01     3.3631856906573077E-01
 2.5296418749999997E+01     3.2560320799712450E-01
 2.5358956249999999E+01     3.1259078196876261E-01
 2.5421493749999996E+01     2.9753242678857705E-01
 2.5484031249999997E+01     2.8067919092844640E-01
 2.5546568749999999E+01     2.6228196829956796E-01
 2.5609106249999996E+01     2.4259144865150448E-01
 2.5671643749999998E+01     2.2185808599355133E-01
 2.5734181249999999E+01     2.0033208417733833E-01
 2.5796718749999997E+01     1.7826339782844414E-01
 2.5859256249999998E+01     1.5590174616770447E-01
 2.5921793749999996E+01     1.3349663687741889E-01
 2.5984331249999997E+01     1.1129739698273922E-01
 2.6046868749999998E+01     8.9553207671515742E-02
 2.6109406249999996E+01     6.8513140015984034E-02
 2.6171943749999997E+01     4.8426188657062767E-02
 2.6234481249999998E+01     2.9541300660598808E-02
 2.6297018749999996E+01     1.2107396970369640E-02
 2.6359556249999997E+01    -3.6266158039299115E-03
 2.6422093749999998E+01    -1.7411845078781518E-02
 2.6484631249999996E+01    -2.8999424676530602E-02
 2.6547168749999997E+01    -3.8140540324857329E-02
 2.6609706249999999E+01    -4.4586467789091921E-02
 2.6672243749999996E+01    -4.8088622146905187E-02
 2.6734781249999997E+01    -4.8440616924965894E-02
 2.6797318749999999E+01    -4.5715548241608485E-02
 2.6859856249999996E+01    -4.0100725338764201E-02
 2.6922393749999998E+01    -3.1784122057879637E-02
 2.6984931249999995E+01    -2.0954046593419512E-02
 2.7047468749999997E+01    -7.7991343953439148E-03
 2.7110006249999998E+01     7.4916711378812386E-03
 2.7172543749999996E+01     2.4729148768311886E-02
 2.7235081249999997E+01     4.3723838541028022E-02
 2.7297618749999998E+01     6.4286088108300707E-02
 2.7360156249999996E+01     8.6226104701287429E-02
 2.7422693749999997E+01     1.0935401162551540E-01
 2.7485231249999998E+01     1.3347990863644563E-01
 2.7547768749999996E+01     1.5841393595792319E-01
 2.7610306249999997E+01     1.8396634192879213E-01
 2.7672843749999998E+01     2.0994755421439129E-01
 2.7735381249999996E+01     2.3616825414520792E-01
 2.7797918749999997E+01     2.6243945302985949E-01
 2.7860456249999999E+01     2.8857256826675665E-01
 2.7922993749999996E+01     3.1437949583432162E-01
 2.7985531249999998E+01     3.3967267441468962E-01
 2.8048068749999995E+01     3.6426513519288489E-01
 2.8110606249999996E+01     3.8797053050185643E-01
 2.8173143749999998E+01     4.1060313419378647E-01
 2.8235681249999995E+01     4.3197780712403544E-01
 2.8298218749999997E+01     4.5190992257685192E-01
 2.8360756249999998E+01     4.7021542244098280E-01
 2.8423293749999996E+01     4.8676932679358631E-01
 2.8485831249999997E+01     5.0159093949089473E-01
 2.8548368749999998E+01     5.1472109475187910E-01
 2.8610906249999996E+01     5.2620026406699383E-01
 2.8673443749999997E+01     5.3606838318486216E-01
 2.8735981249999998E+01     5.4436471028156841E-01
 2.8798518749999996E+01     5.5112772154966150E-01
 2.8861056249999997E+01     5.5639504764095860E-01
 2.8923593749999998E+01     5.6020345172565267E-01
 2.8986131249999996E+01     5.6258884765656569E-01
 2.9048668749999997E+01     5.6358635500461551E-01
 2.9111206249999999E+01     5.6323038659346303E-01
 2.9173743749999996E+01     5.6155476353783051E-01
 2.9236281249999998E+01     5.5859285253914404E-01
 2.9298818749999995E+01     5.5437772013930253E-01
 2.9361356249999996E+01     5.4894229861207711E-01
 2.9423893749999998E+01     5.4231955805751386E-01
 2.9486431249999995E+01     5.3454267900097618E-01
 2.9548968749999997E+01     5.2564521940594344E-01
 2.9611506249999998E+01     5.1566126958487768E-01
 2.9674043749999996E+01     5.0462558818978032E-01
 2.9736581249999997E+01     4.9257371246753473E-01
 2.9799118749999998E+01     4.7954203645182331E-01
 2.9861656249999996E+01     4.6556785186388233E-01
 2.9924193749999997E+01     4.5068934825818957E-01
 2.9986731249999998E+01     4.3494557132053147E-01
 3.0049268749999996E+01     4.1837756560052841E-01
 3.0111806249999997E+01     4.0105519702368719E-01
 3.0174343749999998E+01     3.8307699329761724E-01
 3.0236881249999996E+01     3.6454300631471093E-01
 3.0299418749999997E+01     3.4555338726213375E-01
 3.0361956249999995E+01     3.2620821051088406E-01
 3.0424493749999996E+01     3.0660732956556080E-01
 3.0487031249999998E+01     2.8685026869835173E-01
 3.0549568749999995E+01     2.6703615061153657E-01
 3.0612106249999997E+01     2.4726365777548126E-01
 3.0674643749999998E+01     2.2763102315245975E-01
 3.0737181249999995E+01     2.0823604488280203E-01
 3.0799718749999997E+01     1.8917611911087789E-01
 3.0862256249999998E+01     1.7054828532266439E-01
 3.0924793749999996E+01     1.5244927917685239E-01
 3.0987331249999997E+01     1.3497558865712045E-01
 3.1049868749999998E+01     1.1822351029403819E-01
 3.1112406249999996E+01     1.0228920307529044E-01
 3.1174943749999997E+01     8.7268738397201673E-02
 3.1237481249999998E+01     7.3258144963404728E-02
 3.1300018749999996E+01     6.0353447898401538E-02
 3.1362556249999997E+01     4.8650701534793124E-02
 3.1425093749999998E+01     3.8246015395671538E-02
 3.1487631249999996E+01     2.9235572885835174E-02
 3.1550168749999997E+01     2.1715642192461151E-02
 3.1612706249999995E+01     1.5782578942261479E-02
 3.1675243749999996E+01     1.1532820323637538E-02
 3.1737781249999998E+01     9.0392181927840577E-03
 3.1800318749999995E+01     8.2174274473400793E-03
 3.1862856249999997E+01     8.9189745954357559E-03
 3.1925393749999998E+01     1.0995185444459129E-02
 3.1987931249999995E+01     1.4297347938111616E-02
 3.2050468750000000E+01     1.8676689999324463E-02
 3.2113006249999998E+01     2.3984363002244043E-02
 3.2175543750000003E+01     3.0071431733310009E-02
 3.2238081250000000E+01     3.6788871158413332E-02
 3.2300618749999998E+01     4.3987569809369895E-02
 3.2363156250000003E+01     5.1518339170933194E-02
 3.2425693750000001E+01     5.9231928111018489E-02
 3.2488231249999998E+01     6.6979041160679764E-02
 3.2550768750000003E+01     7.4610359314140395E-02
 3.2613306250000001E+01     8.1976561971726633E-02
 3.2675843749999999E+01     8.8928348673775318E-02
 3.2738381250000003E+01     9.5316459354335512E-02
 3.2800918750000001E+01     1.0099169196479896E-01
 3.2863456249999999E+01     1.0580491646842342E-01
 3.2925993750000004E+01     1.0960708438082438E-01
 3.2988531250000001E+01     1.1224923322689886E-01
 3.3051068749999999E+01     1.1358248550146909E-01
 3.3113606250000004E+01     1.1345804195947373E-01
 3.3176143750000001E+01     1.1172716931930692E-01
 3.3238681249999999E+01     1.0824118273238068E-01
 3.3301218749999997E+01     1.0285142363933115E-01
 3.3363756250000002E+01     9.5409485681375417E-02
 3.3426293749999999E+01     8.5852295537864401E-02
 3.3488831249999997E+01     7.4325971494694928E-02
 3.3551368750000002E+01     6.1008028123984599E-02
 3.3613906249999999E+01     4.6075886686511060E-02
 3.3676443749999997E+01     2.9706866603605116E-02
 3.3738981250000002E+01     1.2078181735219438E-02
 3.3801518750000000E+01    -6.6330592270818414E-03
 3.3864056249999997E+01    -2.6249849072436396E-02
 3.3926593750000002E+01    -4.6595275904474404E-02
 3.3989131250000000E+01    -6.7492515196395125E-02
 3.4051668749999997E+01    -8.8764820566710312E-02
 3.4114206250000002E+01    -1.1023551352376521E-01
 3.4176743750000000E+01    -1.3172797216032997E-01
 3.4239281249999998E+01    -1.5306561853161327E-01
 3.4301818750000002E+01    -1.7407190425311470E-01
 3.4364356250000000E+01    -1.9457029373729207E-01
 3.4426893749999998E+01    -2.1438424447300719E-01
 3.4489431250000003E+01    -2.3333718385564700E-01
 3.4551968750000000E+01    -2.5125248230709396E-01
 3.4614506249999998E+01    -2.6795342278085021E-01
 3.4677043750000003E+01    -2.8326316721348338E-01
 3.4739581250000001E+01    -2.9700472102934533E-01
 3.4802118749999998E+01    -3.0900089738515801E-01
 3.4864656250000003E+01    -3.1907428339354182E-01
 3.4927193750000001E+01    -3.2704721101729373E-01
 3.4989731249999998E+01    -3.3274173560118536E-01
 3.5052268750000003E+01    -3.3598563335373455E-01
 3.5114806250000001E+01    -3.3674458700197979E-01
 3.5177343749999999E+01    -3.3512220527265668E-01
 3.5239881250000003E+01    -3.3122787634472800E-01
 3.5302418750000001E+01    -3.2517080768001511E-01
 3.5364956249999999E+01    -3.1706008111793038E-01
 3.5427493750000004E+01    -3.0700471221807890E-01
 3.5490031250000001E+01    -2.9511371100501993E-01
 3.5552568749999999E+01    -2.8149614125315431E-01
 3.5615106249999997E+01    -2.6626117565253488E-01
 3.5677643750000001E+01    -2.4951814458442456E-01
 3.5740181249999999E+01    -2.3137657675916484E-01
 3.5802718749999997E+01    -2.1194623057025005E-01
 3.5865256250000002E+01    -1.9133711563837319E-01
 3.5927793749999999E+01    -1.6965950460345475E-01
 3.5990331249999997E+01    -1.4702393572770037E-01
 3.6052868750000002E+01    -1.2354120726818983E-01
 3.6115406249999999E+01    -9.9322364847265435E-02
 3.6177943749999997E+01    -7.4478683191004189E-02
 3.6240481250000002E+01    -4.9121643629879239E-02
 3.6303018750000000E+01    -2.3362908679436373E-02
 3.6365556249999997E+01     2.6857051335139560E-03
 3.6428093750000002E+01     2.8912255235789688E-02
 3.6490631250000000E+01     5.5204701026629270E-02
 3.6553168749999998E+01     8.1450931439828705E-02
 3.6615706250000002E+01     1.0753879174610835E-01
 3.6678243750000000E+01     1.3335610946607374E-01
 3.6740781249999998E+01     1.5879261404266032E-01
 3.6803318750000003E+01     1.8375066200156775E-01
 3.6865856250000000E+01     2.0813780285728919E-01
 3.6928393749999998E+01     2.3186167836903118E-01
 3.6990931250000003E+01     2.5483002920180231E-01
 3.7053468750000000E+01     2.7695071623724421E-01
 3.7116006249999998E+01     2.9813174123119229E-01
 3.7178543750000003E+01     3.1828126653119643E-01
 3.7241081250000001E+01     3.3730763341725650E-01
 3.7303618749999998E+01     3.5511937848166841E-01
 3.7366156250000003E+01     3.7162524733266522E-01
 3.7428693750000001E+01     3.8673420480615933E-01
 3.7491231249999998E+01     4.0035544081504765E-01
 3.7553768750000003E+01     4.1239837097034671E-01
 3.7616306250000001E+01     4.2277263118514524E-01
 3.7678843749999999E+01     4.3138806562940119E-01
 3.7741381250000003E+01     4.3815470764412345E-01
 3.7803918750000001E+01     4.4298275354405958E-01
 3.7866456249999999E+01     4.4578252962687737E-01
 3.7928993749999997E+01     4.4646445314379429E-01
 3.7991531250000001E+01     4.4493898844333324E-01
 3.8054068749999999E+01     4.4111659994105229E-01
 3.8116606249999997E+01     4.3490770395423906E-01
 3.8179143750000001E+01     4.2622262173144415E-01
 3.8241681249999999E+01     4.1497153616569366E-01
 3.8304218749999997E+01     4.0106445467855695E-01
 3.8366756250000002E+01     3.8441144634556546E-01
 3.8429293749999999E+01     3.6501245129193322E-01
 3.8491831249999997E+01     3.4308802995920173E-01
 3.8554368750000002E+01     3.1889174408237991E-01
 3.8616906250000000E+01     2.9267695910617331E-01
 3.8679443749999997E+01     2.6469687683540660E-01
 3.8741981250000002E+01     2.3520457505436684E-01
 3.8804518750000000E+01     2.0445305114913315E-01
 3.8867056249999997E+01     1.7269526678608088E-01
 3.8929593750000002E+01     1.4018419089762477E-01
 3.8992131250000000E+01     1.0717283856017998E-01
 3.9054668749999998E+01     7.3914303774912635E-02
 3.9117206250000002E+01     4.0661784637775748E-02
 3.9179743750000000E+01     7.6685998771625690E-03
 3.9242281249999998E+01    -2.4811803779785032E-02
 3.9304818750000003E+01    -5.6525853494029416E-02
 3.9367356250000000E+01    -8.7219861114289074E-02
 3.9429893749999998E+01    -1.1664004216580842E-01
 3.9492431250000003E+01    -1.4453254196212270E-01
 3.9554968750000000E+01    -1.7064346747486578E-01
 3.9617506249999998E+01    -1.9471892334593016E-01
 3.9680043750000003E+01    -2.1650505023185179E-01
 3.9742581250000001E+01    -2.3574806354387076E-01
 3.9805118749999998E+01    -2.5219429060215037E-01
 3.9867656250000003E+01    -2.6559020427302293E-01
 3.9930193750000001E+01    -2.7568245131568370E-01
 3.9992731249999999E+01    -2.8221787393577541E-01
 4.0055268750000003E+01    -2.8495378129804416E-01
 4.0117806250000001E+01    -2.8388362764839298E-01
 4.0180343749999999E+01    -2.7923700549636538E-01
 4.0242881249999996E+01    -2.7125395190590679E-01
 4.0305418750000001E+01    -2.6017466135657225E-01
 4.0367956249999999E+01    -2.4623945322657720E-01
 4.0430493749999997E+01    -2.2968873843603579E-01
 4.0493031250000001E+01    -2.1076298730919238E-01
 4.0555568749999999E+01    -1.8970270039566625E-01
 4.0618106249999997E+01    -1.6674838360186287E-01
 4.0680643750000002E+01    -1.4214052855969764E-01
 4.0743181249999999E+01    -1.1611959873222680E-01
 4.0805718749999997E+01    -8.8926021351097798E-02
 4.0868256250000002E+01    -6.0800184918295398E-02
 4.0930793749999999E+01    -3.1982441696399584E-02
 4.0993331249999997E+01    -2.7131143634170369E-03
 4.1055868750000002E+01     2.6767494179176909E-02
 4.1118406250000000E+01     5.6219088986285887E-02
 4.1180943749999997E+01     8.5401370454368603E-02
 4.1243481250000002E+01     1.1407402215699386E-01
 4.1306018750000000E+01     1.4199670035884937E-01
 4.1368556249999997E+01     1.6892902637674992E-01
 4.1431093750000002E+01     1.9463058285491674E-01
 4.1493631250000000E+01     2.1886091487866621E-01
 4.1556168749999998E+01     2.4137953666469078E-01
 4.1618706250000002E+01     2.6194594433750951E-01
 4.1681243750000000E+01     2.8031963503274382E-01
 4.1743781249999998E+01     2.9629622756262775E-01
 4.1806318750000003E+01     3.0991135917996060E-01
 4.1868856250000000E+01     3.2129864414516174E-01
 4.1931393749999998E+01     3.3059209678692086E-01
 4.1993931250000003E+01     3.3792586486324305E-01
 4.2056468750000001E+01     3.4343424983379744E-01
 4.2119006249999998E+01     3.4725172450228603E-01
 4.2181543750000003E+01     3.4951294740308292E-01
 4.2244081250000001E+01     3.5035277346589910E-01
 4.2306618749999998E+01     3.4990626064734764E-01
 4.2369156249999996E+01     3.4830867236451629E-01
 4.2431693750000001E+01     3.4569547569959147E-01
 4.2494231249999999E+01     3.4220233546388179E-01
 4.2556768749999996E+01     3.3796510431296017E-01
 4.2619306250000001E+01     3.3311980919181139E-01
 4.2681843749999999E+01     3.2780263446026803E-01
 4.2744381249999996E+01     3.2214990210573763E-01
 4.2806918750000001E+01     3.1629804949357726E-01
 4.2869456249999999E+01     3.1038360513706187E-01
 4.2931993749999997E+01     3.0454316299008583E-01
 4.2994531250000001E+01     2.9891335577774442E-01
 4.3057068749999999E+01     2.9363082788349631E-01
 4.3119606249999997E+01     2.8883220830704054E-01
 4.3182143750000002E+01     2.8465408419411664E-01
 4.3244681249999999E+01     2.8123297541747050E-01
 4.3307218749999997E+01     2.7870531065619081E-01
 4.3369756250000002E+01     2.7720722766228062E-01
 4.3432293749999999E+01     2.7681448580671214E-01
 4.3494831249999997E+01     2.7745501460087962E-01
 4.3557368750000002E+01     2.7903437257768321E-01
 4.3619906250000000E+01     2.8145795960306186E-01
 4.3682443749999997E+01     2.8463101634178900E-01
 4.3744981250000002E+01     2.8845862463364474E-01
 4.3807518750000000E+01     2.9284570881360145E-01
 4.3870056249999998E+01     2.9769703805022807E-01
 4.3932593750000002E+01     3.0291722981092584E-01
 4.3995131250000000E+01     3.0841075458835077E-01
 4.4057668749999998E+01     3.1408194203655521E-01
 4.4120206250000003E+01     3.1983498866540822E-01
 4.4182743750000000E+01     3.2557396722579512E-01
 4.4245281249999998E+01     3.3120283788476385E-01
 4.4307818750000003E+01     3.3662546123912812E-01
 4.4370356250000000E+01     3.4174561314941321E-01
 4.4432893749999998E+01     3.4646700129602531E-01
 4.4495431250000003E+01     3.5069328327003840E-01
 4.4557968750000001E+01     3.5432808591721421E-01
 4.4620506249999998E+01     3.5727502556170987E-01
 4.4683043749999996E+01     3.5943772865186213E-01
 4.4745581250000001E+01     3.6071985230101267E-01
 4.4808118749999998E+01     3.6102510414762157E-01
 4.4870656249999996E+01     3.6025726093598648E-01
 4.4933193750000001E+01     3.5832018522536152E-01
 4.4995731249999999E+01     3.5511783967307253E-01
 4.5058268749999996E+01     3.5055821039314239E-01
 4.5120806250000001E+01     3.4463937871264477E-01
 4.5183343749999999E+01     3.3744952483458107E-01
 4.5245881249999996E+01     3.2908086257443914E-01
 4.5308418750000001E+01     3.1962572152906055E-01
 4.5370956249999999E+01     3.0917653810394841E-01
 4.5433493749999997E+01     2.9782584397911160E-01
 4.5496031250000001E+01     2.8566625263137796E-01
 4.5558568749999999E+01     2.7279044457083246E-01
 4.5621106249999997E+01     2.5929115194822250E-01
 4.5683643750000002E+01     2.4526114315491065E-01
 4.5746181249999999E+01     2.3079320797467748E-01
 4.5808718749999997E+01     2.1598014376533486E-01
 4.5871256250000002E+01     2.0091474305543516E-01
 4.5933793750000000E+01     1.8568978284406662E-01
 4.5996331249999997E+01     1.7039801579563665E-01
 4.6058868750000002E+01     1.5513216343097608E-01
 4.6121406250000000E+01     1.3998491133386906E-01
 4.6183943749999997E+01     1.2504890632003268E-01
 4.6246481250000002E+01     1.1041675545420176E-01
 4.6309018750000000E+01     9.6181026750006240E-02
 4.6371556249999998E+01     8.2434251346147208E-02
 4.6434093750000002E+01     6.9268926920021970E-02
 4.6496631250000000E+01     5.6777522075339620E-02
 4.6559168749999998E+01     4.5052481422831310E-02
 4.6621706250000003E+01     3.4186231062532858E-02
 4.6684243750000000E+01     2.4271184172315677E-02
 4.6746781249999998E+01     1.5386986362823983E-02
 4.6809318750000003E+01     7.5284518531880309E-03
 4.6871856250000000E+01     6.5579115531889118E-04
 4.6934393749999998E+01    -5.2708825945341608E-03
 4.6996931249999996E+01    -1.0291449321643994E-02
 4.7059468750000001E+01    -1.4445780627994759E-02
 4.7122006249999998E+01    -1.7773739184172601E-02
 4.7184543749999996E+01    -2.0315178812315905E-02
 4.7247081250000001E+01    -2.2109945163786431E-02
 4.7309618749999998E+01    -2.3197876887393640E-02
 4.7372156249999996E+01    -2.3618807178999709E-02
 4.7434693750000001E+01    -2.3412565601163757E-02
 4.7497231249999999E+01    -2.2618980062105901E-02
 4.7559768749999996E+01    -2.1277878846549185E-02
 4.7622306250000001E+01    -1.9429092596776085E-02
 4.7684843749999999E+01    -1.7112456150298043E-02
 4.7747381249999997E+01    -1.4367810150602326E-02
 4.7809918750000001E+01    -1.1235002359236950E-02
 4.7872456249999999E+01    -7.7538886106786409E-03
 4.7934993749999997E+01    -3.9643333656875787E-03
 4.7997531250000002E+01     9.3790166122765238E-05
 4.8060068749999999E+01     4.3806003483343051E-03
 4.8122606249999997E+01     8.8562078826397283E-03
 4.8185143750000002E+01     1.3480716999420050E-02
 4.8247681249999999E+01     1.8214227041756050E-02
 4.8310218749999997E+01     2.3016834396273163E-02
 4.8372756250000002E+01     2.7848634710725437E-02
 4.8435293750000000E+01     3.2669725325894364E-02
 4.8497831249999997E+01     3.7440207838403620E-02
 4.8560368750000002E+01     4.2120190701674574E-02
 4.8622906250000000E+01     4.6669791764764254E-02
 4.8685443749999997E+01     5.1049140643460222E-02
 4.8747981250000002E+01     5.5218380815025489E-02
 4.8810518750000000E+01     5.9137671327709820E-02
 4.8873056249999998E+01     6.2767188018809095E-02
 4.8935593750000002E+01     6.6067124140918740E-02
 4.8998131250000000E+01     6.8997690305368342E-02
 4.9060668749999998E+01     7.1412488986410186E-02
 4.9123206250000003E+01     7.2617906934823145E-02
 4.9185743750000000E+01     7.2524027457646578E-02
 4.9248281249999998E+01     7.1221270677888138E-02
 4.9310818749999996E+01     6.8850464978533671E-02
 4.9373356250000001E+01     6.5581732792993758E-02
 4.9435893749999998E+01     6.1590574039038767E-02
 4.9498431249999996E+01     5.7034593978211506E-02
 4.9560968750000001E+01     5.2034186823774073E-02
 4.9623506249999998E+01     4.6659803985085742E-02
 4.9686043749999996E+01     4.0927330193369575E-02
 4.9748581250000001E+01     3.4801763720176973E-02
 4.9811118749999999E+01     2.8208081807961721E-02
 4.9873656249999996E+01     2.1047085449002363E-02
 4.9936193750000001E+01     1.3213320561397636E-02
 4.9998731249999999E+01     4.6119537476369335E-03
